0,573.42,749.82,892.43,657.84,530.2,935.37,1723.2,660.93
0.1,581.26,746.39,886.27,653.9,543.73,909.12,1676,659.17
0.2,589.1,742.96,880.1,649.96,557.25,882.88,1628.8,657.42
0.3,580.5,733.49,886.5,642.24,567.62,853.71,1639.8,644.87
0.4,571.89,724.01,892.92,634.51,577.98,824.52,1650.9,632.3
0.5,578.09,734.4,884.51,640.44,598.77,829.93,1636.1,648.9
0.6,584.35,744.85,876.05,646.41,619.6,835.45,1621.3,665.58
0.7,587.46,745.3,882.5,642.69,627.24,855.93,1628.4,658.98
0.8,590.55,745.7,889.02,638.92,634.81,876.48,1635.6,652.25
0.9,593,747.34,892.84,639.68,612.16,890.69,1632.7,668.85
1,595.44,748.99,896.64,640.47,589.32,904.86,1629.8,685.58
1.1,595.82,742.88,891.97,643.1,575.49,896.52,1631.2,676.82
1.2,596.18,736.71,887.23,645.74,561.74,888,1632.6,667.84
1.3,592.76,737.78,892.54,655.65,572.54,879.68,1636.2,673.88
1.4,589.3,738.91,897.93,665.64,583.56,871.38,1639.8,680.06
1.5,594.24,744.79,886.95,662.65,581.91,882.46,1644.2,682.24
1.6,599.26,750.72,875.78,659.51,580.13,893.76,1648.7,684.37
1.7,604.46,759.33,871.41,652.68,589.63,905.23,1621.8,668.14
1.8,609.66,767.98,867.12,645.81,599.28,916.71,1594.6,651.69
1.9,603.59,766.41,880,654.4,598.45,925.96,1623,653.05
2,597.36,764.69,893.12,663.22,597.48,935.18,1652.3,654.67
2.1,593.2,749.46,886.18,662.21,568.01,911.87,1640.1,649.48
2.2,589.07,734.03,878.94,661.06,538.11,888.06,1627.2,644.19
2.3,585.79,735.96,881.42,673.46,536.31,865.83,1628.8,647.7
2.4,582.54,738.2,884.07,686.1,535,843.63,1630.6,651.37
2.5,588.07,750.82,883.11,672.25,538.29,840.77,1642.7,637.39
2.6,593.76,763.65,882.08,657.88,541.66,838.3,1655,623.07
2.7,594.9,756.53,882.74,657.26,518.1,835.97,1669.5,643.12
2.8,595.93,749.01,883.43,656.91,493.98,833.65,1684.1,663.88
2.9,582.22,745.42,885.31,661.63,468.63,842.86,1716.3,664.97
3,568.18,741.92,887.22,666.47,443.26,852.33,1748.9,665.62
3.1,567.18,744.93,881.7,669.15,435.36,840.92,1772.4,674.54
3.2,566.49,748.09,876.01,671.78,427.87,829.01,1795.6,683.65
3.3,571.99,739.78,888.87,666.93,435.8,828.09,1752,677.72
3.4,577.65,731.17,902.22,661.88,444.12,827.46,1706.6,671.4
3.5,578.41,739.38,899.11,656.88,451.82,841.81,1668.7,649.49
3.6,579.03,748.05,895.57,651.89,459.49,856.57,1631,627.17
3.7,589.42,758.99,893.38,648.32,447.07,841.21,1613.2,638.54
3.8,600.08,769.99,891.23,644.8,434.08,824.99,1595.9,650.88
3.9,590.78,753.27,886.74,645.1,445.73,846.45,1598.8,639.6
4,580.85,735.69,882.19,645.53,458.14,869.08,1602.4,627.59
4.1,577.88,730.54,879.35,655.14,464.87,886.12,1579.5,629.38
4.2,575.13,725.8,876.58,665.04,471.42,902.98,1555.7,631.6
4.3,580.04,739.1,871,662.15,498.94,925.62,1562.5,624.36
4.4,585.21,753.03,865.33,658.83,527.17,948.46,1570.3,616.79
4.5,586.27,741.65,873.44,650.13,557.93,980.16,1565.2,606.55
4.6,587.19,729.39,882.04,641.25,588.77,1012.2,1559.7,596.21
4.7,592.47,736.65,886.67,640.94,584.72,1012.4,1531.6,599.74
4.8,597.91,744.64,891.15,640.95,579.38,1011.4,1502.7,603.78
4.9,592.75,741.31,885.23,641.84,558.34,993.55,1489,580.33
5,587.18,737.55,878.9,642.77,536.7,975.07,1475.9,555.83
5.1,587.14,743.46,885.66,651.01,534.77,964.94,1475.3,567.87
5.2,587.31,749.76,892.96,659.54,533.63,955.16,1475.2,581.39
5.3,584.35,758.53,881.52,652.58,528.64,916.24,1473.2,589.64
5.4,581.25,767.41,869.29,644.96,523.49,876.08,1471.1,597.67
5.5,583.43,759.88,872.59,650.5,516.81,837.67,1463.3,598.35
5.6,585.84,751.62,876.58,656.61,510.05,799.33,1455.3,598.7
5.7,583.83,741.48,874.47,649.13,494.24,789.98,1429.5,589.22
5.8,581.62,731.26,872.07,641.03,478.02,781.96,1402.9,579.29
5.9,579.34,737.03,870.78,651.64,497.78,780.39,1371.7,576.31
6,577.07,743.56,869.53,663.13,519.23,779.14,1340.3,573.67
6.1,580.17,742.66,876.47,644.5,496.2,767.63,1321.9,562.85
6.2,583.53,741.39,883.81,624.38,470.98,755.62,1304.1,551.62
6.3,580.67,737.21,876.45,642.96,475.82,725.33,1322.4,549.15
6.4,577.5,732.89,868.35,663.48,482.16,694.11,1342.6,547.12
6.5,579.82,739.29,868.31,658.95,472.31,696.94,1358.5,558.83
6.6,582.42,746.26,868.69,653.1,461.61,701.55,1374.1,571.26
6.7,578.62,755.28,867.05,657.04,474.03,710.86,1359.2,567.6
6.8,574.47,764.42,865.3,661.52,487.73,720.43,1342.6,563.06
6.9,582.48,756.13,871.63,651.89,489.93,707.78,1323.7,554.86
7,591.17,746.87,878.41,641.47,491.5,693.88,1304.7,546.46
7.1,590.09,733.35,875.26,647.3,482.3,684.52,1296.2,546.13
7.2,588.45,719.6,871.53,654.08,472.48,675.42,1288.3,546.27
7.3,591.64,731.03,866.57,659.64,466.29,682.69,1245.7,541.17
7.4,595.13,743.95,861.53,665.12,460.32,690.94,1201,535.76
7.5,589.41,747.76,858.29,662.06,463.11,679.72,1200.6,533.44
7.6,583.13,751,855.17,658.46,466.44,667.29,1202.8,531.32
7.7,580.65,746.57,853.82,651.71,453.13,652.84,1199.4,527.45
7.8,578.42,741.65,852.58,644.75,438.79,638.26,1195.5,523.47
7.9,581.3,738.19,857.69,635.86,432.15,633.56,1186.4,524.57
8,584.5,734.83,863.22,626.84,426.02,629.5,1176.8,526
8.1,583.93,733.48,853.95,634.38,409.4,621.22,1169.1,517.86
8.2,583.11,732.25,843.7,643.03,392.1,612.66,1161.5,509.09
8.3,588.98,734.17,850.57,635.23,407.98,614.01,1156.2,506.74
8.4,595.31,736.3,858.61,626.32,426.13,616.04,1151,504.83
8.5,588.82,737.31,863.51,644.25,438.73,610.76,1138.3,500.9
8.6,581.43,738.25,868.18,664.07,450.94,604.96,1125,496.83
8.7,583.62,742.62,866.81,655.93,457.97,619.84,1138,501.14
8.8,586.5,747.24,865.01,645.79,464.63,636.2,1152.9,506.04
8.9,586.57,753.62,870.49,644.13,463.54,651.78,1193.7,516.38
9,586.42,760.14,876.54,643.13,461.85,667.29,1236.5,527.13
9.1,589.04,754.57,878.86,639.93,499.83,712.62,1241.3,526.16
9.2,591.88,748.06,880.9,636.56,540.88,760.26,1243.2,524.29
9.3,583.37,745.41,877.5,637.21,528.48,805.95,1268.4,529.14
9.4,573.98,743.06,873.68,638.16,511.95,851.49,1295.4,534.51
9.5,579.56,745.33,878.89,644.28,506.85,853.17,1342.7,548.59
9.6,586.3,747.96,884.81,650.79,502.64,851.46,1391.5,563.35
9.7,585.01,747.14,881.27,640.79,512.62,848.18,1393.8,568.89
9.8,583.09,746.06,877.01,629.51,523.71,844.78,1392.5,573.71
9.9,581.44,746.46,882.98,630.58,525.59,835.99,1400.9,564.51
10,579.81,746.98,889.74,632.6,526.75,826.78,1410.1,554.22
10.1,582.61,747.01,886.89,641.47,505.68,811.48,1409.2,552.92
10.2,585.8,747,883.18,650.96,482.62,795.64,1407.4,552.42
10.3,595.02,743.41,876.44,643.34,457.51,810.27,1485.3,566.84
10.4,604.78,739.5,869.43,634.2,432.22,827.61,1570.4,582.59
10.5,594.86,741.29,879.86,637.63,410.85,830.11,1622.1,601.98
10.6,583.18,743.58,891.86,642.18,389.84,831.28,1670.9,621.68
10.7,582.02,747.02,883.38,647.83,393.23,855.81,1660.9,621.22
10.8,581.8,750.55,873.08,653.58,398.79,882.42,1645.6,618.94
10.9,570.54,744.21,874.69,654.63,415.52,890.75,1634.4,624.18
11,558.3,736.99,877.36,655.26,433.24,897.45,1623.5,630.09
11.1,562.65,745.36,880.03,654.48,444.98,887.4,1594.9,635
11.2,568.47,755.13,882.7,653.58,456.19,875.86,1564.7,639.82
11.3,579.55,750.24,881.19,647.15,453.44,894.35,1561,630.1
11.4,591.16,743.87,879.26,640.16,449.28,915.89,1560,618.92
11.5,589.32,741.55,876.21,645.96,456.09,920.64,1592.4,618.38
11.6,586.12,739.64,873.05,653.06,464.02,923.7,1628.3,618.91
11.7,589.49,746.01,871.81,650.02,473.39,949.69,1622.1,611.07
11.8,593.53,753.21,870.75,645.95,482.91,978,1611.7,602.37
11.9,594.78,760.18,871.99,650.61,482.13,983.54,1600.7,600.4
12,595.75,767.12,873.46,656.15,480.31,986.77,1589.6,599.12
12.1,587.21,758.57,873.71,646.42,490.55,972.85,1569.9,598.14
12.2,577.7,748.46,873.84,635.15,502.02,957.19,1549.3,597.21
12.3,578.68,744.88,873.47,628.79,531.37,970.05,1524,588.09
12.4,580.73,741.96,873.05,622.94,562.52,985.8,1498.3,578.15
12.5,578.2,746.42,874.99,636.45,558.82,961.04,1496.6,581.71
12.6,575.21,751.64,877.17,651.92,551.59,932.18,1497.3,586.64
12.7,572.6,747.9,884.45,660.25,533.6,916.92,1502,587.56
12.8,570.02,743.15,892.31,667.78,514.39,903.19,1507.1,588.01
12.9,576.1,748.69,889.61,655.36,496.33,895.27,1540.6,608.57
13,583.17,755.39,885.71,640.69,478.41,888,1577.3,631.41
13.1,577.77,746.25,887.91,636.66,449.6,887.78,1622.1,630.65
13.2,570.96,735.3,890.8,633.85,419.56,888.37,1667.8,627.21
13.3,576.05,742.7,881.85,638.7,413.45,878.63,1669.8,626.87
13.4,582.48,752.18,871.55,644.42,410.06,867.72,1667,626.89
13.5,587.89,756.22,879.95,644.5,407.76,867.79,1674.2,634.43
13.6,593.19,759.65,890.48,643.93,405.58,869.11,1682.6,642.82
13.7,588.35,756.86,884.21,641.27,426.73,892.15,1660,636.89
13.8,582.34,753.36,876.04,638.37,450.54,917.65,1633.8,629.32
13.9,577.92,745.83,874.04,636.31,471.57,928.93,1610.2,619.96
14,573.69,737.79,872.82,634.35,492.26,938.41,1586.9,610.37
14.1,567.53,736.93,878.32,639.08,494.14,916.74,1598.7,605.69
14.2,561.13,736.98,884.67,644.66,493.64,891.15,1615.1,601.64
14.3,568.95,739,879.57,636.69,475.78,878.47,1650.8,605.57
14.4,578.57,741.26,873.02,627.01,455.72,867.42,1688.9,610.51
14.5,585.38,740.91,869.36,634.46,442.87,882.62,1678,611.62
14.6,591.84,740.22,866.06,644.07,430.93,901.13,1660.8,612.25
14.7,579.6,743.5,876.58,640.1,442.76,922.57,1645,612.11
14.8,565,747.28,888.84,634.42,457.59,944.38,1629.5,611.88
14.9,559.99,746.55,878.86,639.79,455.22,925.1,1605.6,610.23
15,556.19,745.25,866.08,646.55,450.69,900.63,1580.7,608.4
15.1,570.92,743.24,874.74,637.6,472.23,920.4,1575.1,604.8
15.2,588.23,741.13,886.38,626.46,497.4,946.31,1572.1,600.96
15.3,590.55,748.91,884.76,624.31,490.45,927.31,1579.7,612.55
15.4,590.79,758.07,881.3,623.41,479.04,902.07,1588.9,626.28
15.5,586.16,750.14,881.44,632.59,482.37,917.82,1573.9,624.66
15.6,580.86,739.84,882.08,643.17,487.76,939.26,1555.6,620.9
15.7,592.44,742.34,884.82,654.65,500.1,939.31,1546.4,609.4
15.8,606.37,746.63,887.86,666.26,513.42,936.38,1538.4,596.83
15.9,607.18,751.52,893.3,660.79,498.71,933.49,1550.8,609.32
16,606.18,756.49,899.09,652.94,480.11,930.61,1566,625.3
16.1,600.18,761.43,886.6,652.19,474.95,932.14,1604.7,626.8
16.2,593.5,766.35,871.57,652.43,471.65,934.29,1646.7,626.3
16.3,588.88,760.91,879.3,650.78,468.61,931.63,1662.4,627.65
16.4,584.55,754.02,890.18,648.87,465.6,928.29,1674.4,629.25
16.5,585.95,753.29,885.47,651.81,479.84,946.08,1633.9,624.29
16.6,588.22,753.49,878.39,655.49,496.7,967.08,1585.5,618.32
16.7,587.08,748.32,881.93,649.9,514.96,962.02,1559.5,601.65
16.8,585.43,742.34,887.09,642.91,533.43,953,1536.9,583.36
16.9,586.46,751.31,883.37,645.57,538.2,936.2,1552.8,594.3
17,587.9,762.54,878.3,649.69,540.88,918.22,1574.5,609.69
17.1,585.56,754.86,880.27,650.11,534.85,894.15,1590.2,608.93
17.2,582.64,744.29,883.31,649.97,527.5,869.16,1605.1,605.73
17.3,584.94,747.67,881.09,656.59,551.99,888.99,1576.2,605.38
17.4,588.02,753.16,878.08,664.25,581.33,915.63,1540.7,605.46
17.5,588.92,756.29,889.32,651.31,580.55,912.15,1520.4,602.78
17.6,589.49,759.07,902.73,635.24,575.19,904.09,1502.5,599.67
17.7,586.92,756.73,895.51,641.06,549.51,891.89,1509.1,590.16
17.8,583.82,753.54,884.88,650.51,520.45,879,1519.8,579.6
17.9,578.88,742.56,878.84,647.86,510.43,892.14,1526.6,572.44
18,573.62,730.28,873.56,643.21,503.55,909.58,1532.7,565.84
18.1,581.23,732.31,866.06,640.62,507.53,906.1,1522,577.58
18.2,590.97,736.71,858.18,638.36,513.31,899.16,1508.5,592.36
18.3,580.95,738.97,858.74,639.64,495.68,886.73,1501.5,602.6
18.4,567.67,740.88,860.68,641.5,474.17,873.4,1495.5,612.09
18.5,572.39,743.58,873.12,630.88,488.29,865.36,1475.8,603.28
18.6,580.08,746.42,887.3,618.2,508.3,858.2,1453.7,591.44
18.7,573.92,738.63,880.24,632.32,496.39,858.53,1466.1,595.42
18.8,565.46,729.09,869.67,650.86,479.21,860.1,1484.3,602.02
18.9,572.61,738.22,872.55,655.05,472.21,860.35,1500.3,603.45
19,582.55,750.7,877.85,656.67,467.05,860.36,1516,603.96
19.1,577.84,743.62,873.11,653.39,471.23,853.04,1535.3,603.37
19.2,570.5,733.03,866.58,649.24,477.1,844.4,1555.2,602.58
19.3,568.92,739.77,873.43,645.93,476.58,852.28,1563.8,608.27
19.4,568.37,749.61,882.67,642.77,474.92,863.13,1570.4,615.11
19.5,570.41,742.98,881.44,637.26,469.86,858.87,1581,598.5
19.6,572.92,733.4,878.32,631.33,464.2,851.91,1592.3,577.68
19.7,574.32,739.1,875.36,635.07,452.21,848.34,1581.6,585.62
19.8,575.53,747.55,872.44,640.55,439.09,845.39,1566.9,598.71
19.9,580.89,740.49,871.66,641.97,446.74,845.91,1560.5,598.18
20,587,730.66,871.27,642.65,458.11,847.05,1555.5,595.21
20.1,581.5,730.1,866.9,641.55,470.49,864.24,1528.4,587.02
20.2,573.93,731.2,861.82,640.13,483.04,884.3,1497.4,577.9
20.3,581.53,740.43,862.33,633.97,498.84,889.68,1458.4,570.15
20.4,592.06,751.22,863.93,626.9,515.27,892.23,1417.9,562.66
20.5,590.05,754.52,863.4,630.67,516.9,884.78,1400,563.99
20.6,585.6,756.37,862.47,636.53,515.66,875.41,1386.5,567.03
20.7,589.03,755.73,863.27,639.77,529.91,845.4,1380.5,570.78
20.8,593.99,754.62,864.4,642.5,547.14,811.41,1375.9,574.68
20.9,599.52,750.25,866.05,633.14,580.13,825.91,1353.1,562.54
21,605.16,745.26,867.8,621.43,616.15,849.79,1326.8,547.29
21.1,597.34,747.42,870.1,625.27,636.63,864.95,1306.7,549.62
21.2,586.92,750.97,872.51,632.12,654.1,878.42,1287.9,555.33
21.3,580.84,748.52,868.45,631.31,659.05,888.58,1277.3,546.73
21.4,575.6,744.9,863.14,629.02,661.59,898.09,1268.3,535.36
21.5,578.65,739.57,871.63,638.44,653.24,889.42,1292.8,536.42
21.6,583.43,733.88,882.98,650.29,642.63,876.97,1324.4,540.06
21.7,583.06,732.36,877.78,655.84,629.24,882.13,1340,544.79
21.8,581.62,731.7,869.15,660.08,615.28,890.94,1352.2,549.75
21.9,574.89,737.38,867.25,659.79,594.25,897.84,1383.8,552.09
22,567.07,744.37,866.75,658.57,571.76,904.34,1419.5,553.9
22.1,572.42,745.16,868.11,650.03,572.14,922.57,1420.2,554.02
22.2,580.51,744.67,869.84,639.96,577.27,943.23,1413.6,553.79
22.3,586.02,745.86,870.24,641.72,566.75,953.51,1409,553.9
22.4,590.99,747.39,870.36,645.93,552.98,961.63,1404.8,554.08
22.5,585.11,741.54,869.95,645.26,540.1,940.05,1406.8,570.47
22.6,576.98,734.16,869.44,643.58,527.4,912.3,1410.1,590.22
22.7,578.51,730.05,867.3,655.9,521.95,911.2,1408.3,608.69
22.8,582.05,726.62,864.83,671.12,518,915.63,1405.4,626.9
22.9,573.7,730.33,867.98,664.06,512.54,926.67,1387.1,616.8
23,562.71,735.62,872.37,652.06,506.74,939.18,1365.4,600.4
23.1,573.37,737.45,874.44,648.12,506.09,946.48,1366,621.28
23.2,588.84,738.51,876,645.97,506.58,952.62,1371.5,650.46
23.3,591.21,743.93,875.46,639.2,502.5,941.52,1399.6,660.81
23.4,590.67,750.33,874.46,631.41,497.42,926.58,1432.6,666.97
23.5,586.06,747.52,877.51,632.74,512.42,919.13,1428.2,667.15
23.6,580.55,742.66,881.45,636.11,531.9,913.35,1415.5,665.99
23.7,578,759.05,880.9,650.58,522.33,911.7,1446.6,654.23
23.8,576.11,780.16,879.34,667.51,506.3,910.97,1487.6,640.11
23.9,577.36,770.15,883.94,663.84,510.63,901.02,1495.8,624.65
24,579.3,753.21,889.91,655.58,519.49,889.01,1496.8,608.89
24.1,579.08,745.29,892.06,650.99,509.45,885.25,1539.9,610.27
24.2,578.34,739.51,893.3,647.27,494.93,883.45,1592.9,615.73
24.3,587.68,743.13,891.88,653.26,490.23,887.67,1650.5,622.66
24.4,599.41,748.99,889.82,661.56,487.87,893.31,1709.2,629.94
24.5,589.35,748.69,880.36,654.93,527.95,927.76,1689.9,634.31
24.6,574.1,746.93,869.13,644.76,578.13,969.06,1652,637.98
24.7,575.71,743.59,869.46,640.98,585.85,996.97,1622.6,625.07
24.8,581.32,739.88,872.53,638.73,583.48,1021.7,1595.3,608.23
24.9,576.72,746.37,870.93,646.99,566.69,1009.4,1585.9,602.26
25,569.68,755.29,868.22,657.75,546.47,988.36,1580.9,598.88
25.1,571.2,751.76,871.23,652.03,549.51,960.32,1579.6,592.99
25.2,574.74,745.28,875.6,642.4,558.08,930.63,1579.2,586.51
25.3,583.03,743.2,879.58,647,542.17,917.74,1581.3,592.14
25.4,592.52,742.23,883.47,655.2,520.07,909.1,1584.1,600.83
25.5,591.77,746.05,880.16,655.61,505.53,907.86,1599.3,621.51
25.6,588.44,751.08,875.04,654.04,492.89,908.49,1617.6,645.23
25.7,581.25,751.06,870.08,635.11,485.83,897.69,1608.8,652.24
25.8,573.09,749.75,865.17,611.78,480.19,884.01,1593.1,655.02
25.9,581.83,744.08,862.09,615.58,493.08,877.41,1562.7,641.38
26,594.84,737.29,859.47,626.26,510.66,872.6,1528.6,623.57
26.1,597.16,739.33,855.6,630.45,510.79,867.02,1483.2,615.3
26.2,596.78,743.61,851.41,633.01,506.5,861.24,1434.9,609.45
26.3,591.8,750.01,857.23,640.51,502.64,840.31,1396.9,597.55
26.4,585.67,756.96,865.58,649.25,498.89,815.54,1361.6,584.11
26.5,579.24,747.65,864.99,640.78,519.66,799.14,1336,575.04
26.6,572.74,734.23,862.13,627.94,546.64,784.87,1312.8,567.06
26.7,569.78,731.17,862.07,628.09,536.82,775,1285.8,566.85
26.8,567.77,730.89,862.75,631.74,517.11,766.33,1257.7,568.72
26.9,572.95,738.46,862.5,628.58,511.36,752.67,1230.4,554.76
27,580.06,748.15,861.99,623.6,509.37,737.67,1203.2,536.53
27.1,575.03,739.88,868.92,627.73,521.79,735.91,1186.1,522.56
27.2,566.72,726.78,877.84,634.31,538.09,737.7,1171.7,509.74
27.3,569.19,726.86,865.07,639.09,529.23,731.61,1174.6,509.47
27.4,574.56,730.48,846.47,643.39,513.61,723.4,1182.2,512.57
27.5,577.79,730.37,850.86,652.31,520.92,732.39,1179.7,512.41
27.6,580.45,729.25,861.43,662.48,534.4,746.02,1174.6,511.38
27.7,574.51,733.58,862.99,650.85,557.36,734.22,1150,507.48
27.8,566.27,739.38,862.11,633.35,582.86,715.57,1120.2,502.81
27.9,575.53,740.82,861.62,632.58,561.93,694.32,1126.8,501.98
28,589.79,741.02,861.24,636.59,527.74,672.33,1143.8,502.23
28.1,589.74,745.14,857.89,640.75,506.14,663.59,1144.4,500.91
28.2,585.61,750.39,853.68,644.95,488.13,658.64,1140.2,499.14
28.3,584.65,752.64,853.23,645.29,479.33,663.7,1124.6,511.12
28.4,584.59,754.03,853.85,644.51,473.15,671.61,1105.7,527.03
28.5,592.72,744.07,856.26,650.89,473.17,684.36,1090.6,517.08
28.6,603.2,730.87,859.18,659.32,474.97,698.48,1076.6,499.75
28.7,599.3,733.15,854,652.72,468.41,695.2,1068,497.71
28.8,591.29,739.85,846.5,641.85,459.48,686.96,1060.9,500.04
28.9,586.63,740.79,851.82,634.71,459.8,704.29,1060.2,492.71
29,582.93,740.08,860.8,628.64,462.75,728.92,1061.4,482.63
29.1,580.32,741.81,861.6,637.99,455.94,750.78,1092.2,480.37
29.2,578.01,744.22,860.07,651.73,446.34,771.84,1131.6,480.34
29.3,582.72,748.71,861.66,652.63,466.45,806.07,1145.7,489.5
29.4,589.55,753.83,864.18,649.65,495.53,844.28,1152.3,501.44
29.5,588.63,750.71,867.79,650.09,479.33,843.44,1161.4,492.85
29.6,585.38,745.11,871.74,651.56,449.46,830.8,1171.2,478.05
29.7,581.17,742.57,866.83,651.3,435.49,840.92,1208.5,486.48
29.8,576.67,740.95,859.24,650.5,426.33,857.91,1254,501.93
29.9,579.38,742.28,862.71,654.17,421.41,870.73,1289.8,517.02
30,584.27,744.51,869.52,659.18,417.76,882.29,1322.7,532.02
30.1,584.58,744.41,874.59,643.62,418.93,871.94,1362.4,538.36
30.2,583.52,743.61,879.14,621.85,421.55,854.97,1404.1,542.08
30.3,577,740.76,879.12,629.09,420.87,870.68,1419.9,555.62
30.4,568.84,737.3,877.72,645.1,419.2,896.26,1427.8,572.13
30.5,576.36,745.8,875.37,647.33,422.15,914.62,1444,577.71
30.6,588.89,758.12,872.71,645.15,426.57,930.68,1462.8,579.8
30.7,589.08,752.32,874.94,638.54,436.21,932.56,1466.2,578.02
30.8,585.32,740.73,878.73,630.51,447.52,929.92,1464.6,575.01
30.9,582.73,735.47,873.67,639.77,457.77,924.88,1473.2,583.6
31,580.5,732.22,865.77,654.55,467.69,919.09,1485,595.9
31.1,581.79,741.91,868.46,650.66,456,909.5,1493.5,605.38
31.2,584.2,755.72,874.53,640.8,437.4,898.7,1501,613.96
31.3,584.42,749.59,870.13,645.45,432.24,895.46,1509,603.76
31.4,583.94,737.09,862.38,654.74,431.38,894.64,1517.3,587.56
31.5,580.55,745.94,861.3,654.32,426.39,885.69,1544.1,594.52
31.6,576.23,761.59,862.35,650.79,420.09,874.15,1576.9,608.88
31.7,571.97,759.31,862.44,645.77,435,881.52,1564.8,620.46
31.8,567.72,750.98,862.21,640.24,457.06,895.26,1537.7,631.1
31.9,565.79,744.5,866.92,639.81,472.63,898.64,1521.8,625.7
32,564.63,738.65,873.29,641.1,486.01,898.52,1509.7,614.89
32.1,567.97,734.62,871.98,643.63,482.06,894.88,1518.3,602.44
32.2,572.82,731.22,868.07,646.57,472.25,890.07,1533.8,589.44
32.3,576.17,736.62,866.66,641.93,461.47,862.27,1551.1,591.72
32.4,579.02,744.99,866.09,634.75,450.36,826.73,1569,599.15
32.5,575.48,739.33,864.16,635.82,444.74,820.95,1564.2,597.77
32.6,569.77,728.96,861.75,639.67,440.96,825.19,1551.8,593.42
32.7,570.54,731.15,867.65,646.72,459.95,850.54,1533.9,589.38
32.8,573.48,737.58,876.34,654.86,486.61,882.99,1514.2,585.43
32.9,572.1,740.03,876.45,657,503.18,915.68,1520.5,574.06
33,569.25,741.14,873.66,657.11,516.36,948.45,1535.6,560.18
33.1,575.76,741.95,868.27,650.75,528.92,964.51,1536.9,560.2
33.2,585.57,742.64,861.95,642.09,541.25,974.62,1533.1,565.16
33.3,586.37,752.36,865.67,641.13,556.01,1011.3,1511.8,559.25
33.4,583.96,765.27,872.95,642.9,571.63,1057.3,1484.2,549.49
33.5,580.54,756.99,870.17,635.83,588.76,1062,1465.4,542.34
33.6,576.76,741.17,863.81,625.63,606.42,1052,1449.7,536.13
33.7,576.97,742.47,868.92,623.96,597.15,1038.4,1468.6,538.64
33.8,578.59,749.84,878.09,625.31,578.3,1023.5,1499.8,544.24
33.9,586.88,740.34,872,634.57,572.35,983.11,1490.2,548.05
34,597.54,724.85,860.49,646.65,570.97,933.62,1466.2,551.22
34.1,600.52,729.07,862.12,643.58,562.52,897.26,1424.8,546.02
34.2,600.77,740.3,868.4,635.13,551.55,865.57,1377.3,537.84
34.3,594.89,747.94,868.71,638.68,541.46,844.57,1369.8,541.22
34.4,586.72,754.25,866.79,646.7,531.71,827.58,1377.3,548.91
34.5,584.5,745.74,862.96,644.95,536.48,809.72,1355.7,545.65
34.6,584.51,731.71,858.43,639.55,546.68,791.52,1323.3,538.29
34.7,578.94,735.77,859.11,639,529.34,774.99,1315.4,544.12
34.8,571.28,746.6,861.73,640.26,501.71,759.07,1316.8,554.88
34.9,573.11,743.51,858.28,638.57,501.31,754.98,1307.5,547.21
35,578.47,735.22,852.56,635.78,511.09,755.32,1294.2,532.64
35.1,576.75,735.18,848.25,642.49,527.77,743.43,1273.1,534.14
35.2,572.37,738.21,844.48,652.75,547.04,726.97,1249.1,541.64
35.3,579.4,735.51,847.81,658.12,566.17,734.01,1225.1,529.61
35.4,590.7,730.68,853.79,661.68,585.25,749.82,1201.1,510.27
35.5,587.11,736.8,852.71,660.17,586.41,748.9,1198.8,504.53
35.6,577.68,747.23,848.87,656.66,580.53,741.41,1205.1,504.14
35.7,572.34,743.85,856.45,648.6,554.88,739.42,1204,499.28
35.8,568.61,735.05,868.53,638.74,521.46,739.59,1200,492.66
35.9,573.78,734.49,866.67,636.78,521.06,724.58,1197.2,494.56
36,582.46,737.16,859.33,637.91,533.62,703.61,1194.7,499.8
36.1,570.14,739.56,854.16,643.36,532.03,691.54,1185.1,506.48
36.2,549.57,741.86,849.84,650.49,524.87,682.96,1172.6,513.73
36.3,547.79,745.96,848.87,654.22,506.46,678.34,1181,511.26
36.4,553.39,750.75,849.21,656.61,483.62,675.27,1197.6,504.96
36.5,561.19,738.99,849.16,645.6,472.74,674.09,1188.9,506.79
36.6,569.86,720.72,848.96,629.32,466.54,673.66,1170.4,511.81
36.7,574.47,721.63,852.94,628.02,463.96,670.89,1163.2,512.42
36.8,577.48,730.07,858.57,632.6,462.8,667.21,1160.4,511.3
36.9,579.73,733.71,852.97,632.63,452.51,661.73,1173.5,509.49
37,581.65,735.37,842.74,630.78,438.46,655.51,1193.1,507.38
37.1,582.08,728.91,849.32,625.61,421.77,659.17,1194.7,507.69
37.2,581.9,719.09,862.82,619.07,404,666.9,1189,508.99
37.3,577.81,718.26,866.17,622.85,401.44,671.71,1200.5,510.36
37.4,572.13,721.14,865.32,630.89,405.15,675.32,1219.1,511.76
37.5,572.46,724.51,865.21,638.28,390.59,658.35,1215,520.16
37.6,575.28,728.08,865.4,645.4,368.49,632.89,1201.7,531.44
37.7,573.86,729.09,865.19,642.04,371.57,616.04,1193.8,524.61
37.8,570.71,729.04,864.8,634.35,385.03,602.75,1188,510.31
37.9,570.45,727.36,858.45,638.16,383.88,605.2,1187.4,505.22
38,571.4,725.01,849.65,646.69,376.71,614.14,1188.9,503.94
38.1,569.53,723.28,848.68,640.62,382.01,629.86,1186.5,505.03
38.2,566.44,721.82,851.1,628.22,392.72,648.51,1182.4,507.16
38.3,565.5,728.79,850.39,627.33,415.44,673.18,1182.9,506.4
38.4,565.5,739.4,848.32,631.41,443.36,700.44,1185.2,504.38
38.5,572.22,745.34,851.88,633.5,446.16,723.52,1188.3,499.96
38.6,581.87,749.25,857.87,634.72,438.09,744.79,1191.8,494.49
38.7,588.86,743.56,862.69,635.39,435.71,755.14,1231.4,503.89
38.8,594.7,733.7,867,635.8,435.78,760.78,1286.7,519.72
38.9,594.65,729.73,872.48,639.36,450.31,789.8,1310.7,530.41
39,592.05,728.31,878.45,644.28,471.08,828.94,1321.1,538.88
39.1,585.64,733.22,875.88,643.11,480.6,853.74,1356.5,543.37
39.2,577.57,740.88,869.62,639.3,485.23,872.33,1402.6,546.12
39.3,575.39,744.64,865.82,643.07,496.02,889.77,1427.7,557.69
39.4,575.76,746.71,863.09,650.11,509.48,906.72,1443.7,573.06
39.5,580.69,748.34,864.82,651.04,507.89,922.28,1449.8,578.99
39.6,587.69,749.75,868.58,649.19,499.48,937.21,1451.5,580.64
39.7,591.14,754.52,871.62,651.58,502.19,938.35,1468.3,578.42
39.8,592.97,760.82,874.35,655.89,509.96,933.23,1492,574.45
39.9,585.16,750.78,877.74,651.9,517.62,945.73,1523.3,582.63
40,572.97,733.34,881.42,644.15,525.25,966.22,1557.9,596.32
40.1,569.46,728.25,885.7,643.81,526.16,966.29,1610.4,611.53
40.2,569.88,728.77,890.25,646.83,524.02,957.11,1671.1,627.43
40.3,571.38,730.98,891.94,643.11,503.69,939.27,1699.1,621
40.4,573.38,733.96,892.33,636.33,475.11,917.52,1712.2,604.43
40.5,580.93,732.15,888.79,640.89,459.26,901.86,1710.9,612.24
40.6,591,728.16,883.46,650.58,449.2,888.97,1703.1,631.12
40.7,588.74,730.5,875.03,650.26,454.05,899.36,1702.3,637.16
40.8,580.63,735.85,865.11,645.2,465.99,920.82,1704.9,637.11
40.9,580.9,734.87,866.94,644.96,462.88,922.89,1684.8,634.98
41,585.17,730.89,874.34,647.02,452.63,915.77,1653.9,631.87
41.1,581.76,733.54,875.38,648.21,458.34,909.5,1642.8,626.41
41.2,574.7,739.33,873.41,648.98,471.65,903.65,1641.2,619.82
41.3,575.33,745.06,871.8,650.32,487.33,917.05,1629.5,624.66
41.4,579.62,750.78,870.37,651.93,504.14,939.59,1612.9,634.93
41.5,584.61,747.47,869.6,656.16,517.87,966.06,1607.1,627.91
41.6,589.94,739.87,869.14,661.63,530.13,994.41,1606.4,612.67
41.7,588.17,742.98,869.57,656.01,545.75,1016.6,1606.5,608.95
41.8,583.01,751.17,870.42,645.13,562.97,1035.9,1607,610.71
41.9,583.93,757.35,878.3,641.88,557.94,1010,1606.5,617.92
42,587.88,762.52,889.69,642.42,541.84,961.77,1605.6,627.84
42.1,582.44,756.61,884.13,644.45,542.38,965.33,1605.4,621.75
42.2,572.33,745.18,870.16,647.21,551.19,994.66,1605.5,607.7
42.3,578.03,734.49,868.06,645.83,569.44,1030.8,1598.2,597.84
42.4,591.58,724.16,871.86,642.38,592.4,1070.4,1587.3,590.06
42.5,588.9,731.51,870.66,643.92,606.95,1068.5,1573.8,587.48
42.6,578.14,747.64,866.98,647.93,617.32,1046.1,1558.9,587.48
42.7,572.56,746.1,871.1,644.71,612.98,1007.6,1540.2,593.39
42.8,569.57,735.77,879.1,637.88,601.33,961.15,1519.7,602.24
42.9,576.7,730.09,882.07,640.23,601.81,923.62,1487.9,598.47
43,588.88,726.72,882.55,647.15,608.31,890.54,1450.5,588.43
43.1,589.31,731.46,875.61,648.92,602.23,883.29,1440.1,581.12
43.2,583.92,740.22,864.99,648.14,589.89,888.88,1443.2,575.16
43.3,581.91,735.75,872.38,644.64,565.93,878.7,1454.8,565.6
43.4,581.66,724.42,889.13,639.72,535.95,860.32,1470.8,554.16
43.5,575.1,728.38,891.36,641.58,517.67,872.35,1513.6,562.75
43.6,565.26,740.28,886.04,646.96,505.49,900.18,1570.3,581.75
43.7,565.63,743.13,879.49,644.09,481.34,899.3,1619.8,590.21
43.8,571.29,741.27,872.3,636.94,450.98,883.49,1665.5,593.18
43.9,571.32,744.06,863.81,635.76,448.85,882.85,1672.7,604.68
44,568.43,749.25,854.64,637.69,461.4,890.09,1659.9,620.6
44.1,569.69,756.67,850.24,637.86,462.47,907.9,1635.2,616.36
44.2,573.11,765.26,848.31,637.11,457.59,931.19,1604.4,601.64
44.3,573.07,760.21,857.34,634.62,450.63,939.95,1582.7,593.54
44.4,571.24,748.07,872.07,631.21,442.59,941.15,1565.8,588.88
44.5,576.55,747.91,876.54,639.44,449.08,952.92,1553,588.18
44.6,585.75,754.25,875.45,653.99,463.46,970.43,1542.4,589.63
44.7,582.46,755.05,875.63,654.22,474.88,994.56,1540.3,598.95
44.8,572.38,752.84,876.49,646.69,484.69,1022.3,1542.7,612.55
44.9,581.37,754.18,869.94,651.47,492.78,1043.4,1531.2,613.94
45,600.71,757.45,859.35,662.95,499.92,1061,1512.1,608.69
45.1,604.52,757.19,858.09,663.14,504.74,1063.1,1519.4,607.01
45.2,599.87,755.01,861.89,657.21,508.29,1056.9,1541,607.27
45.3,595.67,756.3,865.41,655.05,512.26,1065.6,1532.1,605.21
45.4,591.69,759.46,868.79,654.93,516.46,1082.2,1506.4,601.91
45.5,590.72,748.44,868.29,659.18,530.42,1084.9,1495.4,594.74
45.6,591.38,729.7,865.69,665.81,549.68,1079.9,1492.3,585.48
45.7,587.24,732.09,864.48,654.92,554.14,1055.2,1491.1,587.16
45.8,580.5,745.93,864.03,634.52,550.57,1019.7,1490.9,594.79
45.9,582.62,747.62,862.14,633.66,559.71,1007.6,1479.3,594.81
46,589.77,742.41,859.43,643.91,576.05,1008.7,1461.1,590.52
46.1,592.75,736.59,859.11,644.46,586.22,1013.9,1459.4,579.55
46.2,593.36,730.41,860.14,639.52,592.89,1021.4,1466.9,564.79
46.3,594.99,736.36,863.7,639.13,614.86,1049.6,1459.9,565.13
46.4,597.18,749.17,868.7,641.33,645.51,1089.6,1444.7,574.03
46.5,590.11,750.15,870.42,648.16,647.63,1111.9,1442,566.66
46.6,577.78,744.42,870.28,657.63,633.54,1124.3,1446.4,550.05
46.7,574.39,746.04,878.39,654.06,614.17,1102.9,1450.4,543.83
46.8,576.07,751.84,891.18,643.1,591.79,1062.5,1454.3,543.49
46.9,573.81,749.31,884.88,638.03,567.7,1027.4,1444.7,545.06
47,569.32,742.07,867.76,636.3,542.63,995.37,1427.4,547.71
47.1,571.51,737.99,862.13,641.39,527.6,1003.9,1407.6,550.3
47.2,577.65,735.8,863.31,650.52,518.51,1036.3,1386.3,552.84
47.3,581.41,732.6,862.28,648.28,497.5,1033.3,1384.8,548.21
47.4,583.76,728.81,859.95,639.3,469.43,1009.4,1395.1,539.34
47.5,587.83,733.37,861.46,637.4,453.08,976.06,1422.3,543.17
47.6,592.92,742.89,865.24,639.7,443.67,937.25,1459.6,554.51
47.7,593.22,747.77,868.17,644.68,433.17,910.36,1463.9,554.84
47.8,590.69,749.91,870.58,651.25,422.03,890.54,1448.7,548.63
47.9,586.14,747.7,870.86,657.54,428.74,869.7,1434,548.35
48,580.4,742.91,869.87,663.66,446.03,848.27,1419.6,551.59
48.1,580.77,741.81,871.1,659.94,468.9,830.19,1397.9,548.4
48.2,584.74,742.89,873.64,650.4,495.07,814.09,1371.9,541.4
48.3,589.12,740.41,868,640.76,518.91,803.38,1340.2,536.08
48.4,593.75,735.75,857.3,631.05,541.32,796,1304.8,531.79
48.5,589.63,740.26,854.18,630.58,541.45,786.73,1277.8,524.17
48.6,580.1,750.44,855.76,635.81,527.81,776.3,1255.8,514.49
48.7,581.74,746.92,856.22,640.73,515.9,755.03,1247.8,507.24
48.8,590.28,734.92,855.98,645.45,505.07,727.04,1248.3,501.49
48.9,589.91,731.66,857.42,648.24,497.03,713.7,1238.5,501.82
49,584.03,733.8,859.88,649.83,490.71,709.41,1222.3,505.91
49.1,579.38,733.43,856.03,640.64,479.61,699.53,1213.4,502.29
49.2,575.49,731.51,848.26,624.78,465.55,686.2,1209,493.91
49.3,583.26,738.21,849.88,623.08,462.76,688.19,1196.3,503.42
49.4,598.25,750.24,857.29,630.12,466.92,699.66,1178.6,524
49.5,597.91,752.46,856.97,631.88,475.39,699.97,1164.9,519.61
49.6,588.11,748.61,851.85,630.39,486.52,693.36,1153.7,499.78
49.7,583.55,747.41,847.85,629.57,492.44,695.18,1141.2,497.08
49.8,582.37,747.92,844.57,629.2,495.02,702.43,1127.9,505.44
49.9,585.21,743.05,847.24,635.78,486.58,693.04,1112.7,495.54
50,590.65,734.72,853.76,646.83,471.05,672.94,1096.4,473.87
50.1,589.89,734.12,852.28,642.23,447.62,660.16,1093.6,476.4
50.2,585.12,738.51,845.64,627.53,419.1,652.12,1099.4,494.52
50.3,582.32,739.44,845.27,624.5,399.57,640.65,1136.6,504.3
50.4,580.8,738.13,848.92,628.98,385.84,626.98,1194,508.69
50.5,576.55,729.05,849.78,629.75,379.3,615.01,1226,506.94
50.6,570.56,714.98,848.83,628.11,377.39,604.14,1241.6,501.22
50.7,572.84,715.98,847.78,627.38,376.31,596.2,1255.9,502.69
50.8,580.45,726.71,846.66,627.22,375.77,590.16,1269.3,508.81
50.9,582.1,724.42,850.7,632.09,375.9,593.44,1262.6,506.73
51,579.74,713.38,858.2,640.34,376.48,603.01,1242.3,499.15
51.1,581.94,711.83,861.07,638.93,381.5,609.17,1219.4,494.99
51.2,587.21,716.65,860.81,631.03,389.51,613.05,1194.7,493.14
51.3,582.63,724.09,859.69,631.67,388.35,612.02,1176.3,498.61
51.4,571.43,733.29,857.97,638.04,381.02,607.7,1162.1,509
51.5,573.03,741.21,853.5,643.11,377.99,606.54,1148.3,510.12
51.6,583.23,748.26,847.19,647.29,377.84,607.5,1134.7,505.01
51.7,588.62,746.96,846.67,645.79,383.05,600.78,1123.2,495.47
51.8,590.77,740.04,850.04,640.48,391.86,588.9,1113.1,482.95
51.9,582.27,735.61,849.39,638.51,385.99,575.61,1102.9,477.98
52,566.6,732.87,846.04,638.79,370.24,561.37,1092.7,478.09
52.1,568.73,729,851.29,634.26,374.17,560.98,1087,481.53
52.2,583.32,724.33,862.57,626.36,391.87,570.3,1084.5,487.33
52.3,587.61,725.06,862.95,627.44,390.74,580.21,1083.9,487.83
52.4,584.69,729.55,855.68,634.8,376.41,590.53,1084.7,484.62
52.5,587.05,733.85,847.5,633.56,387.02,611.99,1094.2,487.1
52.6,593.11,738.02,838.66,626.3,415.12,641.26,1110,493.57
52.7,593.52,738.08,840.39,625.53,443.12,677.77,1114.4,490.23
52.8,589.97,735.25,849.52,629.32,471.05,719.34,1110.8,480.03
52.9,589.41,731.8,851.25,629.37,484.03,738.46,1126.6,482.16
53,590.94,727.91,847.8,626.8,486.54,741.83,1156,492.94
53.1,589.53,733.57,850.27,624.86,484.3,760.59,1187.3,504.7
53.2,586.07,745.91,856.88,623.36,478.74,790.13,1220,517.14
53.3,581.74,749.47,861.01,633.18,483.19,811.61,1247.7,528.27
53.4,576.81,746.87,863.4,650.93,494.65,827.43,1272,538.48
53.5,578.18,746.59,863.74,648.58,503.36,855.6,1289.4,539.7
53.6,584.15,748.01,862.59,631.57,510.05,892.79,1301.9,534.36
53.7,589.21,747.98,860.78,625.64,515.87,906.01,1315.3,535.57
53.8,593.61,746.9,858.49,627.8,521.03,901.75,1329.4,541.56
53.9,599.6,744.47,861.05,627.49,536.9,918.7,1336.7,543.63
54,606.76,741.05,867.16,625.37,560.58,951.14,1338.9,542.84
54.1,602.44,739.23,869.33,628.25,561.16,953.77,1350.5,545.88
54.2,589.73,738.58,868.63,634.76,544.88,934.63,1368.9,551.73
54.3,582.23,740.54,866.02,638.3,536.11,925.62,1389.2,555.26
54.4,578.53,744.41,862.03,639.66,532.84,923.99,1411,557.11
54.5,577.32,744.37,864.75,642.5,518.84,924.44,1441.8,567.8
54.6,577.92,741.47,872.38,646.39,497,926.41,1479.3,584.95
54.7,578.88,740.75,870.16,646.37,480.67,938.33,1491.7,591.93
54.8,580.11,741.67,860.45,643.36,468.53,957.83,1485.1,591.18
54.9,581.66,739.66,863.65,642.23,464.67,973.37,1488.6,586.49
55,583.45,735.42,876.68,642.54,467.09,985.92,1499.8,578.8
55.1,587.51,734.75,882.14,638.8,465.29,977.33,1498,572.47
55.2,593.29,736.8,881.83,631.98,460.26,952.65,1486.2,567.19
55.3,598.69,737.63,870.46,632.32,468.14,945.15,1476.8,563.54
55.4,603.78,737.53,850.68,638.1,485.84,950.69,1469.1,561.15
55.5,596.34,735.01,843.46,636.88,485.2,926.96,1453.2,560.75
55.6,579.35,730.65,845.81,630.33,470.62,880.95,1431,561.88
55.7,572.5,731.73,855.06,628.83,453.32,851.69,1411.9,558.45
55.8,573.36,736.94,869.56,631.17,433.95,835.17,1395.1,551.55
55.9,574,737.36,871.7,638.14,405.82,804.98,1390.8,542.1
56,574.48,734.13,864.43,648.63,371.02,764.39,1396.1,530.7
56.1,577.4,734.8,861.07,645.31,351.51,735.13,1393.7,521.56
56.2,582.26,738.54,860.81,631.04,344.09,714.85,1385.2,514.2
56.3,584.49,733.6,858.44,630.15,332.22,686.83,1376.1,501.82
56.4,584.64,721.78,854.4,639.84,316.82,652.68,1366.6,485.47
56.5,576.25,717.48,851.27,644.96,316.2,628.97,1355.8,483.52
56.6,561.1,719.13,848.86,646.46,327.3,613.55,1343.8,492.98
56.7,563.83,723.29,851.43,640.56,323.63,603.56,1358.8,502.57
56.8,580.71,729.44,857.92,628.8,308.26,597.89,1395.3,512.26
56.9,581.92,731.61,861.17,627.41,304.52,594.45,1400,513.7
57,570.71,730.63,861.83,634.25,309.99,592.78,1379.5,508.6
57.1,568.81,729.92,862.02,633.92,312.22,587.19,1359.1,507.48
57.2,574.27,729.42,861.84,627.93,311.86,578.5,1338.9,509.5
57.3,575.28,729.84,861.25,625.75,314.69,579.38,1326,506.21
57.4,572.63,731,860.32,626.72,320.16,588.17,1319.1,498.55
57.5,572.5,732.76,863.57,630.69,319.73,584.88,1316.4,501.13
57.6,574.45,735.01,870.28,637.15,314.44,571.66,1317,512.18
57.7,580.87,735.78,871.2,643.19,316.59,571.91,1297.8,513.18
57.8,590.97,735.34,867.36,648.88,324.88,583.29,1262.1,505.88
57.9,587.05,732.89,863.79,649.93,332.91,593.98,1242.5,504.4
58,571.55,728.8,860.45,647.15,340.74,604.11,1236.2,507.71
58.1,571.44,727.71,863.33,643.62,347.51,616.86,1229.5,506.84
58.2,584.01,729.09,871.35,639.46,353.42,631.76,1222.5,502.53
58.3,588.7,731.51,871.51,640.62,367.95,654.62,1212.1,502.12
58.4,586.89,734.8,865.21,646.16,389.58,684.03,1198.8,504.95
58.5,588.6,734.87,865.62,644.71,411.89,700.74,1218.2,506.17
58.6,593.36,732.16,871.79,637.26,434.78,706.54,1265.6,506.02
58.7,590.28,722.77,871.49,631.7,441.29,719.18,1290,504.81
58.8,580.48,707.65,865.62,627.78,433.73,737.69,1294.7,502.68
58.9,578.65,714.02,864.8,635.86,434.04,735.15,1298,502.24
59,583.68,738.85,868.31,654.27,441.1,714.53,1300.3,503.25
59.1,584.67,746.03,870.45,658.56,436.65,720.05,1314.5,504.25
59.2,582.19,738.07,871.39,650.74,422.34,748.03,1339,505.24
59.3,582.63,730.52,869.78,639.08,431.32,771.37,1351.1,515.46
59.4,585.58,723.32,865.97,624.15,460.32,790.73,1352.5,533.6
59.5,592.19,726.06,863.11,625.05,480.32,804.04,1350.6,540.16
59.6,601.93,737.35,861.06,639.56,492.59,812.16,1346,536.77
59.7,598.61,741.73,862.45,637.63,491.59,828.08,1357.2,538.39
59.8,584.08,740.17,866.81,621.58,479.2,850.68,1381.9,544.33
59.9,580.77,743.03,869.72,619.17,464.25,858.54,1400.4,553.64
60,587.48,749.82,871.33,628.97,447.01,853.22,1413.2,565.98
60.1,593.02,745.32,871.02,637.24,442.54,848.93,1428.6,577.53
60.2,597.52,730.72,868.98,644.15,449.47,845.58,1446.1,588.39
60.3,590.01,731.06,865.95,652.62,460.83,855.03,1461.4,600.63
60.4,571.77,744.77,862.04,662.49,476.15,875.92,1474.7,614.1
60.5,571.63,744.52,864.26,666.74,477.46,888.81,1494.2,624.73
60.6,587.69,731.81,871.94,665.97,466.24,894.55,1519.3,632.83
60.7,588.3,725.98,873.84,659.14,453.28,891.93,1560,636.09
60.8,575.11,726.31,870.56,646.9,438.78,881.85,1614.7,635.04
60.9,572.23,729.37,865.53,636.94,422.29,884.08,1648.7,633.09
61,578.58,734.87,858.93,629.03,404.03,897.32,1664.4,630.32
61.1,584.16,736.93,861.08,629.42,393.92,898.11,1663.5,629.71
61.2,589.02,735.78,871.35,637.53,391.39,887.31,1647.2,631.1
61.3,589.28,733.85,876.53,645.38,388.09,869.94,1646.5,625.39
61.4,585.27,731.21,876.96,652.98,384.05,846.47,1660.3,613.09
61.5,584.61,728.11,873.74,654.57,392.14,831.69,1652.6,599.24
61.6,587.07,724.59,867.1,650.57,411.52,825.01,1625,583.95
61.7,578,729.5,864.54,651,432.02,817.25,1593.7,577.45
61.8,558.22,742.25,865.75,655.53,453.56,808.49,1558.9,579.13
61.9,561.3,744.32,863.85,657.46,471.92,800.5,1525.6,581
62,585.66,736.43,859.04,656.96,487.31,793.24,1493.6,583.05
62.1,597.81,737.26,859.93,655.42,499.82,793.84,1501.9,581.25
62.2,598.6,746.21,866.13,652.9,509.64,801.76,1547.6,575.87
62.3,597.86,746.84,867.71,648.15,528.09,815.81,1567.9,573.32
62.4,595.65,739.4,864.82,641.26,554.88,835.79,1563.6,573.5
62.5,587.72,737.77,866.33,638.64,560.23,854,1561.2,571.06
62.6,574.27,741.77,872.09,640.16,544.83,870.49,1560.6,566.09
62.7,575.91,748.2,873.09,645.45,529.56,885.56,1554.6,562.69
62.8,592.16,757,869.46,654.39,514.42,899.26,1543.5,560.8
62.9,594.49,754.11,868.14,652.23,506.18,904.6,1532.1,565.46
63,583.34,739.9,869.05,639.33,504.62,901.85,1520.4,576.47
63.1,583.28,730.69,869.89,637.75,502.93,907.59,1518.1,589.12
63.2,593.96,726.3,870.68,647.15,501.13,921.56,1525.1,603.36
63.3,593.71,728.01,874.68,648.99,512.29,931.79,1524.5,608.67
63.4,582.88,735.61,881.8,643.52,536.02,938.38,1516.6,605.32
63.5,578.39,739.99,880.09,642.47,547.89,951.75,1510.6,598.44
63.6,580.02,741.24,869.84,645.72,548.27,971.69,1506.3,588.14
63.7,585.38,740.43,862.77,642.03,552.03,971.78,1496.9,586.17
63.8,594.49,737.55,858.88,631.35,559.18,951.87,1482.1,592.61
63.9,595.76,740.31,860.83,628.42,555.06,938.65,1477.2,595
64,589.13,748.76,868.65,633.31,539.57,932.18,1482.3,593.33
64.1,586.82,754.57,869.96,631.21,522.34,924.64,1494.1,591.54
64.2,588.87,757.73,864.69,622.07,503.34,916.02,1512.5,589.64
64.3,589.56,749.35,863.76,622.86,506.84,917.65,1525.7,596.65
64.4,588.88,729.33,867.21,633.66,533,929.63,1533.6,612.64
64.5,581.39,726.56,870.69,637.6,563.27,940.01,1526.6,613.63
64.6,567.02,741.16,874.2,634.62,597.68,948.77,1504.6,599.5
64.7,560.53,741.68,874.7,636.96,623.63,971.04,1484.5,595.17
64.8,561.98,728.01,872.17,644.67,641.05,1006.9,1466.3,600.72
64.9,569.54,723.38,868.13,646.06,638.61,1020.2,1468.7,601.66
65,583.51,728.25,862.52,640.82,615.35,1009.7,1492.7,597.76
65.1,589.45,735.63,860.22,635.11,596.33,993.28,1504.3,590.85
65.2,586.97,745.66,861.41,628.91,581.75,970.54,1502.8,580.76
65.3,582.57,747.42,866.33,628.9,560.06,960.25,1510.1,582.22
65.4,576.15,740.49,875.15,635.4,530.88,963.02,1526.6,595.8
65.5,576.73,738.62,877.56,639.18,518.62,977.03,1533.4,597.86
65.6,584.66,742.08,873.22,640.11,524.09,1002.9,1529.8,587.84
65.7,584.04,745.49,868.39,638.24,527.94,1009.5,1525.1,583.63
65.8,574.44,748.88,863.06,633.43,530.06,995.95,1519,585.52
65.9,577.92,747.71,862.88,633.63,544.26,983.59,1500.4,586.99
66,595.11,741.78,868.11,639.09,571.11,972.46,1468.7,588.03
66.1,602.9,738.63,870.53,642.26,576.02,960.3,1455.1,583.15
66.2,600.82,738.4,870.01,643.01,557.9,947.04,1460.5,572.04
66.3,593.71,741.95,869.54,638.14,557.21,939.42,1468.2,566.16
66.4,581.08,749.65,869.13,627.12,575.54,937.95,1478.5,565.99
66.5,577.04,747.18,867.22,619.42,607.96,977.47,1471.7,564
66.6,582.36,733.61,863.68,615.35,655.77,1061.8,1446,560.03
66.7,584.93,732.01,863.99,622.67,668.9,1098.6,1436.8,556.42
66.8,584.51,743.5,868.52,642.4,644.16,1083.6,1445.5,553.21
66.9,584.44,747.34,871.3,650.26,625.15,1061,1447.9,552.51
67,584.77,742.84,872.18,645.16,612.38,1030.1,1443.6,554.57
67.1,583.44,738.66,869.02,645.56,594,1005.2,1447.4,556.59
67.2,580.3,734.81,861.46,651.95,569.5,986.89,1459.8,558.57
67.3,574.13,732.28,860.51,659.97,549.31,979.29,1479.1,567.53
67.4,564.65,731.19,866.77,669.77,533.83,983.41,1506,584.13
67.5,568.14,733.6,871.03,666.52,511.26,973.09,1528.6,591.73
67.6,586.38,740,873.02,648.45,480.63,946.34,1546.5,589.1
67.7,591.88,743.22,870.64,639.64,451.29,928.65,1558.2,597.71
67.8,582.91,742.84,863.31,641.36,423.39,921.26,1562.7,619.11
67.9,574.83,745.23,857.15,640.14,412.58,905.04,1565.8,627.42
68,567.76,750.77,852.32,635.57,421.18,878.78,1567.1,620.83
68.1,566.28,743.29,855.19,640.85,434.55,858.46,1562.5,614.72
68.2,571.13,721.01,866.8,657.32,453.33,844.88,1551.1,609.14
68.3,577.17,716.8,871.02,657.36,468.06,850.52,1523.3,602.52
68.4,584.55,733.11,866.83,638.71,478.21,878.02,1476.7,594.71
68.5,587.03,742.63,867.37,626.22,486.72,896.29,1444.2,584.42
68.6,583.94,744.42,873.29,620.72,493.38,904.06,1427.6,571.31
68.7,581.88,739.09,877.18,622.26,487.74,903.7,1429.5,559.33
68.8,581.04,725.34,878.67,632.13,467.55,893.73,1453.2,548.69
68.9,579.2,724.08,874.26,638.1,480.28,892.37,1459.7,549.9
69,576.18,737.58,862.88,639.45,531.99,901.2,1445.7,565.13
69.1,572.36,740.04,857.56,639.85,557.21,915.14,1442.8,581.64
69.2,567.58,729.44,859.4,639.11,551.1,935.11,1453,599.64
69.3,566.16,726.86,856.82,636.43,536.41,937.57,1455.1,598.66
69.4,568.71,733.78,849.01,631.45,511.58,919.31,1447.4,575.2
69.5,570.26,737.14,850.62,633.72,492.35,900.61,1453.9,562.96
69.6,570.63,736.27,863.37,644.58,479.75,881.39,1477.1,564
69.7,572.99,734.02,873.58,647.23,472.61,870.48,1479.8,559.97
69.8,577.72,730.12,880.77,640.18,471.94,869.41,1458.3,549.95
69.9,586.82,731.82,880.88,639.41,477.31,882.97,1445.7,547.91
70,601.11,740.13,872.61,646.1,489.82,913.86,1443.5,555.32
70.1,599.04,743.29,869.22,645.97,501.91,940.06,1442.5,558.42
70.2,576.83,740.11,871.83,637.43,513.48,960.49,1442.8,556.21
70.3,568.15,736.06,870.39,633.5,528.42,983.43,1436.4,553.2
70.4,576.12,730.96,863.97,635.25,547.5,1009.5,1421.6,549.22
70.5,580.29,726.66,860.87,637.38,555.44,1019.9,1413.5,545.77
70.6,579.78,723.36,861.88,640,549.65,1011.3,1413.3,542.98
70.7,579.74,727.16,862.7,639.49,547.01,999.35,1413.1,541.7
70.8,580.29,739.7,863.3,635.13,548.25,983.4,1412.7,542.27
70.9,582.71,739.36,865.51,632.7,547.17,971.39,1410.6,538.25
71,587.42,723.14,869.71,632.65,543.23,964.2,1406.3,528.58
71.1,584.57,721.21,874.05,627.52,531.64,945.94,1429.3,527.65
71.2,572.4,736.88,878.54,616.15,510.65,914.02,1486,537.48
71.3,566.91,744.94,877.28,612.26,491.38,892.02,1535.9,541.28
71.4,569.97,743.21,868.61,617.96,474.32,882.75,1577.2,537.35
71.5,573.97,741.56,862.2,622.2,465.01,879.57,1593.4,539.7
71.6,579.16,740,858.68,624.58,465.65,884.22,1577.6,550.1
71.7,581.98,740.79,859.6,629.25,477.97,891.89,1553.6,553.31
71.8,581.77,744.59,866.2,636.86,505.28,903.45,1518.9,547.28
71.9,581.06,738.54,867.79,637.57,521.08,906.77,1481.6,542.44
72,579.7,719.86,862.95,629.44,522.1,899.52,1440.9,539.12
72.1,576.94,714.51,855.39,623.93,529.34,883.26,1407.4,534.27
72.2,572.37,726.28,844.36,621.8,544.56,855.45,1383.2,527.45
72.3,566.65,736.05,840.76,624.45,551.94,819.44,1356.9,523.41
72.4,559.45,743.25,846.7,633.23,549.28,772.88,1328.1,522.94
72.5,561.95,743.94,853.7,635.38,549.7,750.38,1299.5,522.78
72.6,576.9,736.28,862.07,629.02,554.06,758.74,1271.3,523.03
72.7,582.75,727.61,865.59,626.85,549.88,755.55,1247.9,520.23
72.8,576.43,717.58,862.64,630.29,534.27,736.94,1230.9,513.37
72.9,574.52,712.86,860.7,632.85,529.8,729.06,1215.1,511.41
73,578.52,715.23,860.1,634.25,540.2,735.5,1201.1,515.99
73.1,580.98,719.31,857.06,641.87,542.24,730.23,1194.1,520.35
73.2,581.42,725.68,850.77,657.8,533.12,709.32,1196.5,524.4
73.3,584.74,729.31,846.59,662.48,525.21,706.69,1190.3,533.17
73.4,591.92,729.29,845.25,652.12,518.92,728.5,1172.6,548.27
73.5,591.37,731.71,848.97,649.01,516.45,732.32,1159.9,551.7
73.6,580.49,737.41,859.48,655.6,519.07,712.1,1154,539.52
73.7,571.28,741.12,864.35,653.35,520.58,691.18,1147.6,536.46
73.8,564.3,742.19,861.71,639.31,520.61,669.34,1140.3,545.6
73.9,568.49,736.93,854.4,631.24,505.26,650.62,1137.3,552.84
74,588.23,722.86,840.62,631.51,468.51,636.26,1140.3,557.45
74.1,591.35,710.12,840.97,630.75,447.07,621.35,1148.1,564.48
74.2,571.3,699.22,861.01,628.58,446.95,605.68,1162.6,574.88
74.3,562.42,696.77,868.34,631.2,447.08,606.19,1168.3,580.56
74.4,569.1,706.05,857.97,640.5,447.57,629.2,1161.6,579.67
74.5,573.27,713.01,854.58,646.49,441.3,640.06,1166,574.09
74.6,573.98,716.73,860.91,647.88,425.62,634.02,1185.8,562
74.7,576.43,720.85,857.44,646.23,416.33,625.98,1188.3,556.76
74.8,581.31,725.5,840.33,640.35,415.94,615.16,1166.9,561.03
74.9,582.45,723.68,834.05,636.21,414.11,611,1155.6,558.1
75,578.37,712.84,842.85,634.52,410.28,616.1,1158.5,545.13
75.1,577.54,710.8,849.66,631.73,409.55,617.33,1147.4,532.58
75.2,581.43,721.55,853.59,627.37,413.33,612.92,1115.7,520.64
75.3,582.23,721.77,855.39,629.9,415.93,612.65,1100.5,514.18
75.4,578.53,706.71,854.1,642.43,416.84,618.38,1109,515.66
75.5,573.96,700.44,850.63,648.08,425.3,616.15,1106.9,516.91
75.6,568.15,706.93,843.99,643.78,444.73,602.36,1089.4,517.79
75.7,568.84,717.65,845.52,639.42,458.21,601.81,1082,515.18
75.8,578.98,734.5,858.91,634.99,463.04,620.45,1089.2,507.51
75.9,585.21,740.09,865.89,634.7,464.96,639.06,1122.6,504.35
76,585.77,729.35,863.59,640.43,462.64,657.64,1193.9,507.74
76.1,584.77,726.37,865.99,646.56,456.56,671.14,1242.9,516.07
76.2,581.52,734.62,875.22,653.27,445.03,677.26,1259.6,531.55
76.3,577.69,737.92,874.51,657.49,438.47,691.22,1281.7,543.61
76.4,573.02,734.03,859.37,658.12,439.12,716.57,1311.8,550.71
76.5,573.71,732.63,848.94,658.04,441.45,742.43,1329.5,558.72
76.6,582.51,735.01,845.61,656.88,446.34,769.05,1328.6,568.1
76.7,587.55,734.95,845.4,650.84,453.79,789.38,1331.4,574.01
76.8,586.89,731.18,849.91,637.39,465.09,800.2,1339.7,574.65
76.9,585.08,730.78,857.09,634.66,475.96,804.71,1345.3,577.08
77,581.51,735.48,868.34,648.12,486.18,799.67,1347,582.21
77.1,578.88,739.57,876.69,652.68,496.24,799.98,1348.3,585.2
77.2,577.66,742.74,880.64,643.79,506.06,808.37,1349,584.96
77.3,574.92,743.27,878.26,639.26,514.49,813.95,1357.7,584.79
77.4,569.89,739.8,866.3,641.33,520.81,815.3,1378.5,584.74
77.5,565.98,735.74,861.41,641.76,520.23,826.38,1403.9,584.63
77.6,563.74,730.78,867.22,639.72,509.24,852.19,1436.3,584.43
77.7,566.79,725.96,867.95,639.09,499.2,862.46,1464.3,586.75
77.8,578.18,721.36,860.69,640.67,490.65,848.21,1485.1,593.03
77.9,577.13,718.44,857.6,641.62,492.68,845.72,1501.8,599.11
78,556.46,718.15,861.09,641.55,511.37,861.75,1512.2,604.9
78.1,550.45,720.75,859.62,639.07,524.17,884.21,1524.5,604.26
78.2,567.53,727.89,850.34,632.78,527.71,916.8,1539.8,593.47
78.3,577.83,734.13,848.35,630.1,533.58,935.29,1551.2,586.02
78.4,577.44,738.94,857.84,633.1,543.14,931.55,1556.5,583.82
78.5,574.02,737.59,863.78,635.68,551.96,924.75,1551.9,583
78.6,565.83,726.49,864.12,637.62,559.61,913.1,1532.1,584.36
78.7,565.67,720.42,861.98,638.92,554.81,904.57,1523.1,583.17
78.8,578.15,722.26,855.92,639.22,530.36,900.93,1531.2,577.97
78.9,583.6,722.49,854.21,643.33,508.83,892.39,1536.5,574.26
79,577.46,720.06,859.65,653.7,492.12,875.78,1537.3,573
79.1,574.4,721.91,860.46,654.97,473.14,865.01,1550.4,573.54
79.2,576.42,730.79,853.64,641.3,450.42,863.86,1583.6,577.03
79.3,576.29,732.18,851.68,633.34,437.08,857,1618.2,585.18
79.4,572.6,721.24,857.71,634.77,439.17,840.75,1655,601.01
79.5,565.58,714.15,862.61,635.49,436.68,835.33,1676.1,610.21
79.6,553.06,713.37,865.66,635.04,426.68,847.71,1671.3,608.51
79.7,548.42,715.4,866.86,636.54,421.51,858.2,1664.9,610.1
79.8,556.75,722.03,865.02,641.24,424.32,865.58,1655.6,617.1
79.9,564.11,724.85,861.23,641.98,429.04,866.7,1633.5,617.32
80,569.86,721.42,854.25,636.21,436.91,857.5,1590.5,606.38
80.1,572.39,721.66,851.15,634.07,446.24,848.28,1562.2,596.9
80.2,569.62,727.93,854.42,637.88,457.96,839.01,1557.9,589.8
80.3,566.7,726.26,857.71,640.23,464.72,831.79,1557.4,583.43
80.4,563.51,710.95,861.06,640.08,462.96,828.1,1563.4,578.3
80.5,558.63,708.43,860.98,635.54,451.54,823.85,1556.7,576.35
80.6,550.83,727.88,855.02,623.45,423.56,818.65,1527.9,579.84
80.7,548.32,736.11,852.8,618.59,407.64,822,1507.1,578.64
80.8,554.87,725.08,856.97,626.15,412.46,840.05,1500,569.38
80.9,562.51,718.13,859.15,628.54,418.37,855.73,1493.8,565.41
81,572,718.18,857.87,622.05,426.13,867.35,1489.4,570.55
81.1,576.07,719.66,856.27,620.58,434.44,882.15,1481.3,571.37
81.2,570.83,723.61,854.09,627.72,443.67,902.42,1466.9,564.77
81.3,567.83,724.03,854.37,632.17,465.78,920.67,1447.8,556.25
81.4,568.66,718.4,858.86,631.98,510,935.45,1420.8,544.42
81.5,571.41,715.59,859.9,631.45,530.9,941.23,1401.3,539.38
81.6,577.6,717.85,854.77,630.29,509.96,930.9,1395.2,546.51
81.7,579.88,721.52,855,630.93,502.25,918.13,1398.9,550.16
81.8,575.14,727.72,864.84,634.82,518.27,900.99,1419.8,547.54
81.9,568.33,732.24,870,633.93,527.12,884.68,1425.9,545.55
82,557.81,733.74,866.78,624.49,523.1,869.85,1405.1,544.7
82.1,556.5,733.11,863.23,621.71,526.72,859.74,1380.9,541.54
82.2,571.7,728.66,859.13,630.87,544.01,858.1,1350.9,534.23
82.3,579.57,728.71,857.6,635.33,561.14,859.91,1330.9,528.45
82.4,574.29,736.84,860.7,631.38,578.01,867.87,1329.2,525.43
82.5,570.79,741.38,862.88,633.61,588.37,880.05,1334.8,524.16
82.6,570.46,739.49,863.41,646.94,587.07,899.78,1353.8,526.02
82.7,570.2,734.9,862.15,650.84,593.4,914.72,1368.6,526.81
82.8,570.08,725.5,857.68,637.83,613.43,921.04,1376.1,525.68
82.9,569.78,723.17,854.96,629.69,617.81,930.68,1396.5,521.78
83,569.12,734.08,855.53,630.69,592.87,946.55,1441.1,512.71
83.1,567.69,736.78,853.85,632.73,574.86,960.67,1473,509.86
83.2,564.81,724.09,847.95,636.73,569.81,971.55,1481.4,518.67
83.3,563.99,719.97,845.43,636.82,560.69,978.56,1481.8,525.65
83.4,567.04,731.9,849.26,629.57,543.92,978.32,1467.4,529.2
83.5,567.15,737.54,854.59,622.77,534.23,973.54,1457.2,531.63
83.6,561.77,731.38,862.73,616.81,537.8,960.28,1455.3,531.93
83.7,565.28,724.64,866.15,619.17,534.3,947.32,1457.5,535.31
83.8,585.47,716.82,860.71,637.11,517.59,934.93,1467.3,544.48
83.9,598.9,715.7,857.26,648.24,508.48,928.95,1470.4,549.16
84,599.66,727.15,857.51,646.61,513.63,934.99,1460.9,545.44
84.1,594.26,732.6,857.44,642.07,528.46,946.91,1450.4,542.13
84.2,576.78,726.3,856.76,631.83,562.23,970.36,1438,539.66
84.3,568.22,724.69,854.95,627.93,581.1,990.89,1431.6,540.54
84.4,577.11,732.24,850.93,636.46,570.78,1005.7,1437.2,547.99
84.5,581.79,735.74,850.22,640.87,563.15,1007.6,1439.6,557.19
84.6,578.21,731.31,855.96,637.21,560.81,984.43,1435.9,569.8
84.7,576.87,727.35,859.74,633.67,555.41,970.68,1440.7,577.28
84.8,579.9,724.31,859.65,630.35,544.01,975.47,1462.6,574.74
84.9,581.85,720.48,858.7,630.07,543.05,973.61,1492.9,576.3
85,581.67,715.09,856.06,635.74,562.51,958.76,1539.7,585.88
85.1,582.63,718.39,853.65,640.35,576.64,963.98,1550.9,587.31
85.2,585.82,738.72,851.71,642.88,580.33,1008.5,1492.3,572.8
85.3,586.65,745.5,854.47,639.19,580.18,1032.7,1447.8,560.77
85.4,582.61,724.54,866.84,622.75,572.17,1015.2,1432.2,553.85
85.5,581.64,715.47,870.16,617.92,560.26,1002,1422.2,553.76
85.6,586.96,730.75,854.93,636.84,540.38,997.58,1423.8,567.68
85.7,585.44,737.28,845.51,648.05,534.8,983.22,1412.3,573.4
85.8,569.91,725.9,847.96,643.45,558.55,948.41,1374.4,562.34
85.9,559.79,716.61,849.95,635.83,568.46,920.09,1338.2,551.81
86,560.76,711.62,851,622.02,550.02,905.03,1305.9,542.35
86.1,563.16,711.38,853.28,615.16,534.11,889.81,1293,539.01
86.2,568.51,720.9,858.12,622.51,523.41,874.26,1320,548.22
86.3,575.62,727.07,862.22,627.9,507.93,854.52,1335.3,552.9
86.4,586.32,726.38,864.82,629.28,482.66,826.2,1326.6,548.31
86.5,590.59,726.36,863.16,630.34,461.48,809.6,1321.1,545.02
86.6,581.68,727.74,852.77,630.75,448.65,817,1321.9,544.38
86.7,571.47,729.07,845.02,631.61,443.36,822.64,1313.8,543.27
86.8,558.45,730.29,842.93,633.43,454.27,824.5,1286.3,541.12
86.9,553.14,728.21,841.07,634.05,465.55,826.21,1270.6,539.41
87,564.36,719.07,839.68,632.13,477.64,827.6,1279.8,538.65
87.1,571.25,716.23,840.73,631.43,483.75,827.41,1288.2,538.37
87.2,568.86,726.93,847.02,633.33,477.03,823.85,1295.1,539.12
87.3,568.47,733.92,853.61,634.84,476.32,826.39,1299.5,537.33
87.4,572.35,732.96,860.87,635.54,488.45,842.03,1298.7,530.1
87.5,572.38,731.81,864.26,633.1,499.93,865.41,1300.7,525.2
87.6,564.17,730.27,859.32,623.92,509.97,905.41,1308.8,525.27
87.7,557.87,727.85,855.06,620.35,516.87,936.78,1317.8,524.72
87.8,555.69,723.54,852.23,628.82,517.03,949.65,1328.8,522.84
87.9,556.27,724.39,849.03,633.38,513.16,951.64,1335.1,523.44
88,563.03,736.83,844.98,629.13,500.27,929.16,1330.7,529.59
88.1,571.39,743.42,846.42,626.58,494.77,916.74,1343.8,532.36
88.2,583.34,736.88,860.21,627.84,505.89,926.97,1396.4,527.55
88.3,587.74,734.94,868.75,630.25,509.77,931.82,1436.5,525.45
88.4,575.16,743.35,865.53,635.27,497.41,924.62,1448.3,529.47
88.5,566.46,745.32,864.67,637.28,485.57,912.32,1461,536.17
88.6,566.46,732.83,869.15,632.54,474.91,888.56,1475.9,548.88
88.7,565.58,728.17,871.01,628.67,465.19,868.4,1482.9,560.58
88.8,562.73,741.1,867,626.73,457.61,856.32,1471.9,569.97
88.9,563.25,748.05,861.64,623.85,451.72,844.21,1465.6,571.64
89,571.35,741.58,853.27,618.86,449.63,832.01,1469.8,555.92
89.1,575.95,736.03,849.44,618.41,448.47,826.76,1467,546.3
89.2,572.65,732.58,855.78,628.14,449.36,837.1,1448.7,550.37
89.3,570.25,729.14,857.85,632.37,458.1,842.74,1427.2,551.7
89.4,569.96,725.74,849.82,623.64,485.33,837.31,1398.6,546.57
89.5,569.94,724.52,845.32,618.37,509.5,835.72,1371.3,543.44
89.6,570.58,728.43,849.11,621.27,526.46,843.18,1346.8,545.01
89.7,568.48,729.34,851.55,625.36,541.49,848.58,1324.7,542.42
89.8,559.94,723.17,850.79,632.25,551.96,849.13,1308,530.01
89.9,556.13,718.46,850.92,635.45,559.34,850.07,1296.7,521.27
90,563.43,717.16,853.14,629.98,559.48,851.92,1297.8,521.14
90.1,570.91,719.97,854.99,626.44,555.33,850.99,1311.8,524.11
90.2,578.82,732.42,855.97,627.44,541.07,843.47,1356.5,534.37
90.3,581.28,739.72,855.5,629.66,530.57,836.57,1386.9,546.03
90.4,570.93,734.85,851.64,634.76,528.94,831.15,1383.8,560.98
90.5,564.47,729.94,846.45,638.7,533.7,837.58,1375,566
90.6,567.65,724.9,837.96,639.77,554.31,873.33,1352.2,546.49
90.7,569.81,720.39,835.02,640.21,569.38,903.73,1340.9,531.59
90.8,569.45,717.17,845.76,639.09,570.79,920.88,1358.5,528.11
90.9,568.75,715.34,854.29,634.98,573.84,929.77,1369.2,527.25
91,567.21,716.94,857.32,623.47,580.94,918.19,1362.9,532.89
91.1,567.35,719.91,860.33,616.91,586.07,911.64,1357.5,536.54
91.2,571.66,726.24,863.25,622.58,586.29,917.5,1354.1,535.28
91.3,575.57,728.46,862.49,630.26,580.86,919.56,1368.2,536
91.4,578.49,720.49,852.62,642.91,561.48,912.21,1425.6,541.61
91.5,578.45,717.28,846.31,648.61,537.64,901.59,1475.7,546.77
91.6,571.08,725.81,848.83,637.16,502.75,882.88,1508.3,550.81
91.7,565.95,731.59,852.33,631.7,480.34,879.55,1527.2,551.09
91.8,566.58,730.19,858.36,641.78,490.32,916.16,1510.3,541.57
91.9,568.09,727.41,862.59,648.71,491.67,942.9,1497.1,536.7
92,571.83,721.05,862.15,647.42,470.62,944,1493.5,543.91
92.1,573.34,718.26,860.44,642.78,454.15,946.25,1486.1,547.43
92.2,569.02,724.73,855.4,629.41,449.56,951.48,1468.5,541.36
92.3,566.6,729.85,852.02,619.51,441.75,945.69,1451.6,538.72
92.4,569.15,731.48,852.95,618.58,425.56,911.27,1436.1,544.98
92.5,568.97,734.29,852.67,620.83,415.17,882.27,1422.2,550.37
92.6,561.69,740.16,849.24,631.3,419.87,867.35,1412.3,553.49
92.7,560,744.42,849.05,639.14,423.27,855.39,1407.4,557.66
92.8,572.85,744.53,857.3,640.13,423.32,851.1,1415.5,564.54
92.9,583.52,742.78,859.13,638.45,429.37,860.98,1416,566.91
93,588.55,736.2,844.3,629.86,451.01,907.62,1397,557.55
93.1,590.96,732.99,837.6,623.05,466.4,937.62,1387.7,548.9
93.2,586.23,738.99,853.13,621.1,464.7,922.17,1404.6,542.16
93.3,583.19,739.38,862.68,624.18,466.4,911.79,1413.5,538.53
93.4,584.76,724.47,855.87,641.02,477.35,915.27,1400.1,543.4
93.5,582.09,717.24,851.76,651.59,492.89,923.85,1384.6,544.51
93.6,567.86,730.99,855.02,645,520.93,946.4,1363.2,535.36
93.7,558.54,739.03,856.72,640.16,542.12,969.18,1347.8,533.47
93.8,562.66,731.47,854.2,640.07,544.59,992.6,1348.9,551.41
93.9,565.52,726.48,853.58,635.44,543.92,999.2,1347.2,560.17
94,564.95,728.54,858.18,618.42,534.71,959.84,1337.8,543.87
94.1,564.93,728.88,860.15,609.97,520.94,925.25,1330.6,528.48
94.2,566.42,724.57,854.95,624.94,494.75,903.68,1329.2,515.61
94.3,569.11,723.48,850.82,635,484.03,892.45,1322.4,507.08
94.4,575.28,731.67,849.77,630.99,517.78,911,1300.4,511.04
94.5,581.79,736.65,850.82,630.07,549.89,928.51,1281.5,512.68
94.6,589.3,732.43,857.96,638.08,577.31,943.04,1271.9,507.66
94.7,590.86,729.68,862.94,642.13,597.4,948.94,1258.9,502.46
94.8,575.32,731.14,861.73,634.79,596.42,930.03,1236.6,496.7
94.9,563.97,733.27,859.97,630.87,592.91,918.79,1232.5,491.98
95,564.65,737.31,856.63,636.83,582.15,929.58,1280.9,490.24
95.1,567.9,737.66,855.77,640.88,567.24,935,1329.2,492.37
95.2,578.51,727.38,862.09,639.45,540.41,925.02,1377,505.64
95.3,586.8,719.55,866.85,637.42,516.18,920.64,1414.5,514.57
95.4,588.42,718.79,867.14,633.71,499.48,932.4,1422.8,511.03
95.5,587.13,722.03,867.23,633.45,487.78,940.81,1441.6,515.59
95.6,577.03,737.41,866.72,643.67,491.29,939.07,1492.8,544.67
95.7,567.46,745.47,866.09,648.46,491.56,940.36,1530.5,566.22
95.8,559.54,731.34,865.09,636.77,482,950.79,1527.7,564.92
95.9,553.85,721.1,863.49,629.2,481.83,960.96,1518.3,563.14
96,554.93,722.65,860.09,634.07,510.08,970.29,1489.1,559.92
96.1,556.98,726.59,856.55,638.55,527.8,973.87,1463.9,553.45
96.2,561.97,737.78,852.58,641.81,513.55,959.98,1451,537.12
96.3,566.5,744.7,850.37,643.03,500.85,942.58,1439.2,525.12
96.4,569.65,738.66,853.47,638.04,492.81,914.56,1430.7,526.29
96.5,571.92,735.89,856.17,636.22,485.6,889.82,1423.4,527.64
96.6,571.55,742.97,857.61,643.97,480.85,875.08,1419.9,529.57
96.7,572.85,744.85,859.03,653.19,476.37,862.42,1417,531.97
96.8,579.26,730.92,860.41,666.84,472.66,856.1,1415.8,535.78
96.9,583.87,720.41,859.72,673.26,469.8,847.01,1408.6,537.73
97,582.71,720.84,852.41,656.55,469.67,829.09,1382.2,533.76
97.1,582.98,721.16,847.2,638.97,466.67,807.83,1357,532.38
97.2,587.83,721.12,848.66,618.6,454.47,775.86,1335.7,539.3
97.3,589.11,717.67,848.72,607.38,445.06,746.5,1317.2,546.15
97.4,578.95,703.29,844.26,625.39,444.59,725.51,1307.7,552.78
97.5,571.13,694.98,841.59,637.17,449.04,707.08,1290.1,553.76
97.6,570.77,706.11,844.66,629.01,469.18,696.84,1246.5,536.63
97.7,573.61,718.08,847.49,627.06,484.34,687.68,1212.6,522.23
97.8,586.72,732.74,849.6,645.02,483.59,681.96,1209.6,516.56
97.9,594.48,742.08,852.4,656.13,478.01,675.43,1204.4,510.74
98,585.09,734.37,857.44,645.32,456.97,666.3,1191.8,504.46
98.1,578.05,726.99,861.09,635.37,441.61,657.27,1176.1,497.57
98.2,578.97,720.72,860.06,628.34,445.52,648.6,1149.8,488.62
98.3,578.8,716.6,857.15,621.65,453.04,646.08,1125.6,482.53
98.4,574.89,719.8,847.87,616.11,472.77,664.38,1108.6,486.08
98.5,572.06,722.9,842.94,613.12,487.97,680.16,1095.3,487.08
98.6,572.87,725.66,852.72,618.79,487.83,687.42,1094.8,479.44
98.7,575.82,726.23,857.63,623.24,487.31,690.45,1094.2,473.2
98.8,586.04,719.43,846.02,623.6,485.49,679.2,1093.6,471.71
98.9,591.61,715.44,837.05,624.84,487.18,670.01,1094.5,469.86
99,579.47,722.19,838.13,629.42,502.28,668.65,1101.4,466.59
99.1,570.8,726.66,840.63,631.64,511.26,668.79,1103.1,465.37
99.2,575.31,722.4,848.56,624.94,496.98,674.65,1085.5,471.98
99.3,579.09,720.64,853.78,620.76,482.9,678.13,1071.3,475.34
99.4,580.06,728.44,848.64,626.22,469.57,672.52,1070.4,466.34
99.5,581.27,733.15,844.48,631.25,460.98,668.15,1069,459.78
99.6,583.42,726.11,844.02,634.61,470.43,668.54,1065.7,462.53
99.7,583.28,720.91,844.48,635.85,477.89,662.71,1063.7,464.61
99.8,574.42,722.77,848.42,629.03,477.75,633.17,1066.9,464.13
99.9,568.06,724.55,851.29,625.41,474.93,606.05,1070,463.63
100,571.19,726.05,850.11,633.97,461.9,588.15,1073,463.01
100.1,573.11,725.72,847.64,638.01,448.94,579.56,1083.1,465.02
100.2,570.43,718.44,840.3,624.79,436.23,606.38,1119.7,476.99
100.3,566.65,714.21,835.11,614.47,428.51,625.56,1147.7,485.43
100.4,558.68,721.55,838.11,615.24,439.78,615.61,1142.6,480.45
100.5,554.72,725.94,841.3,616.68,449.45,610.09,1138.5,477.4
100.6,566.01,719.1,845.16,620.71,453.01,621.4,1138.3,481.73
100.7,574.33,713.99,847.46,625.14,452.26,628.77,1137.3,484.15
100.8,571.33,715.46,843.8,631.13,435.03,621.15,1133.3,479.32
100.9,569.98,717.07,840.76,636.62,419.63,617.9,1131,478.77
101,574.92,719.2,840.1,640.22,411.21,631.31,1135.1,494.5
101.1,579.62,720.04,838.09,642.45,404.01,643.78,1144.5,507.25
101.2,583.42,715.98,830.92,639.49,401.52,652.67,1174.1,508.59
101.3,586.86,711.22,828.46,636.66,403.02,663.52,1200,511.27
101.4,588.97,703.79,843.97,634.31,419.76,681.78,1212.2,519.05
101.5,586.85,702.91,855.15,632.45,437.82,706.1,1220.1,523.43
101.6,568.62,726.99,849.86,632.4,460.93,753.47,1211.5,514.87
101.7,556.85,746.5,845.76,631.82,476.98,793.27,1209.1,506.27
101.8,569.64,748.61,846.23,629.19,466.15,804.24,1230.3,497.53
101.9,578.93,747.69,844.99,628.63,459.35,814.71,1250.7,493.37
102,574.9,735.21,837.27,635.98,467.91,823.34,1268.6,506.64
102.1,572.71,725.79,834.4,639.87,476.13,831.68,1283.8,517.67
102.2,577.58,728.05,849.99,630.58,483.07,838.95,1288.3,520.15
102.3,580.97,729.48,862.4,624.71,490.05,843.44,1290.3,524.06
102.4,578.74,727.7,862.69,631.83,497.19,837.38,1282.7,533.38
102.5,575.07,726.33,861.73,636.78,502.99,840.45,1279.7,542.35
102.6,565.88,726.5,856.02,633.45,503.72,878.25,1294.5,549.96
102.7,560.47,725.76,853.69,631.09,503.72,905.86,1310.7,558.33
102.8,569.49,721.55,864.23,632.46,500.9,894.62,1332.2,569.65
102.9,575.5,718.66,870.89,634.02,495.72,886.55,1350.2,577.5
103,570.05,720.77,862.74,636.27,481.52,890.55,1354.7,572.16
103.1,565.63,724.2,855.81,637.54,474.24,896.17,1360,568.38
103.2,565.09,732.68,853.5,635.05,493.32,907.92,1368,570.53
103.3,564.8,739.07,853.38,632.69,508.09,918.96,1382.3,573.91
103.4,565.43,737.49,861.63,630.83,506.5,927.26,1420.1,582.03
103.5,566.5,734.45,867.46,629.61,505.37,933.3,1453,587.61
103.6,569.25,725.92,864.08,630.83,506,930.78,1467.2,583.54
103.7,571.55,718.47,861.29,630.5,505.06,928.05,1491.6,580.81
103.8,572.12,715.19,860.71,624.26,498.1,924.5,1555,583.21
103.9,571.79,713.97,861.41,620.43,491.15,917.95,1616.2,583.72
104,568.07,720.61,866.99,625.83,484.24,899.92,1669.1,576.99
104.1,566.87,725.63,870.75,629.98,479.03,887.53,1704.3,570.92
104.2,575.3,724.53,867.6,629.34,480.31,896.59,1672.4,567.34
104.3,581.29,724.02,864.01,628.61,485.27,905.1,1641.7,562.97
104.4,578.01,725.77,858.72,627.54,504.28,911.53,1615.5,555.62
104.5,574.35,727.01,856.06,626.6,521.14,917.28,1591.2,549.11
104.6,569.29,726.29,863.39,626.21,529.87,920.47,1574.1,545.81
104.7,565.94,725.53,869.3,627.92,536.23,926.85,1553.2,541.7
104.8,569.08,724.59,869.84,637.63,533.57,945.33,1517.6,534.49
104.9,572.45,725.07,869.55,644.78,533.51,955.36,1482.2,531.82
105,576.74,730.94,866.13,642.22,543.38,933.28,1447,546.4
105.1,578.73,733.51,862.41,638.87,553.24,915.89,1421,555.88
105.2,571.95,723.54,857.56,632.51,563.06,916.4,1429.8,545.89
105.3,567.86,717.49,853.07,628.24,565.68,911.17,1445.5,536.4
105.4,573.95,726.38,849.93,631.95,540.93,884.11,1487.3,528.8
105.5,577.35,732.94,848.73,633.91,515.39,862.3,1523.7,527.34
105.6,570.43,730.63,854.97,629.18,486.86,860.51,1539.3,549.22
105.7,565.18,727.54,858.77,627.3,458.14,855.79,1551.5,566.83
105.8,566.22,721.49,853.34,636.31,428.72,839.95,1551.2,568.11
105.9,566.6,718.29,850.29,642.61,405.9,827.91,1551,568.05
106,564.49,725.94,856.32,638.54,408.21,830.34,1551.7,562.93
106.1,563.34,730.2,860.26,633.6,407.42,829,1549.8,562.34
106.2,565.85,721.56,856.28,625.3,394.83,813.27,1538.6,579.02
106.3,567.48,716.36,852.89,618.93,383.48,804.63,1527.5,590.92
106.4,565.82,724.25,851.76,619.88,376.89,823,1516.9,584.62
106.5,563.69,730.83,851.62,622.59,375.06,838.63,1501.7,579.32
106.6,559.82,732.44,855.26,631.98,391.39,843.88,1469,577.8
106.7,558.81,735.33,857.37,637.62,409.92,852.08,1437.9,575.35
106.8,568.66,743.12,853.68,628.94,436.84,871.57,1412.8,569.4
106.9,575.26,747.25,852.33,620.95,456.84,890.87,1392.5,567.17
107,569.49,737.48,859.88,615.62,450.5,909.48,1390.3,579.13
107.1,565.31,729.19,865.12,614.81,448.41,919.45,1389.8,589.25
107.2,567.13,726.53,861.58,631.26,462.56,896.54,1395.6,592.38
107.3,570.59,724.54,858.3,643.55,475.44,879.07,1404.6,594.85
107.4,580.25,725.14,856,640,483.48,882.32,1425.5,594.78
107.5,586.86,726.63,854.04,637.86,495.62,885.34,1437.6,594.02
107.6,581.86,731.52,853.32,641.06,523.4,887.45,1416.2,590.6
107.7,577.2,735.29,853.31,643.8,549.62,890.59,1397.5,588.03
107.8,575.37,729.88,859.08,642.61,562.91,902.28,1401.6,592.43
107.9,574.8,724.69,864.53,641.72,572.52,913.77,1412.8,596.89
108,584.65,721.4,867.39,643.24,551.73,923.65,1483.4,601.82
108.1,591.88,719.43,869.72,644.06,529.83,929.17,1552.3,607.84
108.2,577.59,728.4,867.73,639.15,498.85,898.77,1607.6,622.88
108.3,565.08,736.02,866.22,635.29,472.78,875.45,1654,635.72
108.4,567.35,732.4,868.62,640.18,487.18,910.59,1626.1,630.39
108.5,569.47,728.72,870.62,643.48,501.7,941.92,1598,624.77
108.6,570.34,724.5,869.25,633.64,517.16,941.78,1567.6,616.87
108.7,570.73,721.86,867.52,625.55,530.73,940.17,1536.8,610.13
108.8,567.11,732.35,862.87,631.93,528.74,926.34,1502.9,612.93
108.9,564.18,740.66,858.4,636.68,527.2,913.85,1471.8,614.59
109,566.93,730.97,855.38,627.95,529.35,912.42,1464.1,606.81
109.1,570.44,722.02,852.75,620.91,531.56,910.39,1456.6,599.48
109.2,580.17,719.19,853.44,627.79,534.13,903.31,1450.1,595.86
109.3,588.15,717.63,854.38,634.45,536.88,897.51,1443.1,593.1
109.4,581.68,726.42,857.35,639.38,541.02,902.32,1432.2,597.38
109.5,575.66,734.83,860,643.75,544.19,906.92,1422.3,601.55
109.6,573.32,740.05,860.05,643.54,539.27,909.86,1420.9,604.88
109.7,572.34,743.72,860.27,643,533.9,913.53,1420.3,606.97
109.8,582.54,734.51,861.91,639.8,524.76,923.3,1425.6,598.95
109.9,590.57,725.86,863.7,637,516.97,931.21,1430.3,591.81
110,580.53,721.77,866.78,637.61,520.47,923.74,1429.9,592.06
110.1,571.42,719.22,869.57,637.45,521.57,918.61,1431.3,592.22
110.2,570,729.42,869.92,630.9,502.85,932.74,1447.4,591.53
110.3,569.84,738.44,869.73,625.62,486.73,942.56,1461.8,590.52
110.4,580.1,737.8,865.13,630.72,491.97,916.85,1461.7,586.84
110.5,587.89,737.62,860.76,635.18,497.18,894.65,1459.9,582.53
110.6,575.33,741.28,858.39,634.26,502.08,901.41,1444.8,573.08
110.7,563.78,743.55,855.72,633.5,507.43,905.69,1430.3,563.26
110.8,560.62,734.27,850.46,633.97,516.48,889.39,1421.1,550.32
110.9,558.25,726.64,846.27,633.5,524.55,873.33,1412.8,539.57
111,562.51,732.62,850.91,625.26,524.43,859.25,1412,546.82
111.1,566.56,736.88,854.84,619.4,525.38,849.01,1411.1,552.57
111.2,568.87,726.8,852.79,633.14,535.19,870.51,1410.3,546.04
111.3,571.66,717.34,851.06,645.91,544.33,890.52,1409.6,539.05
111.4,578.46,712.99,852,650.66,547.99,898.31,1411.3,528.31
111.5,583.7,710.28,852.95,653.66,550.87,905.35,1411.1,517.96
111.6,576.07,721.15,853.99,642.19,547.32,906.3,1395.4,510.88
111.7,569.63,730.98,854.56,630.92,544.94,908.67,1378.9,504.38
111.8,572.99,732.13,851.27,621.28,552.19,922.69,1356.8,502.75
111.9,576.28,733.36,848.33,613.32,558.26,933.36,1334.5,503.09
112,578.95,735.26,848.3,619.19,554.45,916.42,1310.6,519.72
112.1,581.06,736.04,848.69,624.39,550.04,899.62,1288.3,535.17
112.2,578.49,727.58,852.59,624.08,540.68,884.06,1279.4,540.85
112.3,576.34,720.05,856.5,624.61,534.51,868.33,1270,546.51
112.4,577.66,720.27,860.51,632.06,554.53,851.27,1255.7,551.97
112.5,578.8,720.43,863.64,637.35,569.75,833.06,1242.3,556.01
112.6,578.44,720.23,859.54,624.85,545.39,805.47,1236.2,548.24
112.7,578.11,719.97,855.37,615.3,521.01,777.05,1229.7,541.54
112.8,578.08,719.31,850.62,630.11,496.45,741.84,1219.4,543.68
112.9,577.98,719.15,846.74,641.62,474.89,708.81,1207.8,545.7
113,577.25,723.21,850.04,625.94,478.2,693.72,1185.6,546.64
113.1,575.47,726.15,852.39,613.54,478.68,679.57,1166.2,545.74
113.2,564.99,719.84,846.9,628.31,455.9,673.23,1171,529.66
113.3,556.74,714.81,842.51,641.29,433.53,666.44,1175.7,515.85
113.4,566.92,720.39,847.28,639.51,414.58,655.91,1180.7,520.82
113.5,576.36,724.88,851.14,637.28,399.89,646.99,1182.7,525.34
113.6,579.6,720.32,847.58,631.4,420.42,651.43,1160,526.12
113.7,581.82,715.98,844.52,625.96,438.93,653.98,1138.4,527.12
113.8,575.7,713.41,845.61,624.21,440.75,640.81,1125.3,529.92
113.9,570.63,711.52,846.7,622.48,441.83,630.66,1113.6,531.18
114,574.3,715.18,847.83,620.85,436.83,645.35,1113.8,519.75
114.1,577.47,718.5,848.59,620.59,432.73,657.38,1115.3,508.7
114.2,576.55,719,846.33,631.69,436.09,647.4,1127.1,500.79
114.3,575.86,719.17,844.22,641.23,438.13,638.56,1135.8,494.21
114.4,577.02,716.66,843.31,637.95,429.19,639.09,1118.1,498.62
114.5,579.12,714.78,842.89,635.11,421.62,638.24,1102.7,502.38
114.6,589.03,718.07,846.46,635.87,425.3,625.94,1105.1,500.78
114.7,596.14,721.56,849.57,635.64,427.6,614.37,1106.3,498.18
114.8,580.14,726.71,848.84,627.22,418.56,608.87,1097.6,487.34
114.9,566.2,731.67,847.3,620.26,409.9,601.74,1089.3,477.22
115,569.19,735.11,839.08,625.45,404.41,581.06,1084,473.01
115.1,572.96,736.95,831.17,630.72,399.31,561.71,1079.5,471.19
115.2,583.1,725.52,825.95,636.73,397.41,553.31,1083.2,489.12
115.3,590.22,715.67,822.64,640.32,396.16,548.2,1086.7,503.52
115.4,572.35,718.91,835.1,623.93,400.23,570.2,1089.4,488.74
115.5,557.96,720.49,845.81,610.32,402.64,590.87,1096.1,478.13
115.6,572.41,708.47,842.1,619.62,391.22,600.56,1134.8,501.92
115.7,584.51,699.56,839.66,627.85,383.01,614.5,1170.4,521.12
115.8,577.22,716.27,847.72,627.31,401.25,663.6,1180.1,502.42
115.9,571.02,730.82,854.56,626.72,416.69,710.96,1191.2,486.98
116,573.79,727.66,851.33,625.85,409.08,743.96,1213.2,498.44
116.1,575.41,725.1,848.17,625.41,404.11,775.17,1235.6,509.99
116.2,567.56,727.48,845.52,628.65,420.94,791.58,1261.2,522.23
116.3,561.2,730.02,844.02,630.92,436.68,806.84,1287.6,533.36
116.4,567.15,733.81,852.08,625.13,443.36,812.71,1321.3,535.3
116.5,571.82,737.91,859.51,619.86,449.68,819.92,1352.2,537.87
116.6,565.92,744.7,861.79,618.77,453,838.23,1360.1,545.7
116.7,561.7,749.84,863.76,617.96,457.12,856.57,1368.9,553.28
116.8,571.45,741.4,863.11,619.52,467.83,875.15,1384.9,558.83
116.9,579.42,734.22,863.47,621.02,478.12,893.47,1399,564.01
117,572.7,737.41,872.07,621.96,485.03,909.57,1396.8,566.13
117.1,566.32,739.68,878.56,622.27,490.21,925.1,1399.5,568.34
117.2,562.72,734.37,867.59,617.26,481.15,935.92,1442.4,571.21
117.3,559.39,728.41,858.42,613.52,470.69,943.59,1483.8,575.12
117.4,558.3,717.04,864.07,620.2,448.54,925.23,1512.2,587.72
117.5,558.87,708.72,868.34,626.05,428.02,909.47,1542.2,597.76
117.6,573.11,725.56,861.13,624.98,420.95,915.26,1584.9,586.71
117.7,585.02,739.77,854.43,624.6,415.26,918.47,1624.6,578.51
117.8,577.73,732.33,851.86,629.9,420.93,900.39,1639.3,593.87
117.9,570.59,726.58,849.8,634.76,427.17,885.51,1651.2,606.92
118,564.66,734.83,851.93,635.94,438.06,897.11,1640.3,600.94
118.1,559.54,740.38,854.54,636.28,448.72,909.05,1626.9,595.09
118.2,561.11,723.74,861.24,629.76,457.59,923.76,1592.5,590.37
118.3,562.05,710.67,866.93,624.08,466.83,937.19,1559.8,586.22
118.4,557.92,727.23,864.24,625.38,479.26,940.02,1541.2,586.74
118.5,554.85,741.79,861.91,626.78,488.76,940.17,1528.5,587.13
118.6,560.57,739.79,862.46,629,474.03,918.18,1564.2,586.43
118.7,565.56,738.09,863.32,630.87,460.36,899.64,1597.2,585.94
118.8,564.55,738.87,866.83,629.83,455.43,909.56,1606.7,587.22
118.9,563.74,740.16,869.66,628.28,453.48,918.78,1612.7,588.61
119,564.61,745.74,866.93,622.37,476.14,922.09,1589.5,590.88
119.1,565.16,749.14,864.09,617.57,497.31,925.92,1567.7,591.37
119.2,562.98,734.53,860.44,621.91,506.09,934.02,1556.9,577.16
119.3,561.36,722.43,857.4,624.95,513.96,938.66,1547.9,565.83
119.4,564.32,731.13,859.39,617.23,514.37,914.68,1553.3,578.35
119.5,567.03,738.26,860.87,610.69,512.99,895.28,1558.2,586.99
119.6,567.74,732.4,858.11,613.94,496.78,913.76,1559.8,563.57
119.7,568.51,726.59,856.12,617.47,484.59,932.19,1558.6,543.05
119.8,569.8,721.21,860.39,623.3,505.55,950.2,1534.5,546.36
119.9,571.1,716.49,862.8,627.9,527.94,970.3,1511.7,549.3
120,572.51,717.26,849.81,622.46,562.19,1007.7,1499.8,549.02
120.1,573.16,718.77,839.23,618.1,596.92,1046,1486.3,548.66
120.2,567.54,726.38,848.61,622.7,635.65,1091.5,1459.4,547.51
120.3,563.43,733.99,857.06,626.53,670.78,1129.4,1432.9,546.02
120.4,571.83,741.63,857.79,624.03,676.21,1103.9,1409.3,541.84
120.5,580.17,749.09,858.49,621.64,681.43,1078.5,1385.7,537.53
120.6,580.28,734.92,854.49,631.81,659.57,1061.6,1369.5,518.24
120.7,580.41,720.86,850.56,641.84,637.71,1044.5,1353.4,499.21
120.8,584.11,721.52,855.43,633.42,615.32,1009.8,1361.5,511.62
120.9,587.66,722.17,860.24,625.11,593,975.03,1369.4,523.98
121,573.49,722.23,858.54,629,580.28,941.7,1339.8,529.81
121.1,559.53,722.32,856.78,632.89,567.74,908.63,1310.4,535.65
121.2,571.38,727.67,848.05,636.75,576.29,907.59,1302.1,541.66
121.3,583.09,732.88,839.48,640.49,584.73,906.39,1293.6,547.61
121.4,576.97,720.53,850.16,629.03,580.25,886.47,1267.5,545.14
121.5,570.87,708.35,860.7,617.76,575.6,866.65,1241.7,542.71
121.6,567.76,717.67,852.99,629.91,550.01,858.6,1260.3,544.44
121.7,564.66,726.98,845.38,641.9,524.41,850.43,1278.9,546.13
121.8,563.71,735.96,849.63,633.27,498.05,828.66,1301.9,542.48
121.9,562.81,744.75,853.86,624.7,471.84,807.12,1324.6,538.84
122,568.92,729.21,856.68,623.96,465.65,813.49,1308.3,535.4
122.1,574.97,713.8,859.51,623.27,459.47,819.68,1292.3,532.12
122.2,573.8,715.33,862.82,628.34,454.5,804.35,1313.6,549.45
122.3,572.57,716.83,866.01,633.35,449.66,789.27,1334.8,566.46
122.4,564.59,714.8,854.38,629.3,460.38,803.35,1340.1,543.97
122.5,556.71,712.86,842.87,625.25,471.06,817.53,1345.2,521.68
122.6,560.05,721.04,844.77,621.02,477.38,843.57,1330.2,524.93
122.7,563.4,729.22,846.66,616.8,483.83,869.61,1315.2,528.12
122.8,566.55,736.43,846.88,613.8,506.98,895.96,1311.1,523.17
122.9,569.73,743.53,847.04,610.86,529.95,922.01,1307,518.22
123,575.28,734.74,839.65,614.12,529.52,910.74,1307,513.47
123.1,580.73,726.03,832.38,617.45,529.21,899.8,1306.9,508.74
123.2,573.96,727.04,840.46,628.7,543.02,928.96,1306.4,507.28
123.3,567.28,728.04,848.44,639.81,556.62,957.7,1305.6,505.88
123.4,572.53,727.96,843.22,633.97,544,934.91,1262.3,511.56
123.5,577.72,727.81,838.05,628.12,531.4,912.02,1219.3,517.25
123.6,575.35,720.05,838.97,621.32,521.34,876.59,1218.2,523.69
123.7,572.95,712.42,839.93,614.7,511.37,841.19,1217.1,530.06
123.8,567.16,719.9,846.82,628.69,513.41,809.27,1213.9,529.48
123.9,561.38,727.31,853.66,642.57,515.4,777.4,1210.8,528.82
124,558.06,726.03,853.89,642.97,511.87,751.78,1221.4,518.12
124.1,554.91,724.74,854,643.27,508.65,726.6,1231.6,507.52
124.2,573.07,723.64,838.63,632.6,543.04,755.62,1207.8,510.21
124.3,591.01,722.51,823.53,622.02,577.22,784.34,1184.1,512.86
124.4,581.15,716.6,840.96,624.11,586.29,774.58,1166.5,511.27
124.5,571.4,710.73,858.21,626.12,595.08,764.81,1148.8,509.63
124.6,575.02,709.01,854.39,617.5,568.79,752.94,1123.3,501.67
124.7,578.55,707.37,850.61,608.95,542.54,740.97,1098.2,493.8
124.8,571.55,715.95,850.76,608.8,520.31,716.74,1109.6,497.85
124.9,564.61,724.47,850.92,608.68,498.04,692.62,1121,501.84
125,564.34,724.59,851.81,613.62,470.19,683.06,1134.6,498.24
125.1,564.04,724.71,852.61,618.54,442.49,673.47,1148.2,494.81
125.2,560.19,723.83,841.44,619.82,433.24,660.27,1155.1,512.02
125.3,556.44,722.95,830.45,621.06,424.08,647,1161.9,529.02
125.4,564.33,721.14,840.12,616.32,426.25,625.69,1154.2,522.19
125.5,572.13,719.31,849.63,611.65,428.34,604.56,1146.5,515.42
125.6,569.64,714.09,839.92,613.91,421.8,605.03,1134.1,514.67
125.7,567.18,709.02,830.38,616.15,415.29,605.5,1121.8,513.95
125.8,569.51,723.7,840.69,615.86,412.37,606.43,1128.7,516.19
125.9,571.82,738.19,850.88,615.7,409.49,607.45,1135.6,518.44
126,572.23,729.38,847.42,630.92,411.92,619.15,1138.9,520.96
126.1,572.59,720.74,843.96,645.88,414.3,630.69,1142.1,523.42
126.2,566.04,734.93,841,626.54,410.81,622.63,1146,517.86
126.3,559.57,748.9,838.1,607.44,407.25,614.52,1149.9,512.32
126.4,562.67,735.82,841.19,616.87,395.53,600.11,1143,508.96
126.5,565.76,722.89,844.19,626.13,383.94,585.87,1136.2,505.65
126.6,567.42,729.12,836.51,616.15,387.71,594.48,1147.7,508.03
126.7,569.05,735.23,828.95,606.33,391.33,602.91,1159,510.41
126.8,565.98,725.41,837.9,616.79,375.98,589.03,1143.4,512.61
126.9,562.92,715.69,846.74,627.12,360.98,575.48,1128,514.73
127,561.7,716.99,842.23,622.26,388.77,601.4,1135.9,508.06
127.1,560.54,718.3,837.85,617.33,416.52,627.5,1143.8,501.43
127.2,567.26,719.46,848.91,602.65,438.07,675.39,1147.3,500.28
127.3,573.91,720.6,859.89,588.25,459.47,722.91,1150.9,499.09
127.4,570.88,719.32,859.45,609.29,461.07,724.39,1165.2,493.51
127.5,567.87,718.05,858.98,630.11,462.64,726.12,1179.5,488.06
127.6,568.95,717.82,853.99,624.5,460.66,760.01,1203.1,500.08
127.7,570.02,717.55,849.09,619.01,458.74,793.59,1226.5,512.08
127.8,570.41,712.3,854.98,630.22,464.88,789.62,1231.6,521.72
127.9,570.82,707.16,860.76,641.24,471.22,785.7,1236.7,531.33
128,572.9,715.55,853.18,629.91,503.81,789.1,1249.4,536.95
128.1,574.95,723.93,845.72,618.64,536.11,792.63,1262.3,542.5
128.2,572.81,731.32,854.3,613.74,532.57,810.98,1292.2,539.8
128.3,570.72,738.55,862.76,608.92,529.14,829.36,1322.1,537.18
128.4,576.43,725.85,856.59,614.45,540.08,850.82,1347,545.22
128.5,582.12,713.26,850.46,619.97,550.85,872.11,1372,553.16
128.6,586.18,714.01,848.5,623,541.06,871.61,1403.9,547.52
128.7,590.08,714.77,846.56,626.01,531.25,871.14,1435.5,542.03
128.8,573.22,717.76,846.21,627.71,519.96,873.95,1439.8,556.24
128.9,556.6,720.79,845.91,629.34,508.7,876.65,1444.2,570.45
129,568.8,730.05,852.26,624.12,503.59,865.83,1473.1,586.58
129.1,580.77,739.13,858.63,619.01,498.43,855.13,1502.1,602.51
129.2,564,724.55,866.55,628.2,488.44,859.87,1544.5,595.12
129.3,547.42,710.19,874.36,637.25,478.32,864.71,1586.7,587.88
129.4,553.76,721.98,869.07,628.67,452.89,881.36,1603.2,599.66
129.5,560.04,733.71,863.79,620.21,427.75,897.74,1619.7,611.23
129.6,557.35,739.51,860.8,626.53,437.99,878.89,1630.8,596.11
129.7,554.71,745.27,857.89,632.81,448.28,860.36,1641.9,581.32
129.8,557.58,746.1,865.11,635.02,464.26,879.84,1645.4,607.77
129.9,560.48,746.82,872.24,637.19,479.95,899.09,1648.8,633.95
130,566.92,733.4,868.84,633.94,459.9,890.74,1651.1,626.52
130.1,573.32,720.08,865.42,630.73,440,882.45,1653.5,619.15
130.2,575.08,717.92,859.22,633.5,438.25,882.44,1670.4,619.78
130.3,576.82,715.82,853.09,636.21,436.4,882.39,1687,620.45
130.4,574.98,720.42,855.11,630.96,423.18,878.06,1663.4,626.34
130.5,573.14,724.92,857.08,625.79,410.16,873.81,1639.7,632.09
130.6,570.22,717.85,854,631.26,423.4,880.09,1607.7,619.77
130.7,567.35,710.96,851,636.65,436.51,886.23,1576.1,607.5
130.8,570.21,726.53,859.6,631.76,434.33,875.21,1577.1,602.33
130.9,573,741.91,868.1,626.91,432.11,864.11,1578.2,597.25
131,566.21,734.59,863.97,628.62,424.84,843.23,1593.4,603.77
131.1,559.48,727.3,859.84,630.3,417.39,822.43,1608.7,610.25
131.2,560.95,723.31,855.26,629.09,388.66,812.66,1644.6,611.47
131.3,562.46,719.41,850.77,627.9,360.17,803.01,1680.1,612.59
131.4,567.41,726.16,856.76,628.87,361.94,808.7,1668.7,602.68
131.5,572.29,732.81,862.68,629.82,363.65,814.29,1657.5,592.87
131.6,569.07,726.59,859.32,628.76,357.51,807.57,1654.6,596.31
131.7,565.96,720.43,856,627.71,351.34,800.85,1651.7,599.68
131.8,576.32,721.96,858.34,628.55,342.08,793.22,1649.1,592.98
131.9,586.48,723.45,860.63,629.47,332.89,785.5,1646.5,586.39
132,571.38,721.3,855.85,641.87,330.84,766.79,1644.2,592.29
132.1,556.42,719.18,851.18,654.02,328.84,748.53,1641.7,598.13
132.2,560.01,720.68,860,634.28,333.35,785.51,1631.6,596.83
132.3,563.6,722.19,868.66,614.79,338.05,822.26,1621.2,595.56
132.4,565.95,724.22,856.72,624.91,366.12,831.27,1589,597.18
132.5,568.3,726.2,844.9,634.93,394.12,840.4,1556.9,598.78
132.6,569.54,721.12,849.31,632.47,413.55,864.45,1529.6,598.03
132.7,570.74,716.09,853.73,629.99,432.74,888.21,1502.5,597.14
132.8,567.75,715.7,860,625.3,423.09,875.6,1496.3,580.46
132.9,564.76,715.37,866.14,620.72,413.58,863.05,1490.1,563.99
133,561.44,722.63,857.92,630.18,420.28,857.01,1489,573.33
133.1,558.16,729.77,849.81,639.49,426.78,850.8,1487.9,582.59
133.2,558.33,722.58,855.3,631.31,408.83,824.45,1497.7,582.88
133.3,558.49,715.39,860.79,623.14,390.89,798.1,1507.6,583.17
133.4,562.66,718.85,849.84,624.51,401.33,783.28,1502.5,596.51
133.5,567.24,723.38,837.23,626.85,414.64,769.64,1495.8,611.18
133.6,576.35,725.38,844.06,628.94,413.86,770.79,1478.9,603.56
133.7,585.92,727.13,852.87,631.01,411.64,773.43,1460.9,593.69
133.8,570.62,722.27,853.16,640.93,412.31,756.57,1445.5,591.89
133.9,552.81,716.74,852.58,651.65,413.27,737.73,1430.4,590.91
134,555.37,718.56,854.08,640.19,431.31,771.27,1441.5,585.91
134.1,559.99,721.12,855.8,626.47,451.08,810.13,1455.4,580.51
134.2,561.1,726.53,848.95,622.43,476.33,846.68,1438.1,568.74
134.3,561.85,732.23,841.24,619.37,502.13,883,1417.7,556.32
134.4,565.37,717.23,845.01,626.18,496.68,891.64,1399.6,558.65
134.5,569.18,700.14,849.94,633.99,488.05,897.49,1381.8,562.47
134.6,562.76,709.08,847.09,625.59,485.43,893.14,1384.3,554.99
134.7,555.3,720.66,843.45,615.55,483.42,887.75,1388.9,546.37
134.8,560.3,721.34,850.28,614.75,485.6,886.6,1390,551.62
134.9,566.55,720.91,858.17,614.89,488.21,885.89,1390.7,558.27
135,572.75,722.48,853.93,610.54,489.17,881.68,1400.6,555.04
135.1,578.95,724.27,848.47,605.73,489.96,877.11,1411.3,550.82
135.2,581.31,729.28,848.11,617.34,488.84,904.59,1423.3,568.17
135.3,583.29,734.62,848.27,630.61,487.53,935.31,1435.4,587.72
135.4,577.84,728.58,851.18,629.83,494.62,930.79,1448.4,583.13
135.5,571.64,721.39,854.36,627.63,502.56,922.7,1461.4,576.09
135.6,571.05,726.59,852.05,619.52,522.59,907.81,1444.4,561.79
135.7,571.03,733.05,849.19,610.81,543.84,892.22,1424.4,546.76
135.8,573.01,726.49,845.51,618.84,544.03,914.68,1407.8,552.86
135.9,575.2,718.61,841.74,628.56,542.09,940.99,1391.6,561.1
136,578.58,717.72,850.56,625.96,556.11,900.39,1376,551.91
136.1,582.09,717.54,860.64,622.11,571.75,853,1360.5,540.96
136.2,575.42,728.11,853.41,624.85,587.64,847.46,1320.2,538.87
136.3,567.73,739.78,844.43,628.25,603.56,846.16,1277.3,537.67
136.4,570.42,729.97,843.97,625.9,594.35,826.86,1267.5,532.14
136.5,574.17,717.99,844.38,622.96,582.6,805.74,1261,526.17
136.6,581.96,715.46,850.03,622.26,588.19,779.49,1247,522.34
136.7,590.15,713.88,856.2,621.78,595.54,752.73,1232.2,518.74
136.8,586.95,715.21,853.28,621.71,594.95,753.34,1231,518
136.9,582.59,716.84,849.43,621.69,593.57,756.72,1231.1,517.56
137,592.68,718.98,846.27,615.1,560.99,723.94,1217.7,510.79
137.1,604.23,721.17,843.18,607.86,525.24,687.5,1203,503.37
137.2,584.81,727.23,843.32,619.99,503.19,685.89,1205.3,503.49
137.3,562.25,733.69,843.77,634.09,482.53,687.81,1209.4,504.37
137.4,568.98,729.44,843.09,629.19,472.29,689.92,1213.9,508.61
137.5,578.67,724.11,842.29,622.37,463.09,692.04,1218.5,513.19
137.6,571.77,729.4,837.64,611.81,441.92,676.26,1212.4,522.04
137.7,563.18,735.76,832.6,600.87,419.54,658.66,1205.2,531.33
137.8,564.75,722.62,838.34,604.97,415.91,652.2,1210.3,521.77
137.9,567.35,707.49,845.16,610.6,414.18,646.88,1216.5,510.29
138,559.95,718.76,833.29,620.67,433.32,656.06,1210.7,506.27
138.1,551.54,732.7,819.52,631.19,454.58,666.72,1203.7,503.02
138.2,563.37,734.94,829.63,625.58,437.03,662.64,1192.7,498.35
138.3,577.25,735.99,842.16,618.34,415.55,657.07,1181.3,493.54
138.4,579.5,726.28,841.37,618.53,403.71,664.74,1166.3,495.2
138.5,580.57,715.49,839.22,619.48,392.84,673.75,1150.9,497.53
138.6,579.13,716.76,840.56,624.51,391.23,650.25,1125,491.42
138.7,577.43,719.25,842.26,629.96,390.57,623.46,1098,484.46
138.8,580.9,714.1,844.82,616.07,401.57,627.59,1094.9,480.42
138.9,584.9,708.17,847.47,600.22,413.76,634.86,1094.1,476.68
139,574.72,719.92,845.88,612.45,421.7,665.01,1105.5,485.1
139.1,563.12,733.46,843.85,627.52,429.21,697.49,1118.2,494.76
139.2,561.64,727.62,842.23,631.91,449.98,704.83,1130.8,509.91
139.3,561.19,719.82,840.65,635.22,472.09,709.63,1143.4,525.61
139.4,561.98,711.72,841.57,624.11,454.12,729.7,1146.3,510.42
139.5,562.91,703.6,842.73,611.54,432.09,751.33,1148.2,492.11
139.6,564.93,718.9,835.37,612.98,434.45,748.43,1167.2,500.21
139.7,567.07,736.57,827.14,615.84,439.29,743.06,1187.9,511
139.8,561.89,720.85,830.13,616.1,426.52,760.29,1208.6,517.5
139.9,555.97,701.74,834.25,616.1,411.96,779.81,1229.4,523.56
140,558.32,704.29,840.03,624.13,412.45,788.26,1250.7,527.76
140.1,561.5,709.03,845.97,632.97,414.47,795.57,1272.1,531.76
140.2,565.57,713.32,841.96,626.66,408.72,794.34,1311.6,534.75
140.3,569.72,717.56,836.94,618.82,402.17,792.23,1352.9,537.63
140.4,577.29,718.39,836.36,627.3,422.82,804.73,1375,543.9
140.5,585.21,718.87,836.23,637.43,446.24,818.72,1395.2,550.51
140.6,576.68,724.02,837.02,627.86,441.8,797.44,1370.6,546.78
140.7,566.49,729.63,837.91,616.28,434.54,772.58,1341.6,542
140.8,569.95,724.54,839.33,624.09,430.49,767.34,1314.3,532.59
140.9,574.79,718.37,840.8,633.86,426.76,764.08,1287.2,522.7
141,573.21,720.86,843.23,643.15,408.07,745.89,1276.5,516.8
141.1,570.98,724.23,845.76,652.38,387.87,726.2,1267.5,511.31
141.2,570.61,724.29,839.54,644.73,371.74,699.02,1271.1,499.22
141.3,570.43,724.01,832.43,635.36,356.03,671.09,1276,486.45
141.4,568.04,715.49,829.12,631.65,345.55,637.24,1265.1,492.39
141.5,565.42,706.13,826.2,628.51,335.61,602.79,1252.6,500.21
141.6,562.64,710.07,826.61,620.38,312.24,584.33,1272.2,495.25
141.7,559.84,715.36,827.37,611.74,287.51,567.48,1295.1,488.99
141.8,552.17,715.77,827.74,612.07,291.86,556.94,1296.8,498.49
141.9,544.01,715.68,828.07,613.31,299.15,547.03,1296.4,509.58
142,543.98,720.45,829.9,616.57,298,535.58,1281.4,520.95
142.1,544.77,725.72,831.87,620.04,295.98,523.98,1264.9,532.35
142.2,559.01,721.11,837.6,621.33,306.59,521.16,1267.5,519.81
142.3,574.6,715.49,843.71,622.41,318.46,519.23,1272.1,504.85
142.4,567.05,718.04,840.28,628.58,324.59,527.89,1251.9,513.45
142.5,557.14,721.43,835.89,635.26,330.12,537.62,1229.2,524.45
142.6,558.29,714.31,843.36,629.05,329.47,541.14,1210.9,523.18
142.7,560.55,706.14,852.03,621.53,328.19,544.03,1192.9,520.68
142.8,567.07,719.27,841.4,625.72,337.84,536.35,1189.1,530.35
142.9,574.02,734.57,828.82,631.11,348.6,527.59,1186.8,541.25
143,570.14,725.54,834.4,640.17,368.63,533.89,1177.5,530.77
143.1,565.15,714.04,841.82,649.62,389.6,541.71,1167.5,518.11
143.2,571.99,706.09,833.5,641.31,401.62,548.35,1143.5,517.62
143.3,580.02,698.49,823.58,631.21,412.74,554.87,1118,518.37
143.4,574.64,699.52,833.66,629.79,404.45,555.14,1120.5,511.12
143.5,567.9,701.42,845.75,629.26,394.2,554.79,1125.7,503.07
143.6,555.92,706.91,842.3,630.66,387.95,545.49,1128.3,501.97
143.7,543.42,712.76,837.27,632.26,382.11,535.29,1130.7,501.57
143.8,550.49,719.46,838,627.08,380.3,532.71,1141.4,512.79
143.9,559.55,726.25,839.32,621.21,378.9,530.89,1153,525.18
144,559.01,722.31,828.61,618.53,379.83,527.23,1153,520.73
144.1,557.5,717.28,816.69,616.16,380.99,523.38,1151.9,514.56
144.2,554.91,714.02,823.72,617.96,371.91,522.16,1146.8,512.21
144.3,552.23,710.93,832.68,620.19,361.8,521.2,1141.2,510.25
144.4,559.13,714.24,837.26,626.41,365.2,530.99,1133.6,520.47
144.5,567.01,718.2,841.4,633.03,369.96,541.88,1125.7,531.91
144.6,567.4,712.19,845.51,619.82,372.71,574.23,1131.8,529.95
144.7,567.03,705.17,849.61,604.6,375.24,608.76,1139.4,526.62
144.8,569.2,705.45,846.52,609.64,390.29,625.07,1152,527.08
144.9,571.64,706.47,842.71,616.73,406.61,639.54,1165.1,527.92
145,572.66,712.78,841.01,617.37,406.33,662.74,1199.3,524.49
145.1,573.53,719.63,839.52,617.35,404.37,686.82,1235.6,520.62
145.2,573.6,710.79,845.58,621.61,414.28,692.61,1291.8,530.49
145.3,573.59,700.35,852.41,626.31,425.38,696.54,1350,541.75
145.4,581.8,702.59,846.51,625.65,439.5,699.38,1387.5,563.38
145.5,590.85,706.1,839.32,624.44,453.93,702.11,1422.8,586.05
145.6,582.19,713.19,841.24,627,477.09,732.81,1420.1,573.66
145.7,571.73,720.65,844.08,629.94,501.13,766.35,1413.5,557.71
145.8,562.57,722.27,848.39,633.57,514.66,786.15,1402.1,560.35
145.9,553.54,723.31,852.85,637.27,527.12,804.56,1390.3,564.87
146,560.23,729.21,852.03,629.01,518.19,805.18,1360.3,548.74
146.1,568.52,735.61,850.67,619.55,507.08,804.01,1328.4,530.51
146.2,570.67,730.72,847.82,622.44,506.78,806.5,1341.9,538.9
146.3,571.36,723.15,844.63,628.26,509.03,809.87,1366.2,553.6
146.4,565.64,720.46,842.44,623.39,503.97,818.9,1364.5,548.24
146.5,558.4,718.94,840.5,615.97,497.17,829.28,1356.7,538.11
146.6,561.36,717.4,842.93,619.11,496.46,833.04,1358.6,534.27
146.7,566.74,715.85,846.41,624.76,497.2,835.23,1362.9,531.94
146.8,566.19,718.67,849.14,627.19,497.69,842.33,1374.3,535.86
146.9,564.23,722.54,851.7,628.85,498.13,850.6,1387.3,541.28
147,562,723.28,852.63,628.94,509.98,869.07,1393.9,546.56
147.1,559.71,723.28,853.17,628.66,524.55,889.96,1398.9,551.81
147.2,566.07,719.11,855.14,633.59,536.34,921.53,1394,542.14
147.3,574.48,713.95,857.45,639.77,547.46,955.63,1386.9,528.93
147.4,575.39,710.27,854.28,639.68,532.53,943.34,1409.4,530.45
147.5,574.52,706.94,849.81,638.1,511.4,920.03,1438.8,535.48
147.6,571.87,710.74,847.95,635.71,489.66,883.73,1479.7,544.8
147.7,568.78,716.24,846.72,633.13,467.77,844.33,1523.2,555.13
147.8,569.44,719.94,849.19,626.22,467.27,837.8,1507.5,549.72
147.9,570.99,723.21,852.55,618.28,471.87,839.07,1477.6,540.56
148,570.44,723.77,844.83,620.93,463.28,856.13,1474.7,551.26
148.1,569.39,723.69,834.47,626.11,451.56,876.95,1478.2,566.68
148.2,567.75,728.94,840.52,627.26,436.49,859.74,1492.9,576.55
148.3,565.97,735.46,850.46,627.45,420.61,833.49,1510.2,585.11
148.4,572.68,734.59,850.2,627.07,405.14,795.52,1494.8,568.68
148.5,581.41,731.96,847.51,626.57,389.76,754.76,1471.5,546.31
148.6,581.2,726.27,848.46,632.6,379.28,716.35,1461.8,539.57
148.7,578.86,719.85,850.28,640.19,369.97,678.51,1455.3,536.55
148.8,573.11,717.07,850.76,641.73,367.96,656.68,1427.3,525.97
148.9,566.55,715.16,850.93,641.85,367.7,638.66,1394.1,513.6
149,557.91,713.57,849.96,633.3,347.14,615.95,1384.3,515.55
149.1,548.79,712.05,848.73,622.7,321.75,592.12,1380,520.9
149.2,557.26,708.21,844.11,625.54,321.65,590.65,1366,519.42
149.3,569.91,703.81,838.68,631.57,327.55,594.48,1349.8,516.31
149.4,569.24,704.78,837.68,622.89,314.72,580.77,1337,507.12
149.5,565.4,707.03,837.73,610.72,297.42,562.89,1325,496.48
149.6,566.38,704.66,840.33,612.37,303.52,564,1307.5,494.34
149.7,568.5,701.19,843.54,617.31,315.19,569.63,1288.6,494.21
149.8,572.9,707.49,840.35,618.82,330.3,566.78,1270.2,492.1
149.9,577.84,716.1,835.64,619.51,346.23,561.93,1251.9,489.51
150,576.68,713.1,836.28,618.21,354.77,555.33,1227.8,497.59
150.1,574.08,707.33,838.19,616.44,361.55,548.32,1202.3,508.21
150.2,568.45,712.82,836.48,617.55,359.44,542.32,1199.5,508.84
150.3,562.1,720.98,833.91,619.33,355.2,536.57,1202.1,507.09
150.4,565.53,719.44,836.9,620.47,351.8,530.76,1228.7,521.19
150.5,571.29,715.6,841.2,621.44,348.58,524.93,1261,539.05
150.6,568.59,708.65,844.54,627.52,361.52,541.11,1253.9,539.22
150.7,563.89,700.96,847.65,634.8,378.29,562.52,1237.4,535.19
150.8,561.16,706.16,850.21,630,380.48,574.16,1240.3,527.83
150.9,558.91,714.43,852.64,622.34,379.2,583.48,1247.8,519.68
151,561.67,709.57,840.62,619.01,379.01,573.49,1256.3,513.79
151.1,565.63,701.59,825.17,616.72,379.06,558.91,1265.1,508.45
151.2,567.52,702.6,828.57,615.54,384.48,547.56,1257.6,502.17
151.3,568.91,705.74,836.45,614.64,391.18,536.98,1246.3,495.67
151.4,570.22,716.6,834.89,617.44,404.84,540.11,1233.4,500.87
151.5,571.51,729.3,831.09,621.12,420.15,546.5,1220.1,508.85
151.6,568.57,719.1,830.49,625.52,416.25,545.11,1202.4,499.51
151.7,564.62,703.46,830.64,630.09,407.8,541.89,1183.6,486.05
151.8,568.2,700.29,836.14,630.99,400.62,545.16,1197.6,485.57
151.9,573.56,700.09,842.9,631.03,393.74,549.98,1219.4,488.16
152,572.57,700.03,840.69,631.67,386.14,569.9,1226.5,490.79
152.1,570.06,700.01,836.35,632.45,378.37,593.42,1230.1,493.43
152.2,576.44,709.92,838.18,635.55,375.41,595.06,1241.4,496.18
152.3,584.92,722.19,841.47,639.19,373.58,591.52,1254.4,498.95
152.4,589.61,726.28,840.34,638.71,387.91,598.53,1235.5,510.64
152.5,593.39,728.41,838.16,637.25,406.09,608.06,1208.9,524.45
152.6,587.07,718.25,836.67,631.51,414.18,608.74,1201.7,517.84
152.7,578.35,705.17,835.34,624.76,419.88,607.32,1198.9,506.38
152.8,572.45,705.44,834.32,626.39,422.53,604.24,1194.8,507.25
152.9,567.22,708.88,833.37,630.02,424.46,600.76,1190.4,511.06
153,563.39,716.24,842.05,630.48,427.77,590.95,1176.4,517.68
153.1,559.9,724.53,853.01,630.19,431.41,579.63,1160.2,524.96
153.2,567.33,717.21,847.13,628.21,425.85,582.72,1170.4,527.6
153.3,577.36,706.18,837.25,625.83,418.1,589.23,1186.9,529.14
153.4,578.51,715.54,838.89,627.62,402.2,582.21,1199.4,547.58
153.5,577.55,729.75,843.26,630.4,384.37,571.97,1211,570.04
153.6,576.21,720.62,839.89,632.07,376.55,557.86,1233.3,570.35
153.7,574.79,705.95,834.69,633.47,371.12,542.82,1258.1,565.4
153.8,571.22,711,837.57,628.93,365.85,541.57,1253.3,571.02
153.9,567.16,720.73,842.38,622.97,360.61,543.59,1241.4,579.14
154,571.82,719.83,842,630.16,353.84,530.91,1237.4,596.87
154.1,578.55,716.39,840.38,640.48,346.7,514.74,1235.3,616.89
154.2,579.25,713.62,835.5,636.96,346.92,517.98,1232.7,604.1
154.3,578.5,711,829.86,630.15,348.88,525.83,1230,583.52
154.4,579.79,713.2,832,634.69,341.72,525.2,1208.8,578.19
154.5,581.55,716.55,836,641.93,332.39,522.55,1183.3,576.49
154.6,569.96,715.28,832.98,641.69,338.95,526.98,1170.5,570.27
154.7,555.2,712.91,828.29,639.68,349.28,533.1,1160.6,562.99
154.8,556.07,708.16,834.37,631.39,363.93,532.7,1158,556.39
154.9,560.67,702.84,843.02,621.6,379.61,530.75,1157.1,549.94
155,565.63,705.63,852.09,621.26,377.9,530.3,1156.4,548.93
155.1,570.68,710.35,861.26,623.16,372.05,530.22,1155.7,549.2
155.2,572.4,716.24,851.42,628.2,363.74,530.21,1169.8,540.95
155.3,573.32,722.42,837.06,633.98,354.84,530.21,1187.5,530.69
155.4,573.16,721.64,838.32,634.98,352.56,539.34,1206.6,538.76
155.5,572.74,719.2,843.28,634.85,351.86,550.63,1226,551.19
155.6,566.2,719.28,851.95,626.67,356.93,582.73,1256.5,547.34
155.7,558.19,719.95,861.49,616.57,363.36,619.78,1289.6,539.61
155.8,559,715.8,854.51,617.65,354.31,632.62,1335.9,535.26
155.9,561.9,710.5,843.59,621.39,341.57,639.7,1385.4,531.71
156,565.42,706.43,847.03,618.64,350.83,660.77,1395.6,545.23
156.1,569.09,702.66,853.87,614.36,365.3,685.17,1396.5,562.8
156.2,568.58,702.43,849.59,620.74,367.69,697.12,1401.5,567.26
156.3,567.08,703.05,842.66,629.65,367.2,706.13,1407.5,568.61
156.4,562.89,708.43,848.04,622.29,377.57,725.42,1415.1,573.65
156.5,558.07,714.94,856.36,611.08,390.51,747.15,1423,579.57
156.6,558.8,715.86,853.56,612.31,389.32,749.64,1480.7,580.16
156.7,560.85,715.44,848.12,616.5,384.77,747.55,1550.3,579.48
156.8,559.6,711.18,849.67,620.37,390.69,759.69,1571.8,583.33
156.9,557.56,706,852.89,624.17,399.1,775.21,1581.9,588.26
157,560.14,707.53,848.52,623.48,385.26,776.31,1593.7,591.87
157.1,563.83,710.67,842.34,621.74,366.14,773.98,1605.9,595.17
157.2,568.73,714.59,845.21,626.66,366.4,785.92,1601.6,594.23
157.3,573.93,718.7,850.23,633.18,371.28,801.25,1593.3,592.27
157.4,578.79,728.28,857.36,625.69,386.45,819.4,1590.1,591.78
157.5,583.58,739.17,864.99,614.87,404.07,838.23,1588.1,591.64
157.6,577,738.67,857.65,614.9,399.41,840.64,1591.5,600.17
157.7,567.72,735.47,846.76,617.5,389.46,839.16,1596.3,610.76
157.8,564.19,734.04,845.5,615.46,380.12,848.95,1600.7,610.78
157.9,562.03,733.05,846.53,612.32,370.93,861.43,1605,608.28
158,558.82,731.43,843.04,613.16,392.08,878.53,1576,605.72
158.1,555.36,729.67,838.47,614.95,420.43,896.74,1539,603.14
158.2,572.74,729.68,845.23,618.18,425.86,895.04,1530.1,615.97
158.3,595.06,730.11,854.68,621.75,425.83,888.61,1527.9,632.47
158.4,587.78,728.4,854.51,617.87,437.47,886.6,1533.7,629.81
158.5,573.46,726.17,852.06,612.22,451.89,885.64,1541.3,622.6
158.6,572.15,729.4,853.53,617.92,463.76,895.06,1563.4,622.72
158.7,573.94,733.94,855.93,626.32,475.04,906.94,1588.9,624.58
158.8,578.56,739.02,851.63,628.23,509.96,935.46,1579,613.51
158.9,584.36,744.33,844.57,627.47,554.64,970.84,1554.5,597.11
159,586.64,745.37,844.3,627.01,579.52,998.85,1541,595.83
159.1,587.47,744.65,846.83,626.66,596.25,1023.8,1532,600.78
159.2,586.03,743.33,849.55,619.34,603.35,1038,1527.2,592.32
159.3,583.64,741.77,852.36,609.13,606.49,1047.8,1524.2,578.34
159.4,571.38,740.85,861.69,616.38,591.49,1042.5,1543.4,578.8
159.5,555.05,740.19,873.73,630.83,569,1031,1571.8,585.22
159.6,562.43,731.99,869.32,628.64,563.86,1030.6,1595.8,597.11
159.7,579.58,720.68,858.14,619.59,565.87,1034.8,1617.9,611.26
159.8,581.75,717.73,853.71,624.43,570.02,1038.9,1637.5,617.85
159.9,577.73,718.22,852.07,635.01,575.06,1042.8,1656.1,621.31
160,576.28,712.1,846.81,630.4,571.38,1048.3,1649.9,612.73
160.1,575.88,703.27,840.06,619.53,564.1,1054.3,1633.6,599.17
160.2,572.78,710.98,848.41,620.38,558.82,1057.7,1621.8,595.17
160.3,568.56,725.53,862.99,626.07,554.36,1059.9,1611.9,595.11
160.4,574.1,724.2,863.42,626.18,523.48,1037.3,1622,600.16
160.5,583.66,716.32,858.02,623.99,481.71,1004.4,1640.3,607.32
160.6,576.52,715.36,852.07,619.76,475.18,987.93,1653.7,607.06
160.7,562.48,717.25,845.89,614.68,483.19,978.28,1665.2,603.74
160.8,562.07,718.37,843.3,618.26,507.19,995.24,1660.7,598.05
160.9,567.28,719.16,842.19,625.42,537.78,1023.2,1649.7,591.38
161,575.46,723.2,846.78,621.78,559.22,1045.6,1611.2,578.27
161.1,584.85,728.57,853.72,613.69,576.88,1065.7,1561.3,562.5
161.2,580.44,724.79,850.77,612.71,583.02,1058.9,1528.9,559.81
161.3,570.34,717.24,843.74,614.68,584.42,1040.8,1503.5,562.5
161.4,564.52,716.81,839.93,612.99,575.85,1007.4,1510,567.53
161.5,560.46,719.3,837.44,609.8,563.17,967.75,1529.5,573.53
161.6,558.33,719.79,838.11,613.71,560.78,923.81,1517.6,573.93
161.7,557,719.46,840.09,620.56,562.64,878.12,1492.8,572.02
161.8,566.67,716.18,840.89,617.34,560.79,863.78,1459.8,562.29
161.9,580.88,711.68,841.21,609.97,557.41,862.38,1423.4,549.35
162,583.73,711.91,842.04,614.17,549.25,835.94,1408.3,545.99
162.1,581.89,714.09,843.07,623.14,539.12,799.18,1402.1,546.58
162.2,584.48,720.87,847.46,628.17,541,797.59,1372.3,553.18
162.3,588.91,729.54,853.25,631.56,547.84,810.51,1332.8,562.26
162.4,583.93,733.39,849.34,623.68,555.95,796.82,1309.7,553.8
162.5,575.08,735.25,841.44,611.15,564.59,772.14,1293.3,538.11
162.6,566.43,733.52,835.55,614.42,556.19,748,1270.4,529.68
162.7,557.86,730.31,830.5,624.2,540.75,724.09,1244.8,524.24
162.8,556.6,721.14,833.57,623.58,535.04,708.62,1240.4,518.96
162.9,558.36,709.51,839.98,618.67,533.35,696.65,1244.7,513.75
163,566.37,711.8,839.57,619.48,538.54,719.31,1254.6,516.37
163.1,576.96,719.83,836.33,622.65,546.56,756.24,1266.6,522.22
163.2,577.1,719.2,839.03,615.18,560.17,765.77,1258.5,523.02
163.3,572.93,715.01,844.17,603.32,576.08,764,1242.1,521.75
163.4,572.72,708.28,837.82,607.64,579.93,750.75,1232.1,517.55
163.5,574.14,700.51,826.72,618.64,578.8,732.76,1224.6,512.14
163.6,577.7,710.58,829.13,620.35,560.84,724.67,1210.4,511.09
163.7,582.14,728.01,837.11,618.25,535.95,720.66,1193.3,511.82
163.8,576.69,728.9,840,621.27,519.3,703.54,1172.9,513.96
163.9,567.17,722.96,840.79,626.41,506.05,681,1151.1,516.68
164,561.9,720.15,841.46,623.55,490.35,665.6,1148,507.98
164.1,558.4,718.63,842.07,617.4,473.63,653.14,1152.6,494.57
164.2,567.75,717.88,836.23,616.55,466.47,649,1150.2,496.06
164.3,582.4,717.46,827.74,617.89,463.24,648.3,1145,503.7
164.4,576.96,722.13,833.71,616.69,458.59,653.85,1136.9,501.74
164.5,563.23,728.92,845.64,614.45,453.35,661.98,1127.5,495.81
164.6,565.25,736.28,851.21,619.65,448.2,657.05,1117.5,494.65
164.7,573.76,743.88,854.17,627.92,443.09,646.74,1107.2,495.45
164.8,570.43,739.59,848.15,632.47,430.27,635.24,1112.2,491.48
164.9,562.21,730.39,838.44,635.49,414.27,623.24,1123.5,485.54
165,562.6,731.74,841.34,627.3,406.86,606.32,1124.3,491.06
165.1,566.55,737.44,849.44,614.49,402.99,587.38,1120.6,501.31
165.2,575.81,730.03,839.3,609.44,409.75,584.82,1121.9,502.84
165.3,587.27,717.21,821.64,607.58,420.89,589.01,1125.2,500.78
165.4,579.36,720.23,817.91,611.25,430.36,585.65,1129.5,488.53
165.5,563.46,729.78,819.93,617.21,439.13,579.18,1134.3,472.08
165.6,559.56,734.64,829.25,618.57,444.99,610.96,1159.1,470.62
165.7,560.61,737.58,841.58,618.03,449.65,658.51,1192.2,475.34
165.8,570.22,727.32,846.59,620.85,460.17,697.8,1210.4,479.2
165.9,583.34,711.61,848.58,625.04,473.11,733.69,1222.4,482.71
166,576.21,702.66,847.31,627.81,469.16,765.34,1247.4,485.59
166.1,560.71,696.48,844.69,629.99,458.25,795.24,1277.6,488.21
166.2,555.32,698.71,842.03,620.88,457.24,811.67,1310,493.8
166.3,554.1,704.41,839.35,607.11,460.32,822.54,1343.2,500.6
166.4,559.53,714.99,845.69,600.07,442.67,828.81,1374.2,515.01
166.5,567.7,727.58,855.74,595.8,416.46,833.17,1404.3,532.55
166.6,569,731.6,860.19,606.15,401.3,831.22,1445.5,545.02
166.7,567.48,732.08,862.32,622.54,390.7,826.67,1491.1,555.39
166.8,562.88,728.68,862.31,626.15,384.74,836.54,1529.6,553.74
166.9,557.01,723.69,861.42,624.51,380.68,852.34,1565.1,547.14
167,561.97,720.89,857.37,627.68,404.21,874.98,1582.3,555.27
167.1,571.39,719,852.03,632.84,439.11,900.43,1592,569.48
167.2,574.77,722.05,849.26,625.57,461.45,912.53,1571.8,571.11
167.3,575.66,727.15,847.57,613.17,478.61,919.13,1539.2,567.56
167.4,578.31,724.11,850.58,618.72,493.35,927.68,1529.4,567.17
167.5,581.69,717.72,855.53,631.67,507.09,937.04,1529,568.09
167.6,581.36,718.45,855.09,632.69,513.89,964.47,1528.6,568.83
167.7,579.5,722.12,852.43,628.77,517.82,999.35,1528.2,569.52
167.8,568.28,724.91,852.2,629.92,515.09,1006.2,1563.9,574.55
167.9,553.21,727.32,852.98,633.15,509.61,1001.6,1614.6,581.39
168,556.21,729.54,851.49,631.69,510.16,999.96,1613,579.85
168.1,566.65,731.67,849.05,628.3,513.19,999.61,1589.8,574.86
168.2,572.17,726.63,857.28,621.66,515.76,998.46,1590.6,580.14
168.3,575.65,718.62,869.91,613.67,518.13,997,1601.2,589.67
168.4,571.25,721.24,866.52,616.45,512.03,991.83,1598.8,590.43
168.5,563.59,728.25,856.52,623.66,502.44,985.15,1591.1,587.56
168.6,559,731.35,858.33,622.82,516.07,991.32,1587.7,588.65
168.7,555.68,732.84,865.01,618.67,539.27,1002.8,1586.1,591.38
168.8,553.7,731.59,858.68,614.02,534.63,994.04,1578.4,590.73
168.9,552.28,729.2,846.97,609.16,518.5,976.94,1568.2,588.7
169,563.25,731.18,851.58,618.22,518.53,967.71,1564,587.02
169.1,579.34,734.96,862.92,633.04,525.22,961.73,1562.2,585.48
169.2,581.01,733.59,864.27,625.24,514.1,947.09,1575.2,571.37
169.3,576.74,730.08,861.5,608.11,495.63,928.89,1594.3,552.06
169.4,568.92,725.57,859.02,609.64,481.77,918.32,1596.5,557.42
169.5,559.64,720.63,856.65,618.87,469.8,910.89,1591.6,572.94
169.6,561.5,728.33,853.32,619.44,450.08,893.53,1595.4,576.41
169.7,567.96,741.24,849.6,616.45,427.16,872.08,1602.8,574.92
169.8,569.42,744.82,853.2,621.37,427.3,887.74,1599.1,587.08
169.9,568.82,744.54,859.84,629.55,436.94,918.71,1590.8,604.87
170,575.27,737.43,858.03,626.94,447.33,926.19,1600.3,601.97
170.1,584.63,727.52,852.73,619.88,458.03,923.98,1617.1,590.54
170.2,582.3,725.88,852.42,615.21,464.49,925.58,1621.2,584.29
170.3,575.15,727.65,854.16,611.53,469.19,928.76,1620,580.19
170.4,572.16,729.49,853.28,605.84,459.16,930.63,1644.8,583.83
170.5,570.9,731.35,851.33,599.31,443.05,931.96,1680.1,590.65
170.6,571.63,728.31,850.25,603.39,440.58,924.44,1688.7,600.14
170.7,573.19,723.26,849.54,611.85,443.73,913.27,1686.2,610.73
170.8,573.56,724.94,853.31,621,459.99,912.26,1653.9,603.47
170.9,573.45,729.41,858.93,630.44,481.66,915.44,1609.3,588.85
171,570.17,726.95,859.78,630.77,491.04,928.7,1620.9,590.05
171.1,565.59,721.63,858.66,627.35,495.35,946.11,1655.6,597.77
171.2,562.85,719.38,860.7,626.67,479.7,938.8,1679.7,610.14
171.3,560.86,718.4,864.05,627.13,455.81,921.29,1699.4,624.42
171.4,559.89,719.87,861.64,626.9,445.3,916.37,1721.5,628.38
171.5,559.34,722.34,856.85,626.4,440.3,916.63,1744.7,628.08
171.6,561.81,716.32,853.49,627.13,437.16,917.11,1736.6,626.16
171.7,566.21,704.83,851.04,628.67,435.22,917.72,1708.4,623.19
171.8,567.62,713.21,845.54,624.88,455.6,932.18,1679.7,616.82
171.9,567.09,734.4,838.07,617.66,490.37,955.58,1650.6,608.26
172,569.78,736.87,837.62,612.18,509.31,977.01,1631.9,608.53
172.1,574.53,727.28,841.69,607.8,518.05,997.17,1619.8,614.49
172.2,580.65,718.45,837.69,611.12,503.57,1007.2,1601.2,607.19
172.3,587.67,710.1,828.47,619.4,474.12,1010.7,1578.4,591.33
172.4,588.91,716.36,826.18,630.95,495.3,1008.6,1562.9,587.67
172.5,586.45,732.05,828.36,644.61,549.13,1002.9,1552,591.88
172.6,577.28,740.57,837.73,639.9,588.59,1011.1,1534.9,596.2
172.7,563.79,744.47,851.74,623.35,618.8,1028.2,1513.8,600.59
172.8,566.05,739.21,851.49,620.03,621.9,1042.9,1511.7,603.75
172.9,578.47,728.04,842.06,625.25,607.54,1056,1521.7,606.1
173,584.33,730.05,841.48,628.54,611.44,1058.5,1528.7,605.11
173.1,585.97,740.56,846.63,630.59,627.11,1054.2,1533.8,601.96
173.2,583.37,735.8,852.38,623.72,657.32,1069.9,1522.5,598.65
173.3,578.03,721.2,858.52,611.11,696.9,1098.5,1500.6,595.24
173.4,572.3,716.67,857.76,611.22,704.52,1111,1508.9,595.27
173.5,566.32,718.63,852.54,619.54,691.54,1112.9,1536.6,597.53
173.6,564.57,721.83,855.31,622.49,662.2,1098.1,1546.2,593.37
173.7,565.54,725.84,863.23,621.98,622.3,1072.4,1544.1,585.07
173.8,569.1,722.07,861.63,621.58,598.14,1042.8,1551.1,585.23
173.9,574.33,713.3,853.89,621.24,584.12,1010.8,1563.8,590.84
174,570.63,718.07,846.34,620.34,564.64,992.84,1584.2,606.67
174.1,561.18,731.56,838.91,619.07,541.64,983.87,1609.4,629.09
174.2,561.85,729.43,844.96,613.27,530.15,981.51,1624.6,631.68
174.3,569.03,717.23,859.69,604.55,526.09,983.42,1633.4,621.49
174.4,565.7,713.44,866.3,609.22,513.72,977.43,1633.2,615.73
174.5,555.59,715.09,867.66,622.53,495.99,966.35,1627,612.84
174.6,557.99,722.27,863.64,621.77,487.62,964.97,1621.1,607.46
174.7,568.45,733.03,856.14,611.96,485.28,969.85,1615.2,600.47
174.8,564.25,735.86,849.78,615.68,479.16,956.8,1596.9,599.59
174.9,550.6,733.57,844.14,628.12,470.61,932.18,1570.6,602.65
175,553.59,727.29,846.24,627.37,479.36,935.79,1553.7,602.52
175.1,567.31,718.43,853.31,618.11,499.26,957.59,1542.9,600.32
175.2,570.25,716.43,854.43,621.09,499.68,947.96,1532.8,602.4
175.3,566.23,718.86,851.72,631.96,487.54,918.08,1523.1,607.24
175.4,564.77,727.42,850.58,629.3,480.01,920.36,1509.5,607.45
175.5,564.96,739.92,850.44,617.92,475.46,943.38,1493.4,604.66
175.6,570.94,746.05,849.28,621.25,488.45,953.8,1482.3,599.09
175.7,580.66,748.06,847.44,634.07,512.76,956.1,1474.5,591.73
175.8,590.7,744.18,849.44,635.62,529.65,982.92,1455.7,590.71
175.9,600.93,736.48,853.91,629.9,541.75,1025.6,1429.8,593.76
176,596.94,731.54,851.15,621.86,562.5,1061.2,1422.6,587.64
176.1,583.78,728.37,843.72,612.33,588.82,1092.2,1427.4,575.61
176.2,583.33,719.75,838.08,609.51,603.33,1084.1,1425.6,567.81
176.3,591.08,707.62,833.57,611.01,610.24,1050.7,1419.6,562.73
176.4,584.2,711.07,836.46,607.52,622.7,1027.5,1408.7,555.59
176.5,567.89,724.55,844.11,600.81,638.75,1010.9,1394.7,547.12
176.6,561.64,728.93,843.53,605.84,633.01,1004.3,1385.7,542.51
176.7,561.87,727.43,837.64,618.44,613.23,1004.1,1379.9,540.39
176.8,557.9,725,839.71,618.23,604.26,985.89,1369.8,540.52
176.9,551.22,721.97,846.92,609.76,602.27,956.06,1356.8,542.11
177,554.71,724.24,847.6,610.26,588.89,942.72,1359.4,543.57
177.1,564.77,729.94,844.07,616.54,568.15,940.01,1371.9,544.93
177.2,569.82,734.23,844.75,617.02,547.82,938.9,1368.4,547.77
177.3,571.63,737.62,848.14,613.76,527.74,938.83,1354.5,551.57
177.4,569.85,737.62,850.75,605.56,530.24,943.02,1350,549.23
177.5,565.75,735.45,852.87,594.19,547.3,949.97,1351.7,542.95
177.6,561.5,731.23,855.05,592.87,560.56,956.14,1354.1,536.38
177.7,557.15,725.69,857.26,598.04,571.36,961.83,1357,529.62
177.8,560.95,721.98,852.84,601.48,572.25,948.55,1346.6,529.57
177.9,570.01,719.43,844.15,603.81,566.75,923.05,1327.7,533.83
178,570.06,718.92,838.91,611.15,555.37,908.29,1322.6,534.33
178.1,564.31,719.71,835.9,621.72,540.21,900.46,1326.5,532.41
178.2,563.7,723.83,836.44,618.39,525.53,896.39,1342.9,541.27
178.3,566.41,730.11,839.26,606.09,511.18,894.74,1367.3,557.07
178.4,565.4,733.12,840.45,607.8,509.81,905.15,1367.9,551.9
178.5,561.99,734.03,840.6,618.54,516.81,923.32,1353.1,533.2
178.6,561.22,728.2,844.39,621.21,508.34,910.61,1384.5,533.7
178.7,562.15,718.03,850.52,618.69,489.89,877.99,1445.5,546.59
178.8,570.04,715.15,849.32,618.3,497.61,888.77,1465.9,548.48
178.9,582.41,716.96,843.4,619.29,522.2,927.53,1460.1,543.27
179,580.79,719.52,845.2,620.39,553.93,951.47,1440.5,538.01
179.1,570.15,722.55,851.98,621.56,590.25,965.86,1412,532.72
179.2,563.02,718.46,848.77,620.86,607.66,967.28,1393.9,537.87
179.3,558.15,709.77,839.12,618.96,612.87,960.34,1382.6,549.76
179.4,558.6,711.52,838.12,618.5,602.31,954.89,1391.4,553.1
179.5,562.5,720.01,842.69,618.96,581.59,950.4,1413.3,550.93
179.6,569.58,727.13,844.93,618.24,550.81,925.67,1414.6,550.21
179.7,578.72,733.36,845.67,616.77,513.56,887.88,1402.6,550.43
179.8,581.22,734.82,846.75,616.33,510.51,880.6,1412.1,553.4
179.9,579.44,733.21,848.04,616.55,529.51,893,1435.4,558.13
180,580.6,728.21,850.05,615.26,543.43,902.77,1434.8,569.08
180.1,583.65,721.03,852.52,612.99,554.07,910.86,1418.7,584.02
180.2,580.63,715.93,851.62,617.78,584.02,951.68,1395,579.66
180.3,573.7,712.18,848.53,627.14,626.42,1013.6,1366.4,562.86
180.4,574.39,713.94,847.83,629.97,626.59,1035.8,1359.4,558.28
180.5,579.99,719.27,848.67,628.61,599.55,1032.5,1366.2,561.57
180.6,579.11,721.91,846.77,623.23,589.46,1029.5,1381.4,568.66
180.7,574.07,722.81,843.1,615.26,590.31,1026.7,1402.2,578.19
180.8,567.96,722.26,842.63,610.82,578.55,1016.4,1405.6,572.86
180.9,561.17,720.75,844.22,608.66,558.67,1001.3,1398,557.94
181,560.28,723.74,847.76,608.52,554.36,994.53,1394.5,558.05
181.1,563.18,729.61,852.54,609.68,560.1,993.14,1393.7,567.83
181.2,561.84,733.52,848.28,612.08,572.15,986.08,1400.4,570.43
181.3,557.75,736.15,838.18,615.28,588.28,975.36,1412,568.39
181.4,558.29,733.05,836.74,614.06,599.48,972.47,1418.8,563.1
181.5,561.83,726.27,840.89,609.98,607.5,974.64,1422.5,555.72
181.6,563.06,731.52,847.25,609.73,588.57,953.77,1434.7,559.74
181.7,562.81,744.53,855.05,611.93,552.26,918.07,1452.2,571.13
181.8,556.64,746.48,856.44,612.42,554.76,921.5,1450.8,579.24
181.9,546.66,741.29,853.72,611.81,582.29,950.16,1437.2,585.26
182,549.25,738.99,856.25,612.18,598.78,963.05,1451.6,581.76
182.1,559.96,738.54,862.18,613.2,608.16,965.77,1483.9,572.13
182.2,567.03,732.93,863.92,611.88,600.34,958.27,1524.7,570.19
182.3,571.77,724,862.94,609.06,581.43,944.18,1570.9,573.19
182.4,570.17,723.75,864.16,608.15,558.65,929.87,1629,582.54
182.5,564.48,729.09,866.8,608.45,533.38,915.43,1694.8,595.97
182.6,564.71,734.71,862.48,609.62,515.27,914.99,1726.5,602.84
182.7,568.75,740.52,853.68,611.35,501.79,923.59,1736.2,605.47
182.8,571.15,736.24,851.24,614.43,503.27,927.36,1721.5,600.64
182.9,572.47,725.46,852.91,618.38,514.4,928.03,1691.1,590.99
183,567.95,728.97,850.34,614.83,517.98,929.49,1656.6,586.37
183.1,559.65,741.69,845.03,606.44,516.7,931.46,1619.3,585
183.2,566.34,739.71,838.96,606.13,517.67,939.44,1583.8,577.57
183.3,582.69,728.24,832.4,611.03,520.11,951.31,1549.6,566.25
183.4,585.8,720.81,829.75,612.4,544.61,957.3,1512.1,560.74
183.5,580.38,715.99,829.6,611.49,583.34,959.5,1472.4,558.99
183.6,577.6,721.55,828.94,614.98,597.37,961.88,1442.6,554.73
183.7,576.54,733.82,827.94,621.31,595.49,964.38,1419.1,548.86
183.8,572.89,731.15,835.11,621.15,585.63,952.75,1409.3,545.65
183.9,567.59,718.85,847.56,616.8,570.64,932.02,1408.4,544.17
184,566.86,715.06,850.05,615.78,551.3,941.63,1401.4,543.33
184.1,569.07,716.76,846.11,616.91,529.14,970.81,1390.4,542.92
184.2,566.96,718.76,842.81,612.9,529.29,1001.1,1400.1,551.68
184.3,562.06,720.95,839.93,605.58,543.83,1032.1,1423,566.35
184.4,561.73,725.35,837.76,604.29,557.67,1041.5,1416.7,575.8
184.5,565.82,731.87,836.27,608.84,570.83,1029.9,1382,580.2
184.6,564.61,732.9,839.59,610.13,575.18,1015.3,1355.8,574.48
184.7,558.25,728.61,847.57,608.28,570.98,997.7,1337.7,558.97
184.8,560.87,729.07,846.66,610.88,572.41,982.39,1320.8,541.43
184.9,572.19,734.14,837.15,617.79,579.28,969.32,1305,521.92
185,575.43,727.09,832.03,619.31,582.41,949.31,1287.2,516.78
185.1,570.85,708.31,831.17,615.61,581.92,922.58,1267.7,525.56
185.2,573.81,698.31,828.95,615.38,577.08,899.12,1246.3,525.74
185.3,584.06,696.8,825.43,618.49,568.02,878.82,1222.9,517.6
185.4,584.67,696.63,827.44,619.64,564.38,850.67,1216,508.77
185.5,575.95,697.77,834.81,618.89,565.96,814.91,1224.8,499.3
185.6,565.54,701.93,835.63,617.1,574.79,787.8,1219.2,494.44
185.7,553.51,709.01,830.08,614.28,590.63,769.07,1199.6,494.04
185.8,551.91,714.51,829.91,612.91,594.14,763.05,1185.5,490.32
185.9,560.41,718.5,834.92,612.93,585.69,769.33,1176.7,483.38
186,566.74,720.1,838.61,613.6,572.57,758.6,1176.3,481.93
186.1,570.98,719.4,841,614.88,554.92,731.39,1183.9,485.78
186.2,578.01,717.52,843.41,614.46,554.58,716.7,1180.8,485.31
186.3,587.73,714.49,845.85,612.39,571.01,714.14,1167.5,480.65
186.4,583.65,713.89,844.04,611.72,569.96,709.8,1180.9,481.23
186.5,566.18,715.64,838.11,612.42,551.97,703.74,1220.2,486.89
186.6,563.27,713.16,835.37,615.56,537.46,707.59,1248,493.32
186.7,574.45,706.57,835.7,621.05,526.33,721.04,1264.6,500.48
186.8,578.18,700.49,837.6,619.51,508.13,717.8,1270.3,504.32
186.9,574.66,694.9,841.03,611.17,483.11,698.4,1265.4,504.96
187,573.23,692.44,839.38,602.82,470.13,679.67,1247.4,502.73
187.1,573.82,693,832.81,594.47,468.81,661.62,1216.8,497.73
187.2,571.08,699.25,830.26,598.18,455.34,651.87,1199.8,494.03
187.3,565.1,711.02,831.59,613.57,430.09,650.17,1196.2,491.6
187.4,562.39,711.97,831.24,616.21,419.6,642.76,1191.2,496.05
187.5,562.83,702.43,829.26,606.5,423.41,629.83,1185.1,507.16
187.6,564.08,704.57,825.61,609.27,421.38,623.53,1175,501.61
187.7,566.11,718.05,820.36,624.11,413.71,623.66,1161.1,479.93
187.8,566.7,719.88,817.81,623.03,408.94,620.48,1149.4,475.62
187.9,565.9,710.43,817.87,606.53,406.97,614.08,1140,488.14
188,568.6,708.11,821.11,599.26,404.51,612.76,1134.9,493.78
188.1,574.69,712.69,827.43,600.91,401.55,616.34,1134.1,492.77
188.2,575.42,715,833.49,600.78,392.54,613,1142.5,492.06
188.3,570.95,715.11,839.29,598.93,377.65,602.98,1159.6,491.65
188.4,566.27,713.51,844.08,600.36,372.42,607.27,1156.2,487.96
188.5,561.37,710.25,847.89,604.99,376.54,625.43,1132.9,481.1
188.6,561.37,707.76,841.62,609.45,383.87,644.41,1131.2,477.89
188.7,566.11,706.01,825.59,613.74,394.31,664.18,1150.2,478.22
188.8,563.64,707.53,824.34,612.24,407.96,699.43,1166.2,481.42
188.9,554.2,712.21,837.4,605.12,424.75,749.68,1179.2,487.38
189,551.4,715.87,841.79,610.21,437.08,782.3,1195.6,484.35
189.1,555.02,718.54,837.77,627.13,445.1,797.87,1215.2,472.59
189.2,557.32,713.95,838.16,631.75,455.19,815.13,1240.3,474.61
189.3,558.33,702.32,842.81,624.48,467.28,834.05,1270.7,489.96
189.4,562.28,700.17,842.73,619.46,477.72,854.02,1291.1,499.96
189.5,569.07,707.2,838.08,616.64,486.56,875,1301.8,504.78
189.6,570.54,714.25,840.91,614.4,492.01,892.84,1323.5,515.12
189.7,566.86,721.34,850.97,612.72,494.18,907.64,1355.9,530.81
189.8,563.98,726.96,854.37,613.27,494.83,919.3,1377.4,541.42
189.9,561.9,731.16,851.32,615.98,494,927.92,1388.5,547.12
190,565.65,734.05,848.27,615.39,499.44,932.76,1390.7,548.18
190.1,575.06,735.69,845.2,611.59,510.95,933.94,1384.3,544.74
190.2,576.76,732.71,844.92,612.09,512.81,931.55,1397.1,549.67
190.3,570.99,725.26,847.33,616.75,505.3,925.69,1428.7,562.71
190.4,563.99,717.17,846.55,614.13,494.42,911.81,1442.4,572.03
190.5,555.8,708.46,842.68,604.44,480.27,890.15,1438.9,577.75
190.6,550.92,708.93,841.2,605.28,472.09,878.8,1462.8,579.97
190.7,549.25,718.29,842.04,616.3,469.7,877.43,1513.3,578.82
190.8,551.54,719.75,847.67,623.25,468.57,880.96,1546.7,579.98
190.9,557.68,713.55,857.95,626.27,468.67,889.22,1563.4,583.38
191,561.05,710.58,862.82,624.81,465.14,895.16,1564.1,582.52
191.1,561.74,710.76,862.46,619.04,458.09,898.85,1549.5,577.54
191.2,563.08,713.46,859.47,615.54,442.54,887.21,1544.3,575.29
191.3,565.04,718.61,853.92,614.26,418.76,860.72,1548.1,575.66
191.4,566.73,721.29,846.67,615.67,413.49,847.46,1549.5,580.8
191.5,568.13,721.59,837.77,619.69,426.15,847.01,1548.4,590.56
191.6,568.62,725.01,837.92,615.31,432.91,854.85,1543.7,589.23
191.7,568.21,731.47,846.86,602.79,433.96,870.73,1535.5,577.17
191.8,570.67,739,852.14,599.24,445.68,885.14,1518.2,568.13
191.9,575.93,747.58,853.9,604.37,467.74,898.14,1492,562.02
192,574.63,742.84,850.35,607.92,479.12,915.59,1504.5,559.08
192.1,566.98,725.21,841.67,609.96,480.16,937.36,1554.5,559.2
192.2,561.85,724.9,838.75,616.59,472.66,933.24,1596.5,563.15
192.3,559.14,741.35,841.42,627.67,456.88,904.04,1630.9,570.8
192.4,555.17,741.43,845.94,627.3,447,887.01,1635.6,576.05
192.5,549.96,725.65,852.25,615.83,442.83,881.74,1611.3,578.96
192.6,554.33,721.5,853.58,608.37,450.65,888.88,1589,578.23
192.7,567.99,728.6,850.08,604.8,470.09,908.04,1568.5,573.98
192.8,570.96,731.46,846.54,603.46,481.22,914.07,1541.1,574.85
192.9,563.58,730.2,842.95,604.29,484.31,907.39,1507.2,580.67
193,559.94,730.35,843.51,609.09,484.35,904.79,1505,579.86
193.1,559.92,731.87,848.08,617.73,481.43,906.13,1533.6,572.64
193.2,560.2,729.04,851.34,620.05,472.31,888.54,1540.5,573.51
193.3,560.75,722,853.34,616.25,457.2,852.59,1526.3,582.21
193.4,561.64,716.93,854.47,613.37,462.3,849.42,1514,581.31
193.5,562.87,713.78,854.74,611.37,486.95,877.97,1503.2,571.1
193.6,566.79,713.55,849.31,612.27,505.31,897.61,1499.3,571.9
193.7,573.32,716.15,838.35,615.98,517.56,908.62,1501.9,583.37
193.8,572.87,719.18,832.9,618.4,523.47,912.03,1501.7,591.77
193.9,565.65,722.62,832.76,619.58,523.24,908.08,1498.6,597.21
194,564.9,729.23,833.73,620.27,527.42,906.61,1491.8,592.3
194.1,570.4,738.91,835.78,620.5,535.87,907.55,1481.3,577.37
194.2,569.5,738.37,839.62,622.68,543.91,901.67,1471.5,571.97
194.3,562.41,727.92,845.19,626.77,551.53,889.19,1462.3,575.78
194.4,562.85,725.02,847.53,627.11,546.83,885.03,1462.4,579.04
194.5,570.6,729.43,846.73,623.83,530.18,888.92,1471.6,581.76
194.6,574.29,726.06,847.41,623.33,509.91,897.47,1476,583.27
194.7,574.05,715.15,849.53,625.54,486.12,910.53,1475.7,583.61
194.8,572.11,706.59,851.45,621.61,491.24,935.75,1465.3,585.87
194.9,568.51,700.31,853.17,611.75,524.35,972.74,1445.1,589.99
195,566.69,704.9,845.23,608.54,542.21,1017.5,1438,588.27
195.1,566.59,720.03,827.91,611.77,545.29,1069.7,1443.6,580.91
195.2,570.79,727.91,824.58,614.36,541.63,1087.5,1452.1,576.94
195.3,579.15,728.78,834.78,616.34,531.44,1072,1463.2,576.28
195.4,576,729.52,841.52,615.96,521.89,1056.3,1482,570.52
195.5,561.7,730.14,844.92,613.31,512.96,1040.5,1508.1,559.82
195.6,555.52,729.95,844.52,615.28,523.91,1038.9,1510.9,556.63
195.7,557.21,728.97,840.45,621.71,554.14,1051.2,1491.2,560.71
195.8,557.56,723.06,837.61,616.38,562.17,1051.4,1476.7,559.12
195.9,556.64,712.37,835.98,599.63,548.71,1039.9,1467.2,552.02
196,558.07,708.84,839.99,598.74,536.35,1015.1,1465.6,557.82
196.1,561.78,712.24,849.47,613.2,525.05,977.36,1471.8,576.11
196.2,566.57,716.18,849.46,618.19,501.21,946.96,1499.3,595.62
196.3,572.41,720.62,840.25,614.03,465.22,923.66,1547.7,616.32
196.4,574.5,727.22,834.31,609.41,441.74,911.47,1582.9,633.22
196.5,572.95,735.89,831.53,604.34,430.37,910.03,1605.3,646.44
196.6,569.49,736.76,833.94,609.48,435.48,927.83,1615.2,658.63
196.7,564.18,730.09,841.36,624.51,456.56,964.24,1613.1,669.84
196.8,564.25,724.64,844.45,624.75,461.43,975.51,1600,672.58
196.9,569.53,720.4,843.33,610.67,450.61,962.42,1576.2,667.13
197,569.67,723.07,841.63,607.87,450.25,943.78,1550.9,666.47
197.1,564.83,732.45,839.35,615.99,460.02,919.76,1524,670.44
197.2,561.67,735.41,838.58,615.57,475.5,897.8,1499.3,663.88
197.3,560.96,729.05,839.99,602.73,499.23,878.81,1478,642.03
197.4,561.86,727.2,841.11,596.79,507.57,867.99,1451.8,620.22
197.5,565.11,731.88,841.82,600.86,493.58,869.02,1418.5,598.46
197.6,567.86,732.3,841.02,604.75,500.04,871.36,1384.5,582.86
197.7,569.91,726.57,838.04,608.36,536.18,875.6,1349.3,576.19
197.8,571.34,719.38,838.36,609.25,561.53,874.38,1318.1,569.25
197.9,571.87,710.1,843.49,606.19,571.22,865.24,1292.5,561.94
198,572.51,710.6,843.22,606.7,578.42,855.47,1270.2,556.2
198.1,573.3,725.27,835.12,612.39,582.01,844.79,1252.7,552.72
198.2,572.77,733.15,831.93,613.51,589.23,833.74,1239.4,548.51
198.3,570.34,731.19,835.85,608.01,601.73,822.15,1232.4,543.25
198.4,569.23,727.73,835.35,610.32,607.56,805.73,1220.1,533.2
198.5,570.02,722.11,828.42,623.94,603.71,782.29,1200,516.21
198.6,571.38,720.35,823.96,627.54,592.09,756.5,1185.1,509.59
198.7,573.59,724.18,823.06,616.6,569.2,727.28,1177.7,518.02
198.8,575.44,721.22,825.51,610.56,546.72,706.26,1170.7,522.18
198.9,576.77,708.4,832.84,611.64,524.83,697.14,1164.1,520.12
199,578.37,701.87,833.93,611.99,509.11,688.89,1160.6,518.07
199.1,580.37,704.45,825.97,611.27,502.32,681.88,1161.7,516.01
199.2,581.93,703.33,820.65,611.87,491.21,669.68,1159.1,510.28
199.3,582.88,696.83,819.14,614.37,473.82,649.96,1151.1,499.24
199.4,576.55,695.49,822.27,613.73,462.08,628.06,1139.1,492.53
199.5,559.63,701.63,832.15,608.54,458.54,603.01,1121.3,492.12
199.6,552.86,707.01,835.85,608.68,456.62,590.5,1110.4,494.2
199.7,560.8,711.29,830.6,616.56,457.05,596.21,1109.3,499.89
199.8,570.65,712.28,827.46,614.7,455.12,603.03,1112.2,498.85
199.9,583.29,708.48,827.41,598.72,449.76,611.48,1120.8,488.05
200,584.91,705.47,825.68,590.71,453.33,616.39,1116.5,482.97
200.1,570.52,703.6,821.5,594.24,469.86,616.18,1093.6,486.17
200.2,562.63,705.6,823.91,601.79,473.6,615.57,1083.5,489.85
200.3,564.16,713.22,835.89,615.19,458.78,614.39,1092.1,494.22
200.4,566.13,710.72,838.21,619.92,440.29,615.34,1097.3,494.13
200.5,568.71,693.54,826.51,612.06,416.46,619.38,1097.6,487.6
200.6,568.08,689.05,822.36,609.06,404.48,621.2,1104.1,488.37
200.7,562.77,702.99,829.18,613.09,409.72,619.8,1119.6,499.77
200.8,562.35,709.06,833.33,615.24,410.26,614.95,1133.4,501.63
200.9,569,703.71,833.58,614.68,403.96,605.08,1144.9,489.64
201,566.58,706.53,833.47,618.98,404.43,603.96,1151.7,486.98
201.1,551.01,721.21,832.83,630.34,414.72,615.52,1151.8,497.83
201.2,548.09,726.58,834.16,632.96,418.54,631.99,1162.5,506.74
201.3,563.55,718.42,838.35,622.9,412.99,655.6,1188.6,512.83
201.4,568.76,711.32,835.83,617.37,414.13,670.86,1210,520.11
201.5,559.1,705.77,823.59,618.43,424.99,674.03,1224.4,529.11
201.6,555.01,701.19,824.37,615.15,437.53,692.4,1239.9,535.31
201.7,559,698.02,844.03,605.55,452.53,732.85,1257.1,537.46
201.8,560.73,700.37,851.05,604.79,465.65,769,1265.6,541.73
201.9,559.18,710.72,839.73,616.85,476.04,798.91,1261.4,549.08
202,561.37,717.72,837.17,617.95,482.47,814.54,1254.6,549.79
202.1,568.96,719.84,847.32,603.16,483.14,809.45,1243.8,540.83
202.2,572.92,719.5,850.18,596.76,480.84,811.76,1257.5,535.08
202.3,571.62,715.6,842.44,602.56,474.24,824.83,1306.6,533.98
202.4,570.8,712.07,841.73,610.83,470.44,833.58,1345.4,542.97
202.5,570.7,709.07,851.2,622.7,470.71,836.06,1369.1,566.59
202.6,569.69,710.38,851.61,625.11,474.21,833.96,1398.3,584.64
202.7,567.36,717.95,838.87,613.81,482.42,825.23,1435.4,594.61
202.8,566.74,719.34,835.24,608.44,487.5,820.03,1468.8,595.77
202.9,568.58,711.77,844.81,611.69,488.05,819.97,1496.6,584.16
203,571.95,712.36,853.79,613.73,480.84,814.52,1516,577.9
203.1,577.5,724.79,861.9,614.01,462.38,801.25,1523.1,579.42
203.2,581.06,728.81,861.8,613.7,446.75,802.11,1545.7,578.78
203.3,581.69,720.64,849.76,612.54,435.22,823.48,1590.8,575.03
203.4,582.31,717.95,844.5,612.03,422.11,837.73,1617.9,582.49
203.5,582.91,723.2,849.06,612.43,406.72,841.63,1619,606.21
203.6,582.07,723.6,852.43,613.43,404.01,848.92,1617.6,615.09
203.7,579.15,716.97,854.05,615.29,419.71,861.12,1612.7,602.45
203.8,573.89,710.66,856.64,617.15,428.96,876.04,1607.9,599.62
203.9,565.22,704.81,860.64,619.03,428.85,894.91,1603.5,611.03
204,563.56,702.5,859.93,619.3,443.35,907.59,1587.8,618.62
204.1,572.07,705.31,852.42,617.24,479.04,911.29,1555.5,620.66
204.2,577.91,712.71,847.6,611.61,504.74,934.73,1525.4,614.84
204.3,579.87,726.77,846.72,600.8,515.94,986.84,1498.4,597.61
204.4,581.14,735.17,847.97,602.49,523.33,1015.2,1481,590.03
204.5,581.38,735.38,852.29,622.32,525.19,1009,1477.6,596.45
204.6,578.09,735.18,852.89,632.14,522.55,1007.8,1480.1,598.22
204.7,569.68,734.41,848.08,627.43,513.4,1013.9,1491.3,593.24
204.8,565.35,735.29,843.57,621.08,506.86,1017.7,1505.8,596.86
204.9,566.96,738.58,839.52,612.34,504.09,1018.1,1525.2,612.96
205,567.98,735.61,838.44,612.06,511.57,1017.4,1522.7,623.69
205.1,568.15,723.58,841.68,624.07,533.93,1015.1,1488.6,626.64
205.2,570.4,719.78,842.27,628.49,547.28,1017.9,1473.2,628.98
205.3,575.66,727.94,839.04,621.91,547.59,1028.1,1485.2,630.44
205.4,577.95,733.81,834.04,617.56,554.67,1041.5,1487.1,625.23
205.5,575.95,736.38,826.49,616.44,571.57,1059.4,1474.4,610.31
205.6,575.2,734.93,826.65,613.75,580.24,1059,1455.3,601.57
205.7,576.28,727.62,838.01,608.76,576.96,1032,1426.9,601.77
205.8,571.78,725.5,847.43,607.17,573.82,1011.3,1411,600.69
205.9,559.18,730.9,854.03,610.5,570.87,999.74,1412.9,597.77
206,554.99,733.72,856.97,611.6,554.74,989.98,1425.1,592.98
206.1,563.01,732.8,854.6,609.45,519.47,982.88,1452.3,585.46
206.2,566.23,733.64,850.61,610.61,489.87,967.89,1489.6,583.14
206.3,562.5,737.03,844.29,616.58,468.48,941.44,1541.7,588.35
206.4,562.34,736.04,841.82,616.08,455.32,928.79,1572.7,602.62
206.5,567.33,728.67,844.97,606.18,454.12,936.18,1573,630.03
206.6,569.51,722.6,848.72,609.64,445.06,942.29,1576.4,642.14
206.7,567.6,718.42,853.32,632.46,424.61,946.55,1584.3,632.04
206.8,563.69,713.32,853.91,642.78,415.22,949.37,1591.1,630.14
206.9,556.89,706.86,848.66,634.96,421.89,950.1,1596.2,640.14
207,552.93,703.47,842.71,624.68,425.78,943.97,1596.2,641.84
207.1,553.09,704.54,835.73,610.86,425.62,927.9,1588.5,631.51
207.2,554.86,709.3,830.34,607.19,428.17,911.51,1573.7,630.35
207.3,558.95,719.43,827.26,618.26,434.64,894.66,1548.3,642.48
207.4,565.44,723.45,827.87,623.92,452.27,896.31,1513.5,644.77
207.5,575.41,718.61,833.82,621.75,486.09,924.79,1464.7,632.77
207.6,579.72,718.81,836.49,619.91,508.81,933.48,1428.1,621.63
207.7,575.79,726.32,834.39,618.56,515.39,913.47,1408.9,611.74
207.8,570.74,728.4,836.51,620.06,522.67,892.72,1392.6,612.3
207.9,564.07,722.58,844.72,625.67,530.95,870.92,1380.4,628.03
208,565.38,720.91,848.86,626.55,524.33,855.45,1390.6,650.53
208.1,578.25,725.24,847.09,620.58,496.1,849.17,1432.9,682.85
208.2,579.99,727.1,843.33,613.32,476.57,843.63,1465.1,701.06
208.3,565.57,725.38,836.68,604.2,469.65,839.18,1482.5,698.79
208.4,556.48,722.83,836.3,599.25,462.52,840.93,1482,698.61
208.5,555.16,719.07,845.04,600.36,455.06,851.65,1455.4,701.43
208.6,556.63,717.66,849.37,607.87,460.36,857.15,1448.4,693.93
208.7,562.15,719.65,847.32,624.65,484.15,855.06,1470,671.45
208.8,568.14,719.65,846.14,630.13,503.86,869.11,1476.9,655.17
208.9,574.79,716.75,846.24,619.24,517.66,906.58,1462.7,647.89
209,575.82,717.92,845.5,613.41,529.27,927.66,1443.1,641.69
209.1,568.67,724.97,843.53,614.95,537.71,924.96,1415.4,637.06
209.2,567.17,727.66,844.64,614.87,538.08,918.96,1401,634.31
209.3,573.85,724.04,850.18,612.45,526.74,908.19,1405.9,634.28
209.4,577.64,724.19,852.21,612.53,520.07,896.86,1409.5,632.02
209.5,577.22,729.84,849.12,616.23,520.17,884.73,1411.1,626.54
209.6,579.49,732.33,843.86,618.47,531.01,887.85,1411.2,619.52
209.7,585.67,730.25,835.42,618.6,557.45,913.11,1409.3,610.29
209.8,581.27,732.06,830.9,620.2,575.97,932.54,1401.2,604
209.9,561.51,739.51,832.05,623.94,583.03,943.49,1384.3,601.99
210,548.6,736.98,835.62,624.68,592.6,945.82,1366.1,599.38
210.1,551.08,712,844.63,618.68,607.82,928.78,1345,595.44
210.2,553.54,698.58,850.33,613.06,620.25,922.59,1324.9,589.8
210.3,555.92,711.12,848.58,608.31,626.42,940.76,1306.6,580.36
210.4,559.28,722.47,847.54,603.37,624.9,943.85,1295.9,575.95
210.5,564.84,731.15,848.12,598.03,606.07,913.08,1301.9,582.84
210.6,566.71,731.6,847.76,594.87,579.18,881.02,1313.5,590.85
210.7,560.3,713.57,845.31,596.64,534.14,846.09,1337.8,601.41
210.8,556.85,703.23,845.78,601.41,499.66,824.4,1366.3,609.17
210.9,560.07,710.18,852.78,612.91,488.89,832.45,1404.2,610.65
211,562.45,715.43,854.36,618.94,474.28,833.51,1444.4,619.2
211.1,562.93,716.86,843.75,612.67,451,818.89,1489.5,643.66
211.2,564.92,716.63,835.92,608.43,440.8,812.41,1521.3,669.33
211.3,570.3,712.68,834.33,608.75,459.98,824.21,1523,697.72
211.4,574.5,713.1,835.19,612.04,477.87,843.24,1518.4,718.77
211.5,576.06,723.36,841.55,622.01,492.88,878.53,1499.4,723.33
211.6,575.4,727.94,845.82,625.03,503.24,907.27,1484.5,723.21
211.7,569.7,719.77,845.38,612.41,503.16,921.3,1478.6,712.6
211.8,565.79,714.98,844.12,603.42,496,926.75,1465.5,702.39
211.9,565.9,717.76,841.05,602.57,472.96,912.91,1436,693.12
212,568.77,722.64,838.37,603.12,451.3,899.2,1413.4,692.04
212.1,577.87,732.21,836.59,606.79,432.77,885.78,1406.2,709.34
212.2,583.76,733.8,838.52,609.26,422.36,875.27,1393.2,717.44
212.3,582.45,717.43,848.76,608.99,430.23,871.29,1367,704.87
212.4,577.04,710.19,850.63,611.25,435.45,864.61,1340.9,699.1
212.5,562.38,723.47,833.66,619.18,434.68,851.88,1314.8,708.6
212.6,553.09,730.84,819.89,624.9,435.28,836.53,1292.7,712.67
212.7,555.85,724.95,813.33,625.64,438.97,815.3,1279.7,704.53
212.8,557.77,718.55,813.23,622.34,441.45,793.63,1265.3,699.44
212.9,557.78,711.03,827.63,609.96,441.21,770.99,1247.9,701.23
213,560.82,710.1,835.75,600.21,442.3,756.69,1233.7,698.77
213.1,570.7,724.01,829.77,596.36,446.36,761.17,1226.8,686.78
213.2,575.35,728.56,825.48,595.95,461.28,770.93,1210,672.19
213.3,568.28,712.04,825,603.26,500.6,792.56,1171,651.8
213.4,564.74,701.81,825.52,607.31,530.33,812.81,1142.5,640.71
213.5,569.13,705.68,828.24,604.04,538.55,829.94,1137.7,650.54
213.6,571.6,709.07,829.92,604.4,548.92,841.96,1126.8,654.71
213.7,569.73,711.36,829.24,612.89,564.13,842.47,1102,646.14
213.8,567.27,714.14,827.12,615.96,572.82,832.54,1087,641.45
213.9,563.46,717.99,821.73,606.82,566.84,799.19,1093.6,645.46
214,559.55,720.96,818.85,604.32,561.98,771.45,1097.2,642.99
214.1,555.42,721.96,821.6,616.76,559.63,756.32,1093.7,625.95
214.2,550.81,720.04,824.37,623.29,552.93,740.24,1096,615.5
214.3,545.12,711.57,827.21,616.56,536.45,722.01,1111.3,619.86
214.4,543.41,708.4,828.68,612.18,521.68,703.05,1120.6,621.1
214.5,550.64,717.12,827.1,613.06,510.75,682.45,1116.3,615.35
214.6,556.13,723.24,825.46,612.75,497.06,670.17,1114.7,607.35
214.7,557.73,723.52,823.74,609.76,477.16,676.57,1119.2,594.28
214.8,561.09,720.37,823.37,606.22,459.09,673.99,1122.4,583.05
214.9,568.42,709.52,826.05,601.42,445.14,651.25,1122.7,575.97
215,568.66,704,825.69,601.72,427.98,632.11,1122,571.84
215.1,552.98,710.44,818.48,613.49,403.63,621.07,1119.4,574.36
215.2,544.95,716.99,815.59,618.76,382.81,605.85,1118.2,570.83
215.3,554.14,723.77,822.39,609.44,369.93,581.23,1120.5,553.7
215.4,561.26,726.74,827.35,604.85,363.03,568.06,1120.2,541.31
215.5,563.72,721.15,828.21,610.89,369.57,580.62,1114.3,539.56
215.6,564.41,714.84,828.12,616.02,376.57,584.83,1108.2,536.47
215.7,561.14,706.92,825.88,619.1,384.6,570.27,1101.8,530.35
215.8,561.5,704.1,825.72,617.55,391.98,560.49,1095.6,523.94
215.9,570.03,712.72,830.19,605.62,397.92,561.46,1090.1,516.87
216,573.92,719.31,830.94,598.9,403.19,567.64,1086.3,511.83
216.1,567.39,721.36,823.33,603.89,406.96,585.52,1086.5,511.39
216.2,561.53,719.51,819.48,609.42,413.94,603.26,1084.9,506.03
216.3,557.17,708.94,824.09,616.2,428.1,620.66,1079.3,489.64
216.4,555.62,704.06,827.75,618.57,436.04,636.38,1076,479.25
216.5,560.36,711.99,829.25,611.02,430.03,648.31,1078,482.36
216.6,561.04,716.75,830.56,604.44,429.21,662,1094.9,485.93
216.7,552.59,714.35,831.43,600.01,440.08,679.63,1145.3,490.52
216.8,549.08,712.05,831.24,597.33,442.06,694.65,1185.2,495.55
216.9,556.66,709.97,828.71,598.54,424.07,703.83,1201.7,501.58
217,561.45,707.83,829.36,598.35,409.39,712.9,1230.3,507.52
217.1,559.94,705.56,837.13,595.01,402.14,721.73,1286.1,513.28
217.2,558.24,707.5,844.19,595.77,401.25,728.39,1335.1,522.06
217.3,556.11,718.87,849.63,605.77,414.67,730.15,1368.9,537.63
217.4,557.68,727.13,849.76,612.1,416.8,725.96,1401.4,549.32
217.5,567.56,728.39,837.96,610.17,393.55,708.4,1431,552.27
217.6,574.42,729.44,828.59,609.01,384.3,704.83,1449,558.33
217.7,574.46,729.99,824.7,609.59,406.51,732.72,1440.5,571.38
217.8,572.51,728.51,824.51,606.61,422.54,758.76,1437.6,581.18
217.9,566.1,722.42,832.61,595.67,424.72,780.65,1447,583.7
218,559.95,717.91,838.73,591.6,424.46,793.33,1453.8,587.49
218.1,554.38,716.92,840.38,602.96,418.75,785.31,1454.8,594.15
218.2,552.46,718.48,842.26,608.63,412.16,777.21,1454.9,600.38
218.3,558.72,725.79,844.62,601.51,403.6,768.92,1453,605.68
218.4,561.47,728.64,844.47,600.57,390.97,758.82,1454.7,603.39
218.5,556.36,721.47,838.63,613.49,369.18,744.63,1464.8,584.09
218.6,554.6,717.71,836.31,619.46,359.45,743.24,1472.9,575.57
218.7,560.38,721.58,841.88,609.79,376.84,770.61,1476.7,591.29
218.8,565.91,718.28,844.31,605.87,392.73,793.63,1476.6,600.73
218.9,570.9,698.84,839.68,614.84,405.29,806.88,1467.6,596.04
219,575,688.31,838.41,621.05,422.29,824.21,1460.7,588.02
219.1,577.07,697.77,844.72,621.07,449.29,850.69,1458.6,572.52
219.2,578.82,708.18,848.75,621.18,478.5,878.31,1449.2,560.65
219.3,579.81,720.69,847.66,621.48,512.7,908.49,1423.6,556.96
219.4,575.79,728.45,847.66,619.29,529.32,925.32,1414.1,553.32
219.5,560.48,725.53,850.08,611.49,506.47,912.16,1441.2,549.78
219.6,551.88,719.74,848.28,607.96,488.72,899.67,1465.3,544.73
219.7,558.35,707.5,836.99,614.04,482.44,888.69,1482.7,536.33
219.8,563.48,702.48,831.58,616.78,474.92,879.24,1501.1,532.01
219.9,565.59,713.68,839.38,612.03,464.63,873.21,1521.7,536.87
220,563.23,722.74,846.93,608.29,453.35,864.82,1530.9,538.78
220.1,550.79,726.95,853.92,606.83,439.86,851.16,1514.4,534.03
220.2,547.49,728.38,854.52,607.66,433.62,841.79,1495.4,535.36
220.3,564.71,723.56,840.79,613.62,443.7,842.04,1470.8,550.35
220.4,573.3,722.04,833.02,617.01,456.14,842.74,1441.8,555.54
220.5,562.52,727.94,838.69,614.61,473.9,844.43,1402.5,538.75
220.6,557.53,732.28,842.51,610.56,495.12,850.11,1367.5,526.29
220.7,565.53,733.12,842.22,602.76,524.13,864.76,1342,523.57
220.8,571.61,732.3,838.59,599.01,546.47,871.55,1314.1,521.73
220.9,573.41,727.74,827.43,604.34,553.82,860.68,1280.8,521.88
221,574.42,722.17,821.44,607.45,562.73,847.71,1251.3,517.29
221.1,573.65,714.35,827.01,605.59,575.12,830.02,1230.5,502.09
221.2,572.99,713.12,831.62,605.29,582.52,810.37,1213.6,491.06
221.3,572.57,726.69,834.04,608.49,578.69,786.28,1205.5,489.43
221.4,568.85,732.29,833.28,608.43,572.93,769.75,1196.9,487.1
221.5,557.72,720.02,825.36,601.01,562.79,770.19,1187.3,483.19
221.6,554.09,709.36,818.99,596.05,553.74,762.24,1177,480.46
221.7,567.34,702.32,816.1,596.62,547.12,735.43,1165,480.35
221.8,573.53,699.43,816.28,599.73,533.54,709.49,1157,479.17
221.9,563.86,705.84,823.38,608.6,504.32,685.5,1157.6,475.61
222,561.54,713.16,826.54,614.02,481.68,664.17,1153.9,473.54
222.1,575.69,722.5,820.84,611.7,473.84,648.81,1140.2,474.83
222.2,583.69,726.43,819.54,610.22,471.23,642.26,1132.2,478.75
222.3,577.87,718.16,828.12,610.65,480.36,655.52,1137,488.59
222.4,573.85,713.7,833.45,611.47,490.64,670.01,1134.4,493.07
222.5,573.91,717.77,831.49,613.19,503.52,687.24,1115.1,485.52
222.6,575.02,722.58,831.64,614.52,512.04,698.78,1100.1,480.45
222.7,578.48,729.04,836.52,614.99,510.79,697.51,1094.7,480.94
222.8,580.23,734.06,837.8,614.75,508.25,695.6,1087.6,480.14
222.9,575.49,733.64,825.4,611.8,500.85,691.19,1074.5,474.39
223,570.35,731.68,816.87,610.41,495.63,686.01,1067,470.18
223.1,563.68,723.88,823.11,614.92,498.76,677.87,1080.8,471.81
223.2,558.64,716.75,827.57,614.39,495.6,670.08,1092,477.55
223.3,559.77,712.12,825.24,594.7,468.5,663.65,1093,498.92
223.4,561.52,706.01,824.96,581.72,443.48,653.07,1095.6,514.04
223.5,565.58,694.23,832.47,594.34,426.34,626.74,1104.8,505.36
223.6,568.55,688.6,838.58,603.98,411.24,604.86,1112.8,499.91
223.7,567.4,706.38,839.39,602.3,403.88,599.93,1116.9,506.75
223.8,567.9,717.82,838.95,601.42,394.72,593.69,1121,514.37
223.9,574.73,705.09,833.81,603.59,378.72,582.45,1125.1,524.94
224,580.58,696.73,830.65,606.85,365.13,569.66,1131.6,531.38
224.1,582.72,704.96,835.04,614.28,360.69,550.94,1147.3,522.1
224.2,582.36,712.38,837.61,617.83,358.37,535.48,1159.1,515.36
224.3,572.51,716.72,833.27,606.61,364.16,532.43,1155.9,518.33
224.4,565.03,718.51,829.51,599.29,368.31,530.71,1150.8,518.25
224.5,566.61,710.54,827.98,606.79,366.29,534.04,1138.5,506.59
224.6,569.1,705.31,828.03,611,368.81,535.95,1130.5,499.28
224.7,575.1,710.53,834.13,602.72,388.64,532.45,1139.1,508.55
224.8,578.92,713.53,837.6,596.94,403.1,529.19,1143.5,514.46
224.9,574.43,708.06,831.1,600.7,397.1,526.84,1132.5,507.55
225,572.4,703.26,826.21,604.36,388.01,524.03,1124.4,502.85
225.1,579.81,701.01,827.44,607.66,367.18,519.42,1126.9,506.53
225.2,585.24,697.73,827.86,609.95,351.25,518.08,1127.7,508.68
225.3,583.19,690.55,825.21,608.38,353.96,529.21,1121.4,505.02
225.4,577.4,686.09,823.57,606.85,357.92,535.47,1115.6,502.01
225.5,557.41,691.95,825.75,605.48,366.62,523.15,1111.4,501.53
225.6,543.07,697.17,827.58,605.62,372.58,516.31,1105.5,499.7
225.7,550.23,699.92,828.05,611.47,368.08,530.3,1093,492.78
225.8,555.14,702.98,827.97,615.74,362.03,544.6,1085.2,487.27
225.9,551.46,707.24,825.82,613.95,350.04,560.09,1094.9,487.15
226,551.7,711.76,824.93,613.56,342.11,569.93,1103.6,487.11
226.1,566.89,717.26,828.83,618.54,349.62,558.24,1108.1,487.39
226.2,577.36,720.02,832.75,619.82,355.18,552.7,1109.8,488.31
226.3,569.86,712.36,836.77,606.98,353.27,570.57,1101.2,491.65
226.4,564.14,706.7,838.15,598.06,353.78,587.9,1097.3,491.88
226.5,565.22,708.66,829.5,604.02,363.45,603.16,1111,480.28
226.6,566.21,710.91,824.39,608.82,371.36,620.55,1124.2,472.83
226.7,566.82,714.25,832.79,609.19,372.6,646.06,1135.8,481.16
226.8,569.34,717.49,839.95,610.25,377.39,670.31,1150.2,486.32
226.9,579.09,720.32,842.39,613.92,395.7,689.78,1175.5,479.36
227,584.56,721.05,844.4,615.87,411.22,706.2,1203.1,477.87
227.1,573.74,713.86,844.81,611.31,416.11,710.95,1239.5,497.14
227.2,566.39,706.97,843.66,608.74,419.06,714.09,1273.4,514.36
227.3,572.29,701.23,836.52,613.82,414.62,711.07,1297.9,523.8
227.4,575.64,699.93,832.52,617.72,412.58,709.75,1319.6,532.31
227.5,569.28,715.5,840.49,617.14,419.65,714.93,1330.4,537.27
227.6,565.74,725.11,844.11,615.8,433.32,723.08,1338.6,541.73
227.7,572.9,712,831.14,611.56,472.17,742.57,1336.5,544.22
227.8,576.6,702.35,822.98,608.23,503.47,762.17,1335.7,546.49
227.9,567.17,705.87,833.09,608.34,506.03,782.21,1339.3,547.91
228,562.12,709.05,839.85,608.36,507.38,796.56,1340.3,548.82
228.1,573.77,710.97,833.86,608.08,504.09,789.2,1331.5,547.79
228.2,581.51,713.77,829.43,607.64,502.73,785.07,1329.6,544.86
228.3,574.33,719.95,830.94,606.66,508.73,793.23,1353.4,534.65
228.4,568.37,721.98,833.01,605.5,510.96,799.35,1376.7,529.65
228.5,567,708.19,837.24,603.69,498.86,797.73,1397.6,544.51
228.6,567.29,697.97,838.78,601.6,486.77,789.47,1412.7,551.61
228.7,573.91,701.37,830.07,598.44,474.73,756,1406.1,529.12
228.8,578.19,703.21,824.81,596.72,461.15,726.69,1401.8,515.04
228.9,573.55,699.08,832.71,600.52,441.72,713.27,1406.1,532.99
229,566.44,697.4,837.45,603.74,423.2,704.2,1412.3,545.81
229.1,549.95,705.06,830.15,604.77,408.2,711.73,1425.5,539.09
229.2,537.78,710.73,825.43,605.6,400.52,717.26,1429.7,534.64
229.3,542.03,708.81,830.53,605.68,420.73,715.19,1399.4,538.82
229.4,546.23,706.96,832.11,604.99,436.72,712.48,1371.2,541.61
229.5,550.23,705.4,820.24,601.4,436.61,707.35,1351,539.16
229.6,555.77,704.51,813,600.07,437.25,704.14,1331.5,535.9
229.7,567.16,706.14,823.32,607.32,440.76,708.27,1315,529.55
229.8,573.95,706.48,832.2,612.53,441.66,709.09,1298.7,524.16
229.9,563.25,701.92,835.55,609.98,432.59,697.25,1283.2,522.47
230,555.6,700.51,838.68,607.39,432.48,691.88,1273.1,520.93
230.1,559.63,711.08,840.9,604.65,466.53,711.16,1283.8,519.99
230.2,562.2,716.73,841.23,602.98,498.85,729.27,1288.9,521.35
230.3,559.23,703.62,834.28,605.39,524.64,742.99,1272.7,531.44
230.4,558.18,695.84,829.43,606.37,544.77,757.21,1263.7,538.98
230.5,564.46,708.32,832.53,601.88,543.37,773.39,1282,536.81
230.6,568.82,718.2,833.42,599.78,537.89,785.34,1301.5,536.17
230.7,565.84,718.19,825.86,606.72,516.84,781.26,1325.8,541.39
230.8,565.21,718.01,822.36,610.93,501.28,777.75,1342.5,544.03
230.9,573.54,717.23,834.31,604.72,506.6,776.45,1330.8,536.81
231,577.58,715.12,842.11,602.89,512.08,782.81,1326.1,532.52
231.1,565.31,707.97,834.09,617.71,518.18,818.32,1348,539.37
231.2,556.93,703.1,829.2,626.68,526.07,849.95,1365.9,548.24
231.3,563.38,706.92,836.26,613.34,540.83,866.76,1368.7,564.75
231.4,567,711.76,840.83,604.41,550.34,875.59,1369.3,578.46
231.5,559.84,720.45,835.98,612.25,539.89,854,1361.3,581.49
231.6,555.64,724.12,831.6,618.29,533.3,837.7,1354.7,580.68
231.7,562.71,708.7,828.99,617.5,541.46,841.51,1353,565.21
231.8,568.05,697.89,827.02,617.07,554.03,850.44,1346.2,554.79
231.9,566.78,704.63,827.48,618.01,583.39,878.86,1320.3,563.6
232,564.83,708.71,828.57,617.54,603.14,900.32,1301.1,568
232.1,560.3,702.68,832.01,611.7,586.34,895.23,1307.4,555.65
232.2,558.7,700.26,834.95,607.48,573.43,894,1314.4,545.16
232.3,568.2,711.58,835.94,609.45,575.38,907.41,1323.7,541.78
232.4,575.81,719.95,838.6,613.34,573.85,916.81,1333.1,538.91
232.5,576.19,717.11,847.64,624.6,559.14,910.93,1342.4,537.99
232.6,574.42,713.91,852.32,631.13,550.11,907.46,1346.7,538.53
232.7,564.48,709.31,840.4,619.7,562.73,913.19,1331.9,544.64
232.8,558.64,706.82,831.46,612.78,572.83,920.46,1318.5,550.21
232.9,568.43,712.38,833.82,623.05,573.4,933.6,1310.7,553.76
233,574.18,714.87,835.53,628,570.35,947.14,1304.1,553.72
233.1,564.54,705.66,834.76,612.72,553.57,962.18,1302,540
233.2,557.17,700.42,834.33,600.44,535.59,967.59,1308.9,529.37
233.3,558.42,710.3,835.22,599.6,513.04,936.39,1349.9,530.46
233.4,558.56,717.14,836.2,600.48,492.92,908.03,1388.9,533.77
233.5,554.48,712.39,837.55,607.89,481.99,890.53,1420.1,545.51
233.6,550.42,708.15,838.27,615.14,470.11,873.91,1453,555.47
233.7,546.48,705.87,836.6,621.8,454.56,860.59,1492.2,558.62
233.8,546.47,705.71,834.88,625.33,439.01,851.2,1520.7,565.61
233.9,561.47,713.7,833,616.94,423.48,856.77,1508.7,587.24
234,572.13,718.75,831.93,610.21,412.83,862.29,1500,603.1
234.1,566.25,712.64,833.96,609.77,420.78,867.64,1503.4,596.97
234.2,563.45,708.33,835.17,606.99,429.07,872.85,1499.9,591.73
234.3,572.35,710.86,833.29,595.29,438.65,877.51,1469.7,589.87
234.4,576.23,712.39,830.74,587.93,448.19,880.66,1441.4,586.25
234.5,560.98,710.08,825.6,597.03,457.55,878.06,1419.8,575.87
234.6,550.81,706.16,823.1,603.23,463.07,872.57,1394.8,566.76
234.7,559.95,696.09,830.57,598.42,453.9,856.07,1356.4,562.49
234.8,565.96,688.25,835.85,595.68,447.85,838.45,1320.7,557.78
234.9,560.07,688.91,832.75,600.86,453.68,816.57,1294.9,551.36
235,555.98,690.54,830.28,603.2,460.04,797.39,1272.2,544.45
235.1,558.76,695.87,830.22,594.76,468.42,788.47,1261.7,535.64
235.2,560.44,700.28,830.4,590.56,478.9,784.09,1245.1,529.27
235.3,557.91,701.18,831.52,602.48,497.36,796.96,1205,532.19
235.4,555.37,702.15,831.85,612.62,515.49,809.71,1168.7,533.88
235.5,552.8,703.73,825.68,608.06,530.91,821.43,1163.7,525.45
235.6,550.85,705.07,820.32,604.88,545.52,829.09,1156.4,517.66
235.7,554.06,704.41,821.61,613.12,553.51,803.34,1129.4,515.2
235.8,557.92,703.59,823.63,618.61,562.36,779.69,1104.4,511.84
235.9,567.14,701.53,831.72,601.36,578.36,773.5,1094.7,500.98
236,574.87,700.04,838.62,586.54,590.66,766.97,1085.5,491.28
236.1,570.34,703.19,835.65,591.85,572.35,757.64,1080.5,491.12
236.2,565.89,706.27,833.18,596.31,555.5,747.5,1077.6,491.29
236.3,562.01,708.73,834.71,593.71,550.7,730.65,1093,494.25
236.4,557.79,709.52,835.32,591.6,544.12,714.62,1106,496.72
236.5,550.83,696.57,828.27,593.64,522.79,705.27,1099.5,495.14
236.6,545.97,686.23,822.05,596.77,502.1,694.99,1093,494.04
236.7,558.4,697.44,822.56,608.9,486.61,676.9,1087.7,497
236.8,569.14,707.65,823.1,618.41,472.16,660.06,1084.1,499.94
236.9,565.98,709.58,823.86,606.24,466.24,653.55,1095,502.81
237,563.27,711.5,825.17,597.15,460.08,647.93,1103,505.43
237.1,564.33,713.42,830.97,613.48,451.94,649.53,1087.6,506.09
237.2,564.9,714.08,835.9,626.95,443.59,649.06,1074.7,506.29
237.3,561.52,704.37,833.72,616.73,433.59,631.47,1082.1,502.78
237.4,558.48,696.16,831.22,607.61,422.51,615.92,1087.8,498.95
237.5,558.25,700.23,826.05,607.65,402.66,617.26,1080.3,492.49
237.6,557.77,704.64,822.01,607.34,385.76,616.1,1073.8,486.37
237.7,555.24,711.8,827.23,604.24,393.25,594.39,1076.7,483.12
237.8,553.85,716.16,831.34,601.98,400.84,576.95,1079.9,480.33
237.9,561.94,697.43,826.33,606.75,409.24,594.78,1085.4,481.42
238,568.51,682.06,822.32,610.97,416.67,612.95,1089.6,483.52
238.1,562.49,694.49,826.56,610.67,416.1,633.94,1082.9,493.98
238.2,557.38,706.86,829.22,610.38,416.98,653.79,1078.5,503.38
238.3,559.78,718.75,818.83,610.23,429.87,664.22,1092.8,504.03
238.4,562.52,727.52,810.51,611.16,439.14,673.31,1106.5,505.73
238.5,568.09,710.61,819.23,621.07,418.47,671.33,1114,515.99
238.6,572.42,696.43,827.38,628.09,401.76,670.94,1120,525.62
238.7,566.46,704.77,830.77,611.34,417.74,683.68,1114,530.04
238.8,561.64,712.25,833.52,596.07,432.21,696.5,1113.3,534.84
238.9,566.25,712.6,831,593.09,434.16,709.94,1156,542.8
239,569.21,713.14,828.86,591.31,437.51,727.14,1192.4,550.18
239.1,558.59,715.38,829.86,599.54,452.46,775.35,1177.7,552.73
239.2,549.01,718.03,830.97,607.18,465.1,820.01,1164.7,556.01
239.3,548,724.22,833.05,609.9,458.66,835.48,1165.3,565.36
239.4,547.36,730.27,835.24,613.34,452.82,849.43,1168.8,573.61
239.5,549.72,735.26,838.38,622.61,451.91,850.83,1195.9,572.77
239.6,552.11,739.32,840.39,629.56,451.81,852.87,1223,570.59
239.7,554.66,735.57,833.19,617.43,458.34,860.08,1250.7,557.31
239.8,556.24,729.73,827.45,606.24,464.03,866.89,1277.2,545.7
239.9,549.8,706.54,833.7,602.87,462.74,870.35,1295.2,547.85
240,545.21,688.22,838.49,600.35,459.14,872.21,1310.8,549.08
240.1,555.92,710.05,831.2,604.95,436.56,860.79,1306.4,542.62
240.2,564.89,728.32,826.04,609.39,417.42,850.49,1303.8,537.97
240.3,559.51,717.17,838.46,612.45,426.72,849.45,1315.4,548.26
240.4,555.12,707.5,848.39,615.02,434.46,847.54,1328.1,558.74
240.5,558.98,709.99,837.73,613.53,429.32,838.44,1348.8,570.76
240.6,561.72,711.8,828.87,612.59,424.08,830.29,1367.9,582.43
240.7,555.3,708.02,834.78,616.24,418.03,829.93,1373.5,591.19
240.8,549.67,705.78,839.28,618.16,410.15,829.45,1379.5,599.69
240.9,550.67,716.25,832.14,605.88,387.15,827.96,1388,606.04
241,552.9,725.02,826.57,596.49,369.44,825.72,1395.7,610.14
241.1,565.31,719.71,834.08,611.08,395.44,817.23,1396.8,595.64
241.2,575.51,714.18,841.03,622.87,418.37,809.51,1399.2,582.27
241.3,567.35,706.9,843.37,611.63,415.94,808.16,1411,578.28
241.4,560.38,701.11,845.4,601.87,414.79,808.13,1421.7,576.47
241.5,563.23,707.52,844.94,604.47,424.12,818.94,1422.2,592.65
241.6,565.44,714.03,845.13,607.8,433.58,828.24,1422.1,606.87
241.7,562.47,721.4,850.62,617.19,444.09,825.07,1416.4,604.86
241.8,559.31,726.98,854.67,624.78,451.93,818.41,1410.3,601.9
241.9,554.59,717.71,846.8,617.49,437.62,782.93,1401.2,591.07
242,550.64,708.89,839,611.23,422.07,751.32,1392.8,582.1
242.1,553.09,703.78,831.75,613.54,396.18,751.73,1390.5,588.52
242.2,555.31,699.3,825.9,614.87,371.6,750.91,1388,594.73
242.3,555.58,700.03,831.54,608.15,357.82,739.9,1382.7,599.11
242.4,554.95,701.15,835.62,602.07,345.55,728.55,1378.8,603.08
242.5,546.9,705.46,826.76,601.24,345.74,714.38,1385.9,603.62
242.6,539.98,710.85,819.77,600.79,345.52,705.61,1396,603.96
242.7,542.41,725.16,828.21,603.47,342,741.44,1430.4,602.65
242.8,544.46,736.97,835.45,606.48,341.09,774.84,1459.8,599.54
242.9,543.36,728.05,832.65,612.22,361.7,788.29,1447.9,581.58
243,543.14,719.25,829.41,615.62,379.01,800.71,1440.8,567.8
243.1,550.19,711.42,822.39,599.7,369.1,804.73,1472.3,588.56
243.2,555.79,705.47,817.09,587.62,360.37,808.41,1501.1,607.52
243.3,549.35,715.07,825.88,607.31,361.45,809.27,1507.2,611.66
243.4,543.55,723.46,833.19,623.24,361.25,808.85,1513.5,614.57
243.5,543.12,721.92,828.23,608.23,350.56,797.85,1521.2,607.25
243.6,543.11,720.45,824.33,595.78,341.6,787.13,1526.9,600.44
243.7,546.59,719.66,829.2,604.57,346.89,778.82,1515.2,597.87
243.8,550.33,718.73,833.9,612.09,354.23,775.72,1504.2,594.23
243.9,556.17,716.61,837.13,609.09,378.47,815.63,1498.3,581.88
244,560.39,713.76,839.97,605.69,401.82,852.78,1487.5,571.23
244.1,551.2,704.91,839.51,598.91,417.73,867.1,1437,574.64
244.2,543.72,698.37,838.66,593.13,433.02,879.09,1391.2,577.01
244.3,550.37,710.94,834.56,595.68,443.18,871.81,1384.1,570.73
244.4,556.24,721.84,830.23,598.09,455.24,864.37,1374.6,563.7
244.5,555.59,718.92,824.02,599.43,483.03,855.58,1345.2,550.45
244.6,554.98,717.62,819.51,600.09,509.17,847.93,1317.8,540.17
244.7,554.75,729.81,829.11,595.19,521.59,849.73,1306.9,554.49
244.8,554.68,739.02,838.24,591.33,531.73,851.29,1298.2,565.42
244.9,555.95,723.72,843.54,596.06,523.08,850.72,1308.4,548.45
245,557.84,709.9,846.95,599.93,516.07,850.84,1319.7,533.22
245.1,564.86,708.38,834.73,596.7,522.68,856.72,1340.5,532.33
245.2,571.44,707.44,824.26,593.77,529.13,861.9,1357.6,531.58
245.3,574.36,711.21,828.27,593.23,534.34,861.3,1344.1,531.87
245.4,575.59,715.31,831.07,592.87,537.96,861.95,1332.2,531.48
245.5,562.86,722.03,823.84,594.07,528.53,872.89,1332.5,525.55
245.6,551.96,726.88,819.2,595.88,519.01,880.37,1333.4,521.74
245.7,556.16,716.26,835.97,602.74,508.88,859.29,1338.4,535.55
245.8,559.34,707.07,849.79,607.94,498.15,840.96,1341.8,548.3
245.9,554.09,709.75,839.23,599.43,482.48,845.34,1331.9,552.38
246,550,710.98,829.75,592.75,467.87,849.57,1325,555.06
246.1,555.57,700.23,829.22,601.21,461.94,852.59,1342,546.27
246.2,560.17,690.78,828.3,607.14,457.03,852.56,1357.6,539.01
246.3,556.87,691.97,824.16,592.16,460.54,827.28,1360.9,544.33
246.4,553.82,694.21,821.14,580.18,462.61,805.15,1364.1,548.56
246.5,552.86,705.09,827.33,593.03,452.73,808.93,1366.3,543.8
246.6,551.8,714.73,832.8,604.05,445.74,812.95,1366.3,538.11
246.7,549.92,714.15,832.33,599.94,462.54,818.88,1348,524.65
246.8,549.02,714.39,831.39,597.59,478.71,826.51,1331.7,514.31
246.9,556.2,721.35,826.56,609.82,489.68,848.16,1331.1,529.85
247,563.32,726.84,822.31,619.41,501.5,868.1,1326.2,541.97
247.1,569.92,720.09,822.82,607.21,520.33,874.01,1285.2,525.97
247.2,574.56,714.4,823.46,596.39,538.32,878.26,1246.5,512.61
247.3,562.99,717.46,825.1,597.03,549.35,868.84,1225.9,521.12
247.4,553.64,720.4,826.16,598.72,556.7,859.74,1209.8,527.65
247.5,562.71,722.32,822.48,609.05,533.52,853.22,1229.8,517.88
247.6,571.21,723.94,819.4,616.91,514.51,847.38,1246.1,508.48
247.7,574.93,723.13,821.25,604.42,529.94,847.21,1231,502.13
247.8,576.95,722.87,822.29,593.99,546.44,850.66,1216.5,497.31
247.9,564.78,727.18,816.65,600.5,571.82,884.09,1206.2,505.1
248,554.29,730.9,812.59,606.25,592.35,914.68,1199,512.32
248.1,557.61,729.67,821.67,605.57,572.84,921.74,1217.9,514.83
248.2,560.9,728.3,830.66,604.87,553.24,928.59,1237,517.27
248.3,559.45,709.27,827.49,601.87,522.82,910.11,1274.1,510.39
248.4,558.02,690.53,824.32,598.94,492.45,891.66,1311,503.71
248.5,559.1,708.34,821.8,604.97,467.41,877.56,1332.9,522.68
248.6,560.17,726.02,819.33,610.94,442.58,863.51,1354.9,541.47
248.7,559.87,726.5,822.76,609.02,442.2,855.75,1397.6,537.71
248.8,559.62,726.93,826.2,607.15,441.72,848,1439.8,534.09
248.9,565.32,721.9,831.62,611.18,428.29,842.45,1424.8,548.11
249,570.91,716.88,836.96,615.16,414.98,836.86,1410,562
249.1,562.84,713.53,831.94,612.49,416.03,825.93,1416.8,559.96
249.2,554.86,710.17,826.97,609.79,417.09,814.92,1423.3,557.92
249.3,557.89,705.57,828.97,601.75,419.62,794.46,1383,556.85
249.4,560.83,701.02,830.92,593.8,422.02,774.17,1343,555.7
249.5,550.74,701.28,825.19,597.66,409.74,774.88,1344.4,545.6
249.6,540.76,701.57,819.54,601.47,397.62,775.63,1345.6,535.58
249.7,542.88,706.18,823.09,600.62,405.53,780.58,1335.6,535.48
249.8,545.05,710.78,826.64,599.78,413.55,785.71,1325.5,535.31
249.9,552.61,714.46,828.21,600.66,435.89,812.58,1302.1,526.65
250,560.16,718.08,829.76,601.5,458.01,839.14,1278.9,518.05
250.1,567.08,712.79,826.6,598.6,451.95,827.98,1287.5,517.68
250.2,573.79,707.56,823.45,595.77,446.09,817.1,1295.9,517.3
250.3,555.41,709.21,820.21,600.67,464.93,839.62,1279.6,514.7
250.4,537.32,710.81,817,605.51,483.69,862.07,1263.3,512.08
250.5,554.93,706.46,817.68,601.29,492.42,874.63,1244.8,506.37
250.6,572.42,702.29,818.33,597.05,501.11,887.1,1226.4,500.7
250.7,573.12,719.04,815.95,590.83,503.98,887.98,1215.8,499.37
250.8,573.8,735.53,813.65,584.77,506.95,888.87,1205,498.02
250.9,572.65,718.31,822.98,597.18,522.72,891.98,1176.5,494.26
251,571.55,701.33,832.19,609.41,538.7,895.1,1147.9,490.56
251.1,577.2,714.91,826.75,599.57,580.12,899.01,1119.8,493.56
251.2,582.78,728.27,821.37,589.85,621.24,902.77,1091.9,496.5
251.3,580.22,713.84,823.66,593.38,624.54,888.01,1089.5,491.09
251.4,577.64,699.63,825.84,596.93,627.57,873.2,1087.1,485.82
251.5,573.38,713.84,812.87,601.36,597.4,852.56,1074.1,497.33
251.6,569.07,727.89,800.11,605.74,567.34,831.73,1061.3,508.67
251.7,559.84,722.83,812.65,602.95,550.76,787.81,1061.1,498.3
251.8,550.7,717.78,825.13,600.21,534.18,744.07,1060.9,488.03
251.9,553.27,714.57,831,604.56,518.54,723.14,1058.8,490.45
252,555.81,711.36,836.8,608.85,502.78,702.22,1056.6,492.91
252.1,554.44,707.99,835.37,605.6,471.96,681.38,1058.4,499.6
252.2,553.1,704.71,833.89,602.27,441.23,660.63,1060.3,506.24
252.3,555.45,712.8,825.41,589.89,422.96,650.84,1090,506.29
252.4,557.73,720.78,817.07,577.69,404.71,641,1119.4,506.35
252.5,551.36,714.49,825.24,587.6,390.3,624.71,1112.4,508.45
252.6,545.12,708.32,833.3,597.48,375.98,608.43,1105.5,510.56
252.7,554.36,717.06,828.5,603.03,372.46,593.61,1108.2,513.94
252.8,563.52,725.62,823.8,608.58,368.95,578.8,1110.6,517.39
252.9,562.93,712.67,831.23,613.71,367.53,566.43,1094.7,528.78
253,562.36,699.81,838.5,618.69,366.18,554.28,1078.9,540.03
253.1,565.14,697.9,826.13,604.55,372.67,568.96,1080.5,533.61
253.2,567.82,696.04,813.89,590.53,379.12,583.46,1081.9,527.23
253.3,558.12,700.14,816.9,590.79,381.22,576.39,1073.4,525.28
253.4,548.53,704.25,819.81,591.06,383.22,569.27,1064.8,523.24
253.5,552.28,709.38,809.88,594.03,372.06,554.72,1049.8,510.33
253.6,556.06,714.5,800.06,596.91,361,540.23,1034.9,497.56
253.7,564.28,717.96,803.97,588.52,363.76,532.75,1033.5,502.53
253.8,572.33,721.33,807.9,580.25,366.56,525.46,1032.1,507.52
253.9,560.14,713.02,813.69,587.59,373.2,542.87,1043.6,513.78
254,548.11,704.77,819.42,594.88,379.92,560.17,1055,519.93
254.1,555.77,704.23,816.63,597.77,395.26,564.3,1046.7,511.3
254.2,563.37,703.71,813.88,600.62,410.46,568.35,1038.5,502.7
254.3,564.5,705.24,814.31,600.03,408.7,560.96,1041.2,496.63
254.4,565.61,706.74,814.78,599.59,406.95,553.82,1043.9,490.73
254.5,562.42,704.76,820.62,616.59,406.7,577.21,1046.4,506.51
254.6,559.24,702.86,826.39,633.29,406.4,600.37,1049,521.97
254.7,557.49,709.69,823.64,612.4,399.96,595.99,1064.4,498.81
254.8,555.77,716.41,820.91,591.76,393.61,591.9,1079.9,475.9
254.9,558.09,710.28,821.34,600.69,398.87,623.04,1121.5,483.17
255,560.41,704.24,821.74,609.58,404.14,654.19,1162.7,490.48
255.1,562.45,708.71,818.54,612.2,411.87,686.14,1160.4,502.21
255.2,564.54,713.06,815.49,614.78,419.55,717.89,1158.2,513.82
255.3,571.63,702.14,831.09,611.36,422.31,724.05,1176.5,511.78
255.4,578.58,691.45,846.54,608.04,425.12,730.43,1195,509.84
255.5,568.86,708.3,841.46,616.38,432.82,763.72,1220.6,521.9
255.6,559.2,725.05,836.43,624.54,440.57,796.85,1246,533.77
255.7,557.41,728.14,836.26,611.19,454.92,809.34,1247.6,522.39
255.8,555.61,731.1,836.06,597.9,469.15,821.83,1249.3,511.14
255.9,552.13,717.05,833.36,592.15,468.38,833.23,1256.5,516.27
256,548.69,703.14,830.72,586.5,467.71,844.57,1263.7,521.38
256.1,551.56,705.6,834.51,594.43,478.83,848.91,1272.7,523.61
256.2,554.4,708.02,838.23,602.29,489.99,853.11,1281.5,525.79
256.3,553.54,706.38,831.89,603.54,506.94,840.56,1268.4,523.07
256.4,552.82,704.77,825.69,604.7,523.75,828.22,1255.4,520.34
256.5,569.48,705.6,837.49,596.83,523.93,840.41,1256.5,516.84
256.6,585.95,706.5,849.15,589.06,524.04,852.46,1257.6,513.43
256.7,578.96,714.98,844.02,595.87,515.69,845.96,1273.1,520.77
256.8,571.96,723.33,838.94,602.59,507.39,839.39,1288.6,528.13
256.9,563.6,715.74,841.57,597.59,506.18,825.44,1301.1,536.47
257,555.4,708.18,844.2,592.7,504.8,811.63,1313.8,544.82
257.1,566.36,702.85,846.38,602.45,482.42,816.46,1361.4,555
257.2,577.13,697.63,848.43,612.17,460.2,821.39,1408.8,565.14
257.3,565.89,705.26,833.31,617.94,457.68,837.89,1422.6,569.55
257.4,554.71,712.84,818.37,623.6,455.14,854.03,1436.3,573.92
257.5,550.32,714.73,824.84,615.86,449.52,825.47,1436.9,571.82
257.6,545.99,716.57,831.32,608.2,443.72,797.2,1437.6,569.82
257.7,548.99,710.74,838.94,608.79,415.04,806.81,1467.2,580.66
257.8,551.92,704.99,846.47,609.33,386.5,816.3,1496.6,591.6
257.9,545.91,709.79,843.34,604.87,374.37,810.14,1503.5,613.98
258,540.04,714.55,840.23,600.42,362.43,803.88,1510.2,636.17
258.1,552.09,715.34,839.06,598.05,372.92,785.08,1493.2,634.89
258.2,564.03,716.16,837.94,595.76,383.41,766.47,1476.1,633.51
258.3,561,719.8,843.11,602.77,394.82,771.17,1436.5,619.78
258.4,558,723.33,848.19,609.64,406.09,775.82,1397.2,606.21
258.5,559.65,712.95,841.59,598.78,399.33,773.78,1382.9,611.14
258.6,561.25,702.72,834.98,588.03,392.61,771.54,1368.4,615.88
258.7,557.62,710.32,825.84,591.27,389.36,744.48,1337.7,597.44
258.8,554.03,717.79,816.77,594.57,386.11,717.52,1307.1,579.09
258.9,556.9,708.84,816.69,606.71,382.59,702.37,1298.7,570.84
259,559.72,700.05,816.68,618.67,379.12,687.4,1290.4,562.79
259.1,555.01,711.74,826.55,607.2,381.37,694.47,1300.5,580.55
259.2,550.4,723.25,836.28,595.85,383.71,701.37,1310.4,598.11
259.3,557.41,711.68,830.58,599.09,398.23,686.86,1290.3,591.78
259.4,564.38,700.26,824.92,602.35,412.73,672.36,1270.2,585.42
259.5,566.17,706.44,825.73,605.88,424.1,658.44,1255,573.23
259.6,567.88,712.55,826.58,609.36,435.45,644.75,1239.7,561.07
259.7,560.42,710.23,832.15,607.76,444.44,660.06,1224.9,552.78
259.8,553.05,707.8,837.62,606.15,453.45,675.13,1210.1,544.49
259.9,557.45,693.05,832.29,603.62,466.19,661.38,1186.8,535.49
260,561.76,678.5,827.04,601.11,478.77,647.59,1163.5,526.55
260.1,554.29,687.78,830.52,600.01,470.65,628.18,1149,526.37
260.2,547.01,696.97,833.94,598.97,462.65,608.86,1134.5,526.2
260.3,562.82,694.89,829.26,604.82,469.12,602,1129,526.54
260.4,578.44,692.82,824.66,610.59,475.66,595.19,1123.4,526.78
260.5,568.58,692.24,828.89,608.09,489.88,594.96,1103.3,515.19
260.6,558.83,691.77,833.13,605.65,503.79,594.62,1083.2,503.66
260.7,561.67,705.67,839.58,610.08,479.05,580.2,1070.3,499.08
260.8,564.48,719.42,845.88,614.48,454.62,565.88,1057.5,494.63
260.9,562.95,715.64,833.86,614.8,467.8,563.33,1054.7,505.65
261,561.41,711.85,821.85,615.12,480.98,560.79,1051.8,516.67
261.1,563.42,716.64,821.82,609.43,481.22,591.54,1042.9,499.84
261.2,565.79,722.29,823,603.14,480.15,625.66,1033.4,480.2
261.3,570.7,720.43,822.03,601.75,499.99,628.32,1037.7,487.25
261.4,575.87,717.81,820.85,600.87,521.95,627.8,1043.4,497
261.5,571.3,712.67,822.36,597.47,516.83,629.84,1041.2,492.31
261.6,565.74,707.29,824.15,593.82,508.97,632.13,1038.2,486.16
261.7,568.72,703.68,827.22,595.64,514.7,625.18,1024.6,483.36
261.8,572.57,700.25,830.41,598.02,521.8,617.28,1009.9,480.91
261.9,572.69,710.03,825.4,595.54,501.14,604.96,1016.8,479.32
262,572.43,721.15,819.56,592.56,477.66,592.19,1025.9,477.81
262.1,568.07,710.88,817.82,596.59,447.85,583.39,1029.2,479.04
262.2,563.29,698.45,816.48,601.32,417.41,574.99,1031.8,480.55
262.3,560,699.62,820.02,606.58,391.85,553.13,1038,488.54
262.4,556.87,702.16,824.04,611.9,366.8,529.9,1044.5,497.18
262.5,554.6,705.51,822.16,606,352.16,529.77,1044.1,491.6
262.6,552.41,708.95,819.68,598.96,338.57,531.98,1043,484.58
262.7,557.8,708.59,820.91,603.44,338.61,519.38,1038.1,484.95
262.8,563.95,707.84,822.52,609.08,340.02,505.27,1032.7,486.08
262.9,560.37,712.62,823.03,611.32,335.71,507.66,1038.9,490.49
263,555.82,717.96,823.43,613.21,330.81,511.71,1046.3,495.24
263.1,561.25,708.69,821.94,611.11,330.73,513.59,1049.6,480.35
263.2,567.69,697.95,820.27,608.6,331.14,515.25,1052.4,463.48
263.3,571.28,703.71,822.61,601.47,329.7,513.75,1064.9,468.96
263.4,574.58,711.14,825.36,593.87,328.06,511.92,1078.5,476.71
263.5,568.35,707.91,823.28,590.81,335.79,530.73,1095.3,475.13
263.6,561.15,703.59,820.7,588.22,344.46,551.62,1112.4,472.6
263.7,564.57,707.56,819.2,594.41,362.72,579.27,1130.2,474.09
263.8,569.05,712.36,817.81,601.5,381.95,607.59,1148.2,475.99
263.9,560.52,711.06,824.96,597.65,390.43,624.05,1157.1,479.23
264,550.67,709.14,832.97,592.7,397.82,639.31,1165.1,482.6
264.1,554.55,705.09,828.04,601.84,391.62,644.48,1232.7,485.64
264.2,559.82,700.82,821.8,612.41,384.05,648.64,1306.3,488.65
264.3,558.86,695.12,830.57,608.57,405.39,665.94,1334.1,492.97
264.4,557.27,689.28,840.85,603.26,429.66,684.57,1357.4,497.42
264.5,563.92,694.51,842.81,602.65,432.41,702.45,1385.2,511.08
264.6,571.41,700.85,843.92,602.52,432.98,720.25,1413.6,525.68
264.7,561.82,710.35,839.65,603.31,421,728.18,1480,540.64
264.8,550.5,720.18,834.83,604.2,407.76,735.12,1550.3,555.65
264.9,554.6,717.63,841.28,604.11,408.94,751.12,1581.6,570.21
265,560.26,713.84,848.86,603.93,411.58,768.03,1609,584.73
265.1,559.79,718.22,849.18,602.44,415.56,774.14,1605.1,580.83
265.2,558.69,723.42,848.76,600.81,419.67,779.16,1598.1,575.07
265.3,556.11,719.25,836.15,598.64,420.26,792.83,1594.2,585.76
265.4,553.38,714.12,822.31,596.42,420.49,807.37,1590.6,598.11
265.5,562.4,709.85,826.77,605.87,444.2,842.96,1568.7,581.23
265.6,572.62,705.66,833.08,616.5,470.28,880.69,1545,561.39
265.7,563.7,708.24,833.59,607.83,467.24,878.25,1528.6,564.82
265.8,552.84,711.51,833.52,597.19,461.25,871.74,1512.9,570.6
265.9,559.08,723.28,831.56,602.84,456.73,892.08,1528.7,564.54
266,567.07,735.91,829.41,610.14,452.35,915.14,1547.7,557.28
266.1,560.19,728.35,833.07,612.93,440.01,889.17,1554.6,565.16
266.2,551.8,718.74,837.32,615.26,426.85,858.24,1560.3,574.58
266.3,546.05,721.24,832.34,605.64,431.93,858.26,1530.6,573.59
266.4,540.56,724.97,826.42,594.8,438.86,861.42,1497.4,571.55
266.5,551.06,712.51,825.24,594.5,435.68,879.43,1505,565.68
266.6,563.19,698.42,824.54,595.27,431.48,898.95,1516.9,559.43
266.7,565.48,704.87,830.4,587.54,435.2,912.69,1506.8,559.2
266.8,566.78,713.4,836.92,578.95,439.71,925.84,1494.5,559.59
266.9,562.46,707.83,839.78,582.32,458.54,934.39,1462.4,552.03
267,557.56,700.84,842.26,586.91,478.82,942.48,1428.3,543.67
267.1,568.26,709.16,840.66,595.55,505.93,946.36,1412.9,547.06
267.2,580.55,719.02,838.65,604.61,533.73,949.82,1399.4,551.64
267.3,576.69,714.42,836.29,603.12,534.37,925.48,1406.6,551.59
267.4,571.21,708.34,833.88,600.57,532.26,898.33,1415.8,551.06
267.5,569,715.81,826.2,598.64,542.1,918.81,1421.2,552.84
267.6,567.13,724.64,817.98,596.77,553.15,944.11,1426.2,554.87
267.7,563.26,729.61,825.42,600.92,571.34,935.63,1434.3,544.56
267.8,559.19,734.18,834.44,605.69,590.25,923.73,1442.7,533.02
267.9,561.53,729.64,840.81,599.61,584.32,925.96,1439.5,535.33
268,564.52,724.18,846.9,592.43,575.88,929.63,1435.1,539.05
268.1,567.09,718.49,848.49,595.3,573.75,921.6,1441.7,547.71
268.2,569.6,712.78,849.62,599.18,572.26,912.39,1449.4,556.88
268.3,566.38,712.06,841.47,597.65,571.43,883.63,1429.3,544.94
268.4,562.57,711.84,832.39,595.58,570.66,852.89,1406.5,530.86
268.5,561.54,712.05,832.29,603.53,568.44,846.57,1394.5,530.86
268.6,560.78,712.29,833.11,612.51,566.08,842.72,1383.6,532.28
268.7,560.92,721.29,836.88,602.42,540.48,829.67,1404.2,532.08
268.8,561.15,731.16,840.96,590.4,512.52,815.69,1427.9,531.72
268.9,565.45,720.67,832.32,590.65,504.85,804.01,1430.7,537
269,570.15,708.11,822.4,592.14,499.23,792.56,1431.3,542.84
269.1,563.66,715.23,827.31,591.36,486.67,788.93,1418.7,553.34
269.2,556.03,724.33,833.71,590.35,473.39,786.1,1404.7,564.3
269.3,569.04,724.74,835.64,593.47,484.32,810.01,1391.6,556.45
269.4,584.14,724.26,837.11,597.01,497.7,836.64,1378.7,546.69
269.5,579.28,724.59,827.79,595.79,487.31,834.84,1394.6,543.56
269.6,572.39,725,817.37,594.08,474.5,830.16,1413.3,541.1
269.7,577.94,724.34,829.93,594.42,475.97,815.77,1394.4,532.87
269.8,584.74,723.58,844.81,594.97,478.89,800.39,1371.6,524.05
269.9,582.64,719.39,841.57,599.28,491.25,829.66,1366.4,527.2
270,579.64,714.86,836.49,603.96,504.57,863.46,1363.1,531.57
270.1,572.81,719.71,839.11,599.33,546.68,902.47,1358.2,526.87
270.2,565.61,725.52,842.51,593.76,591.72,942,1353.2,521.26
270.3,554.59,717.76,837.73,596.27,604.52,969.25,1348.4,515.04
270.4,543.19,708.62,832.12,599.59,614.06,995.26,1343.7,508.76
270.5,542.64,723.06,828.12,586.74,598.96,994.85,1346.5,512.92
270.6,543.19,739.89,824.28,572.26,581.36,991.77,1350.1,518.13
270.7,551.55,733.48,823.85,577.45,566.88,995.43,1337.8,507.43
270.8,560.7,724.73,823.76,584.62,552.71,999.77,1323.9,495.11
270.9,561.78,716.98,828.35,590.79,546.48,991.03,1331.3,491.57
271,562.03,709.33,833.41,596.86,541.05,980.97,1340.8,488.92
271.1,564.78,703.61,830.22,594.9,538.35,963.58,1330.6,490.62
271.2,567.78,698.08,826.19,592.12,535.94,945.45,1318.4,492.76
271.3,570.78,709.17,831.42,586.18,541.33,910.65,1293.2,494.18
271.4,573.78,721.93,837.59,579.92,547.52,874.15,1266.8,495.52
271.5,562.44,715.31,833.02,587.82,546.54,845.66,1234.5,479.99
271.6,549.64,706.72,827.36,597.15,544.84,817.97,1201.6,462.75
271.7,551.51,701.03,825.78,594.17,537.69,816.01,1213,478.29
271.8,554.88,695.63,824.62,589.95,529.99,816.66,1229,497.16
271.9,559.45,690.51,828.51,591.77,501.4,790.49,1253.9,490.42
272,564.14,685.42,832.91,594.21,470.69,761.6,1279.8,481.07
272.1,563.1,686.85,830.35,593.76,461.78,752.3,1309,488.47
272.2,561.49,688.94,827.09,593.02,455.09,744.99,1338.6,497.57
272.3,562.16,694.85,825.64,597.35,427.91,734.87,1365.6,502.8
272.4,563.07,701.14,824.37,602.19,398.66,724.48,1392.3,507.64
272.5,559.21,707.19,834.16,605.66,383.16,704.66,1429.2,513.2
272.6,554.86,713.21,845.07,608.99,369.05,683.89,1467,518.84
272.7,551.85,716.17,833.84,604.9,363.08,679.63,1466,521.29
272.8,548.97,718.81,820.36,600.07,357.95,677.04,1461,523.41
272.9,557.81,726.92,820.96,592.25,384,687.14,1451.1,517.29
273,567.84,735.58,822.98,584.14,413.22,698.53,1440.7,510.32
273.1,555.76,719.01,823.04,585.61,441.36,723.69,1396.5,503.77
273.2,541.43,699.88,822.9,588.07,469.4,750.25,1348.8,497.27
273.3,541.58,713.33,820.36,592.33,492.03,764.36,1324.2,496.05
273.4,543.19,730.08,817.57,596.77,514.11,777.22,1301.8,495.38
273.5,546.85,719.68,821.29,594.74,502.9,772.88,1290.5,497.75
273.6,550.72,706.53,825.66,592.06,488.31,766.8,1280.3,500.42
273.7,552.11,705.32,826.27,592.85,489.54,779.04,1281.3,505.63
273.8,553.25,705.33,826.5,593.99,492.37,793.14,1283.4,511.1
273.9,554.94,706.87,822.94,591.27,526.4,812.36,1262.1,506.5
274,556.75,708.77,818.47,587.63,567.85,832.8,1235.3,499.51
274.1,558.35,712.58,818.5,588.99,577.76,863.45,1210.3,502.13
274.2,559.89,716.85,819.59,591.53,580.17,896.51,1185.8,507.03
274.3,568.65,712.85,822.17,590.25,563.65,884.49,1189,491.02
274.4,579.13,706.88,825.1,588.07,542.62,861.76,1198.9,470.04
274.5,566.33,700.66,833.01,592.66,556.7,863.37,1213.6,467.24
274.6,548.01,694.39,842.1,598.86,579.12,870.76,1229.4,468.77
274.7,545.38,703.54,836.59,596.71,582.87,834.9,1228.6,487.48
274.8,546.46,716.36,827.6,592.58,582.18,788.77,1223.8,510.26
274.9,552.82,715.54,823.84,592.04,566.99,793.15,1223.4,513.49
275,560.42,711.49,821.31,592.36,548.35,809.54,1224.1,512.07
275.1,563.65,710.36,820.41,593.59,547.01,804.73,1240.3,511.62
275.2,565.83,709.91,819.88,595.04,549.79,794.87,1260.2,511.39
275.3,557.63,709.13,826.68,596.54,525.46,791.51,1281.2,521.59
275.4,546.96,708.27,835.22,598.04,494.67,789.7,1302.4,534.27
275.5,554.15,706.12,835.25,602.62,468.5,783.1,1319.7,529.59
275.6,565.59,703.66,833.26,607.94,443.42,775.36,1336.1,520.78
275.7,560.58,709.12,829.6,605.43,458.61,766.37,1332.5,525.87
275.8,551.66,716.47,825.55,601.06,483.37,757.08,1324.3,534.26
275.9,555.66,715.71,824.21,594.6,504.52,785.66,1295.7,524.07
276,562.72,713.03,823.51,587.64,524.82,823.24,1262.2,509.46
276.1,567.98,706.71,827.58,581.15,516.07,837.7,1266.1,504.03
276.2,572.81,699.52,832.79,574.76,500.41,846.66,1278.9,500.79
276.3,570.74,703.02,834.36,588.5,508.49,816.7,1268.2,499.86
276.4,567.02,709.07,835.08,607.01,522.22,777.49,1252,499.48
276.5,571.98,709.61,826.78,609.13,525.29,762.57,1234.4,507.68
276.6,578.99,708.84,816.34,607.36,525.83,753.42,1216.5,517.92
276.7,566.55,701.38,813.77,599.45,518.67,743.63,1200.1,511.99
276.8,549.47,692.33,813.05,590.1,509.69,733.68,1184,502.21
276.9,549.43,698.59,819.02,590.7,495.74,711.3,1172.3,497.38
277,553.43,708.49,826.58,593.68,480.6,685.96,1161.7,493.72
277.1,557.36,704.28,825.23,594.63,455.09,660.61,1143.3,490.86
277.2,561.26,696.71,821.76,595.11,427.1,635.25,1122.9,488.19
277.3,565.06,702.09,821.25,588.28,419.64,626.12,1124.1,477.46
277.4,568.83,710.54,821.44,579.7,417.06,620.85,1130.4,464.82
277.5,557.02,709.61,820.84,579.77,394.24,603.3,1126.4,469.21
277.6,541.5,706.45,820.04,581.9,366.61,582.84,1119.8,477.64
277.7,546.21,700.22,819.85,590.26,373.81,567.57,1112.1,476
277.8,555.73,693.25,819.8,600.11,389.27,553.53,1104.2,471.97
277.9,551.59,694.38,821.71,597.3,397.51,562.6,1096.3,470.67
278,544.21,697.43,824.09,591.48,404.03,577.16,1088.3,470.02
278.1,551.11,692.77,827.28,590.72,419.06,593.7,1081.1,471.71
278.2,561.4,686.28,830.66,591.16,436.1,610.72,1074.1,473.95
278.3,564.93,691.11,827.07,587.17,433.66,603.79,1072.2,467.82
278.4,566.85,698.63,821.81,582.14,426.58,591.17,1071.5,459.69
278.5,557.8,706.64,823.75,583.66,433.8,577.32,1071.4,463.3
278.6,546.15,714.77,827.39,586.75,444.42,563.18,1071.4,469.71
278.7,549.25,706.23,825.53,582.99,455.07,554.73,1069.6,470.79
278.8,555.85,693.73,822.36,577.59,465.73,547.62,1067.3,470.61
278.9,557.64,695.75,820.1,584.08,448.71,538.08,1046.7,461.7
279,558.29,701.2,818.05,593.41,425.12,527.96,1021.7,450.71
279.1,559.87,702.14,815.5,592.23,433.49,527.42,1025.8,455.76
279.2,561.68,702,812.82,588.57,449.46,529.16,1036.8,464.61
279.3,554.13,707.75,809.72,593.43,438.09,526.17,1044,463.4
279.4,544.36,714.9,806.51,600.33,420.22,522.06,1050.4,459.81
279.5,556.97,710.49,812.53,602.92,400.17,515.44,1049.6,461.61
279.6,574.91,703.33,820.74,604.49,379.61,508.23,1047.1,464.7
279.7,572.73,704.32,823.53,597.76,378.68,499.31,1041,469.63
279.8,565.77,707.24,825.04,589.07,382.43,489.98,1034,475.01
279.9,570.83,706.33,819.92,589.3,412.16,504.07,1026.1,468.84
280,578.75,704.5,813.23,591.65,448.07,523.73,1017.9,459.93
280.1,574.28,701.59,813.13,588.75,456.72,552.85,1023.2,462.12
280.2,566.87,698.42,814.59,584.59,458.91,584.22,1031.7,466.95
280.3,565.22,707.33,817.34,588.96,482,607.62,1033.8,460.38
280.4,564.93,719.1,820.38,595.36,510.07,629.13,1034.4,451.1
280.5,557.54,715.21,823.09,591.29,519.81,635.34,1043.6,451.26
280.6,548.46,707.61,825.72,584.74,525.2,637.91,1055,453.67
280.7,544.99,700,821.94,590.99,521.36,645.8,1063.1,454.88
280.8,542.86,692.39,816.64,600.28,515.32,654.95,1070.5,455.8
280.9,547.28,703.28,819.44,595.57,505.92,671.04,1076.3,450.51
281,553.26,718.55,824.16,587.52,495.72,688.78,1081.7,443.75
281.1,557.09,713.41,824.51,582.03,474.52,693.21,1125.4,448.57
281.2,560.42,703.43,823.81,577.15,450.71,694.47,1178.2,456.15
281.3,555.76,704.29,830.15,592.96,435.43,684.2,1209.6,468.27
281.4,549.2,707.73,838.16,613.7,422.18,671.19,1235.9,481.47
281.5,553.18,695.52,838.28,619.56,409.87,687.55,1279.2,496.81
281.6,559.66,679.58,836.52,621.88,397.8,710.88,1326.6,512.66
281.7,562.78,681.9,838.29,613.05,396.28,723.28,1375.8,520.52
281.8,565.09,688.56,840.9,601.57,397.26,733.07,1425.4,526.47
281.9,564.95,698.4,837.76,599.11,404.55,732.88,1459.1,531.44
282,564.22,709,833.26,598.81,413.32,730.31,1488.9,536.19
282.1,558.51,701.98,836.61,600.77,404.25,734.08,1495.5,545.82
282.2,551.62,690.76,841.81,603.26,390.93,739.36,1496.5,556.6
282.3,557.66,699.72,836.24,606.51,414.7,774.26,1469.4,548.99
282.4,566.77,713.48,828.1,609.94,447.29,816.19,1435.6,537
282.5,560.71,710.84,828.37,598.18,461.94,818,1412.6,530.99
282.6,551.05,704.3,830.64,582.81,472.33,810.27,1392.1,526.39
282.7,554.23,703.1,828.89,585.53,481.71,837.66,1375.6,520.63
282.8,560.47,703.16,826.18,592.55,490.85,873.39,1360,514.6
282.9,558.82,709.47,825.3,598.37,524.27,892.29,1350.8,519.58
283,555.29,717.27,824.84,603.9,563.46,907.18,1343.2,527.18
283.1,561.46,713.43,829.1,604.1,591.76,924.38,1320.6,525.51
283.2,569.92,706.84,834.49,603.03,617.48,942.12,1294.5,521.63
283.3,575.49,705.27,831.16,605.01,610.52,924.69,1293.6,524.12
283.4,580.37,704.9,825.76,607.71,595.81,898.9,1298.7,528.12
283.5,567.55,698.01,826.83,604.69,587.73,868.06,1308.4,522.06
283.6,550.54,689.57,829.43,600.31,581.24,836.02,1319.1,513.62
283.7,556.26,700.75,830.93,605.45,551.92,813.53,1336.4,514.63
283.8,567.39,716.58,832.16,612.85,517.18,793.31,1355.3,517.89
283.9,564.26,712.75,827.03,605.8,507.7,798.71,1366.7,513.87
284,557.74,704.25,820.38,595.32,504.21,810.19,1376.4,508.13
284.1,558.68,702.15,820.6,597.05,527.17,806.98,1355.4,502.27
284.2,561.39,701.56,822.46,601.69,556.41,800.28,1327.1,496.38
284.3,570.35,708.27,825.92,602.15,565.17,820.97,1315.8,505.02
284.4,580.8,716.7,829.75,601.61,569.07,848.17,1308.6,517.1
284.5,576.86,720.45,837.95,596.78,554.73,833.23,1291.4,516
284.6,569.5,723.09,847.17,590.94,536.06,808.28,1271.8,511.77
284.7,564.51,722.04,838.91,586.02,534.77,801.22,1269.3,502.15
284.8,560.09,720.13,826.5,581.33,537.62,798.42,1270.8,491.26
284.9,560.26,711.89,833.1,591.29,509.12,804.57,1308.8,499.92
285,561.54,702.15,844.22,604.73,473.17,812.85,1355.4,513.23
285.1,557.72,705.05,838.3,601.76,464.94,786.35,1360,519.76
285.2,552.71,710.95,828.34,594.89,463.29,751.58,1354.6,524.68
285.3,551.23,714.51,827.99,589.21,475.78,743.85,1334.3,529.78
285.4,550.59,717.52,829.92,583.82,491.64,742.54,1310.5,534.91
285.5,556.75,716.35,827.01,587.94,515.52,773.88,1302.7,527.92
285.6,564.52,714.18,822.96,594.33,541.31,812.97,1298.8,518.04
285.7,563.7,712.82,818.81,600.62,534.7,824.69,1309,509.48
285.8,560.83,711.65,814.64,606.89,520.39,829.9,1322.6,501.22
285.9,560.97,716.35,820.68,604.51,527.68,815.78,1320.3,502.01
286,561.82,722.44,829.14,600.07,540.1,797.07,1314.1,504.95
286.1,559.53,716.11,828.23,592.65,534.7,782.04,1303.4,497.24
286.2,556.49,706.83,825.08,584.51,525.06,767.89,1291.6,486.99
286.3,550.82,706.15,821.3,587.09,520.93,742.54,1262.4,486.05
286.4,544.51,707.53,817.37,592.23,518.11,714.51,1229.1,487.31
286.5,545.82,704.83,809.98,592.64,526.67,699.57,1206.3,484.45
286.6,548.93,701.17,801.78,591.92,537.94,687.73,1186,480.61
286.7,556.11,706.64,813.45,598.97,534.71,673.71,1166.1,478.08
286.8,564.98,715.87,833.32,609.22,525.51,658.78,1146.4,476.09
286.9,565.7,714.2,831.44,609.88,509.03,638.85,1141.7,481.47
287,563.07,708.04,820.58,606.59,489.56,616.87,1143,489.9
287.1,559.7,708.21,815.8,603.28,482.22,593.74,1130.9,490.93
287.2,556.04,711,813.54,599.96,479.88,570.13,1113.3,488.91
287.3,559.99,714.58,820.14,601.75,470.47,562.33,1107,484.23
287.4,567.09,718.49,830.41,605.65,458.14,561.05,1105.4,478.45
287.5,565.47,714.93,832.09,606.36,441.42,560.87,1106.9,482.76
287.6,560.26,708.29,830.25,605.76,422.89,561.14,1109.7,491.24
287.7,561.56,705.41,828.48,607.16,407.97,544.42,1105.4,494.48
287.8,565.55,704.09,826.73,609.38,394.54,520.68,1098.3,495.56
287.9,557.63,703.94,826.29,605.09,380.78,510.38,1086.2,484.39
288,544.8,704.26,826.38,598.1,366.88,505.62,1072,468.17
288.1,548.6,697.14,828.39,596.45,374.28,511.25,1064.4,469.59
288.2,559.26,686.95,831.18,597,390.45,521.17,1059.6,478.29
288.3,562.05,685.84,825.38,594.57,399.86,531.76,1060.3,475.07
288.4,561.59,688.47,816.03,590.92,406.46,542.62,1063.2,466.93
288.5,558.59,700.25,822.44,593.06,410.46,549.09,1056.6,464.42
288.6,554.55,715.79,835.35,597.6,413.38,553.76,1046.1,464.23
288.7,559.3,716.86,835.35,601.07,411.09,554.38,1051.1,467.9
288.8,567.66,711.96,830.03,604.11,406.64,553.35,1062.4,473.18
288.9,562.62,707.15,827.07,593.88,408.36,550.93,1082.7,468.15
289,552.05,702.38,825.07,578.18,412.63,547.93,1106.7,458.87
289.1,547.84,696.3,822.52,583.7,419.77,545.69,1105.5,458.96
289.2,546.26,689.67,819.75,597.97,428.09,543.75,1093.9,462.92
289.3,546.15,689.24,820.08,595.45,409.75,533.04,1093.7,458.78
289.4,546.66,691.36,821.68,586.01,380.41,518.71,1098.2,451.31
289.5,549.58,691.41,815.7,586.76,383.43,519.82,1104.7,451.59
289.6,553.49,690.6,806.58,591.72,399.79,527.28,1112,455.08
289.7,552.95,699.53,806.19,599.35,413.48,538.64,1123.9,457.6
289.8,550.55,712.48,809.41,608.09,426.07,551.6,1137.8,459.71
289.9,555.74,711.91,817.48,602.57,443.08,569.37,1145.6,467.19
290,564.04,705.78,827.56,591.16,461.92,589.12,1150.9,476.88
290.1,565.83,710.54,829.44,593.44,481.03,610.59,1171.7,475.82
290.2,564.94,719.8,827.93,601.37,500.24,632.76,1198.8,470.33
290.3,560.63,728.27,825.61,602.72,497.02,656.25,1246.4,476.38
290.4,554.9,736.42,822.96,601.35,484.55,680.3,1302.5,487.19
290.5,559.73,725.98,818.21,592.55,471.88,696.8,1309,488.43
290.6,568.9,707.87,812.59,580.67,459.12,710.18,1295.2,485.71
290.7,569.35,711.74,815.16,582.93,462.72,735.81,1287.9,487.92
290.8,566.21,724.67,821.11,591.02,473.06,766.5,1283.3,492.15
290.9,563.16,722.91,822.66,586.92,499.7,819.91,1281.2,489.43
291,560.15,715.09,822.39,577.79,533.06,882.69,1280,483.85
291.1,558.5,708.56,827.76,576.3,545.05,909.43,1274.5,484.49
291.2,557.41,702.56,835.45,577.95,548.22,921.3,1267.3,487.71
291.3,556.11,708.05,831.45,583.88,538.93,900.55,1261.8,489.78
291.4,554.72,718.29,822.62,591.57,524.5,866.33,1257.1,491.38
291.5,554.29,720.4,815.97,595.12,527.43,853.47,1257.2,492.55
291.6,554.24,719.16,810.22,596.98,537.52,849.43,1259.3,493.53
291.7,554.38,709.21,812.86,595.23,542.87,868.48,1274.1,498.65
291.8,554.59,695.67,818.96,592,546.25,897.04,1294.2,505.47
291.9,555.96,693.25,823.52,588.38,543.41,914.13,1313.9,518.6
292,557.8,695.41,827.45,584.6,538.01,926.48,1333.4,534.33
292.1,552.77,705.15,829.13,589.07,531.84,907.1,1348.3,529.97
292.2,544.91,718.02,829.88,596.95,525.35,874.63,1361.2,517.31
292.3,546.67,711.07,832.63,596.41,518.78,861.19,1372.3,519.06
292.4,552.41,695.96,836.21,592.41,512.17,855.59,1382.7,526.74
292.5,547.66,698.17,833.04,595.64,511.28,855.22,1380.4,531.82
292.6,538.57,707.53,827.09,601.85,512.76,857.01,1373,535.81
292.7,541.27,711.7,825.02,592.24,499.8,859.9,1382.9,540.31
292.8,548.83,713.74,824.55,576.11,480.9,863.24,1400,545.01
292.9,555.84,715.34,820.72,581.12,491.05,871.22,1427.8,550.02
293,562.61,716.77,815.49,594.85,513.18,881.1,1460,555.15
293.1,569.93,713.58,816.26,597,525.87,892.37,1435,546.51
293.2,577.47,708.5,819.52,594.38,534.66,904.22,1386.5,532.19
293.3,571.06,702.24,825.89,597.39,515.45,883.24,1347.6,521.8
293.4,558.89,695.5,833.56,602.72,484.68,848.71,1312.6,513.03
293.5,552.04,693.53,834.14,602.73,464.58,796.94,1282.6,514.36
293.6,547.39,693.53,831.79,600.54,448.88,738.04,1254.6,519.86
293.7,546.56,697.6,826.56,589.76,423.9,705.29,1247.9,510.67
293.8,547.3,703.37,820.14,575.44,395.07,683.31,1250.1,495.42
293.9,542.1,702.02,817.06,578.98,374.87,656.65,1257.1,491.01
294,534.44,697.73,815.35,589.88,358.22,628.06,1266.1,491.06
294.1,534.32,692.53,815.48,597.01,361.53,602.07,1261.2,482.33
294.2,537.29,686.96,816.37,602.59,373.08,577.16,1250.7,469.97
294.3,540.05,689.78,825.89,603.22,377.87,565.07,1240.1,474.83
294.4,542.71,696.06,838.97,601.81,379.88,558.27,1229.6,486.78
294.5,551.05,703.12,834.78,604.68,380.75,547.31,1228.4,487.59
294.6,561.73,710.49,823.47,609.32,381.14,534.63,1231.2,483.79
294.7,563.27,700.12,818.48,610.93,371.58,522.63,1222.7,485.34
294.8,561.04,682.43,816.08,611.29,357.92,510.9,1209.7,489.09
294.9,565.45,679.54,816.6,607.74,361.82,505.57,1199.7,487.19
295,572.61,682.76,818.33,602.58,372.97,502.87,1191,482.95
295.1,564.31,687.89,815.61,603.71,379.21,500.4,1178.9,484.7
295.2,549.65,693.8,811.06,607.43,383.43,498.02,1165.5,488.92
295.3,545.25,701.71,811.29,596.62,378.56,490.24,1138.6,484.3
295.4,545.07,710.46,813.49,579.82,369.93,480.22,1106.1,476.04
295.5,544.03,706.2,817.44,581.12,370.2,481.98,1096.4,482.32
295.6,542.63,696.57,822.11,589.89,374.15,488.59,1096,494.59
295.7,547.59,694.36,825.63,592.14,376.68,489.62,1091.6,490.74
295.8,555.18,695.19,828.68,591.72,378.63,488.35,1085.6,480.24
295.9,563.31,700.51,824.7,595.03,386.27,491.38,1081.5,478.97
296,571.65,707.67,817.82,599.89,396.25,496.19,1078.2,481.5
296.1,567.33,703.89,820.19,602.73,391.28,490.06,1071.9,484.23
296.2,557.77,695.6,826.36,604.74,380.14,479.43,1064.3,487.04
296.3,554.42,693.64,822.47,605.51,372.87,472.63,1067,489.29
296.4,553.63,694.28,814.42,605.78,367.2,467.41,1074,491.32
296.5,555.08,695.12,811.2,605.09,374.77,472.66,1069.2,486.97
296.6,557.46,696.03,809.96,604.01,387.81,482.21,1059.6,479.97
296.7,560.26,699.07,814.79,599.75,397.56,493.38,1049.5,477.96
296.8,563.23,702.97,822.12,594.18,405.97,505.21,1039.3,477.99
296.9,553.99,710.46,820.45,599.69,420.91,543.49,1043,478.89
297,539.72,719.43,815.05,609.77,438.54,592.67,1052.6,480.15
