0,0.91873,1.9201,1.6069,0.82525
0.10026,1.0343,1.9089,1.6193,0.87153
0.20052,1.1232,1.8886,1.5538,0.83962
0.30079,1.1661,1.8997,1.4952,0.87528
0.40105,1.1536,1.8799,1.4837,0.89977
0.50131,1.1244,1.8766,1.4013,0.99484
0.60157,1.1768,1.7873,1.3878,0.93136
0.7018,1.2197,1.7646,1.3546,0.931
0.8021,1.2855,1.7295,1.3884,0.96319
0.9024,1.2169,1.627,1.3724,0.98897
1.0026,1.2824,1.6223,1.317,0.97576
1.1029,1.2204,1.5845,1.3079,0.94481
1.2031,1.2127,1.5498,1.3211,1.0452
1.3034,1.2185,1.5542,1.3546,1.0834
1.4037,1.1655,1.5704,1.3487,1.1455
1.5039,1.1148,1.6619,1.3531,1.1774
1.6042,1.1595,1.6375,1.3193,1.1756
1.7044,1.1977,1.6824,1.333,1.1666
1.8047,1.2058,1.679,1.3108,1.1083
1.905,1.2028,1.7261,1.3078,1.0714
2.0052,1.2342,1.6266,1.3022,1.0909
2.1055,1.2018,1.579,1.2942,1.0213
2.2058,1.1806,1.4542,1.3295,1.0224
2.306,1.1515,1.376,1.3228,0.96971
2.4063,1.1618,1.3582,1.2405,0.98027
2.5065,1.1741,1.3497,1.2364,0.9633
2.6068,1.1812,1.3019,1.1891,0.90445
2.7071,1.162,1.2427,1.2642,0.88316
2.8073,1.1593,1.1435,1.3299,0.86372
2.9076,1.2288,1.127,1.3327,0.83133
3.0079,1.2875,1.0724,1.3053,0.84091
3.1081,1.267,1.1227,1.2994,0.85039
3.2084,1.4226,1.2154,1.2536,0.80016
3.3086,1.4389,1.2845,1.2481,0.78158
3.4089,1.3596,1.2462,1.1965,0.74782
3.5092,1.2932,1.2498,1.3299,0.76566
3.6094,1.1734,1.2851,1.3842,1.0636
3.7097,1.1351,1.2573,1.5855,1.1393
3.8099,1.0729,1.3408,1.5789,1.1831
3.9102,0.99124,1.4883,1.6621,1.2488
4.0105,1.0189,1.558,1.597,1.1794
4.1107,1.0144,1.6445,1.5944,1.1743
4.211,1.0601,1.703,1.5559,1.1558
4.3113,0.9998,1.6153,1.5426,1.1297
4.4115,0.98262,1.5904,1.5045,1.0874
4.5118,1.0151,1.5806,1.4279,1.0532
4.612,1.0266,1.5631,1.4598,0.99041
4.7123,1.0451,1.4967,1.4002,0.96695
4.8126,0.98146,1.3949,1.4201,0.97327
4.9128,0.99911,1.3363,1.4398,0.9301
5.0131,0.97215,1.2381,1.4063,0.85853
5.1133,0.9489,1.1592,1.3978,0.92087
5.2136,1.0424,1.1802,1.3122,0.87713
5.3139,1.0239,1.1411,1.3021,0.86026
5.4141,1.057,1.1436,1.3497,0.8298
5.5144,1.0655,1.1679,1.2743,0.79724
5.6147,1.1027,1.1569,1.2482,0.86323
5.7149,1.1078,1.1642,1.2766,0.78015
5.8152,1.07,1.1526,1.3877,0.87974
5.9154,1.0798,1.312,1.4411,0.85397
6.0157,1.1261,1.4835,1.4403,0.88627
6.116,1.1478,1.6533,1.4129,0.96041
6.2162,1.2342,1.6883,1.4327,0.89818
6.3165,1.2893,1.7741,1.4079,0.92233
6.4168,1.3022,1.7254,1.4212,0.90295
6.517,1.3383,1.7897,1.3959,0.84436
6.6173,1.4033,1.8018,1.4004,0.83896
6.7175,1.299,1.813,1.4649,0.82053
6.8178,1.2667,1.7048,1.528,0.89817
6.9181,1.2416,1.625,1.5308,0.93508
7.0183,1.143,1.5904,1.4647,0.98111
7.1186,1.1864,1.5454,1.4452,0.99301
7.2188,1.2283,1.532,1.447,0.98045
7.3191,1.1921,1.6486,1.431,0.93465
7.4194,1.249,1.6992,1.4256,0.93735
7.5196,1.2485,1.8239,1.4519,0.94028
7.6199,1.3825,1.8875,1.3767,0.8971
7.7202,1.3894,1.9458,1.3681,0.90123
7.8204,1.4119,1.9797,1.2999,0.84517
7.9207,1.5002,1.9849,1.2782,0.83126
8.0209,1.5849,2.0541,1.2358,0.82753
8.1212,1.4438,2.0298,1.2902,0.78976
8.2215,1.6624,2.0669,1.2337,0.77412
8.3217,1.769,2.1387,1.1612,0.74854
8.422,1.8348,2.1209,1.1888,0.7103
8.5222,1.762,2.0768,1.1724,0.75132
8.6225,1.6929,1.9091,1.2052,0.71727
8.7228,1.5304,1.8988,1.2649,0.74727
8.823,1.5016,1.9097,1.376,0.76386
8.9233,1.4016,1.7425,1.4178,0.79246
9.0236,1.4618,1.7598,1.4053,0.81402
9.1238,1.3782,1.8488,1.387,0.86824
9.2241,1.4421,1.8676,1.3488,0.89704
9.3243,1.4393,1.9173,1.3193,0.8685
9.4246,1.3753,1.8993,1.2821,0.9258
9.5249,1.3327,1.8009,1.2993,0.84531
9.6251,1.332,1.7042,1.3046,0.87978
9.725,1.2889,1.696,1.2602,0.84147
9.826,1.3372,1.7729,1.1764,0.80243
9.926,1.3492,1.8676,1.164,0.76467
10.026,1.3927,1.9333,1.1569,0.77822
10.126,1.2594,1.8975,1.1684,0.77758
10.227,1.2298,1.9131,1.1435,0.77107
10.327,1.2098,1.9148,1.1668,0.77707
10.427,1.2891,1.9604,1.1979,0.92471
10.527,1.3347,2.0815,1.228,0.96083
10.628,1.3639,2.0546,1.2393,1.0184
10.728,1.2781,2.07,1.2689,1.0167
10.828,1.3569,2.0827,1.2435,1.0738
10.929,1.2986,1.9891,1.2618,0.97215
11.029,1.2712,1.8284,1.2979,0.9872
11.129,1.1822,1.7438,1.2699,0.91361
11.229,1.193,1.7079,1.2236,0.96986
11.33,1.1363,1.683,1.2278,0.86419
11.43,1.0864,1.6314,1.1951,0.87022
11.53,1.1003,1.6651,1.161,0.87236
11.63,1.1246,1.5747,1.1502,0.89608
11.731,1.1183,1.585,1.1331,0.86549
11.831,1.0603,1.6149,1.1602,0.83685
11.931,1.0733,1.5856,1.1158,0.83011
12.031,1.0732,1.5104,1.1746,0.82409
12.132,0.9854,1.4603,1.3156,0.7824
12.232,0.96335,1.3974,1.3419,0.76787
12.332,0.91752,1.4616,1.4144,0.78576
12.432,0.89967,1.5411,1.3862,0.76373
12.533,0.85212,1.5317,1.3637,0.70847
12.633,0.91548,1.5067,1.2785,0.6925
12.733,0.9183,1.5444,1.2471,0.70551
12.834,0.95318,1.5441,1.2155,0.72022
12.934,0.94861,1.5127,1.2269,0.67258
13.034,0.98274,1.4829,1.2564,0.75601
13.134,0.96981,1.4159,1.2024,0.70845
13.235,0.95175,1.3242,1.1203,0.72494
13.335,0.92298,1.2825,1.0752,0.71703
13.435,0.91429,1.3749,1.1535,0.69015
13.535,0.91077,1.3514,1.1535,0.72237
13.636,0.98568,1.3199,1.1197,0.70717
13.736,1.03,1.3542,1.0926,0.72908
13.836,1.0648,1.3076,1.0917,0.72676
13.936,1.0615,1.2778,1.052,0.71595
14.037,1.0777,1.249,1.0956,0.72045
14.137,1.0407,1.1605,1.0868,0.7672
14.237,1.0141,1.1216,1.1231,0.76076
14.337,0.99524,1.0754,1.2332,0.74277
14.438,0.98522,1.2108,1.3161,0.85504
14.538,1.0273,1.2217,1.2705,0.87606
14.638,0.98511,1.2058,1.2719,0.91467
14.738,1.0443,1.2147,1.237,0.92853
14.839,1.0705,1.2538,1.2447,0.89224
14.939,1.1057,1.2294,1.2062,0.83929
15.039,1.1602,1.1655,1.245,0.83761
15.14,1.1846,1.2057,1.2493,0.78351
15.24,1.1909,1.1635,1.203,0.81273
15.34,1.207,1.1062,1.1963,0.79867
15.44,1.1895,1.0908,1.2511,0.77905
15.541,1.2505,1.1686,1.1758,0.74744
15.641,1.2954,1.0593,1.1214,0.74873
15.741,1.3419,1.0756,1.1309,0.74829
15.841,1.3327,1.0743,1.151,0.74628
15.942,1.3293,1.0957,1.1556,0.74089
16.042,1.2951,1.0265,1.1198,0.69844
16.142,1.2517,1.0964,1.1358,0.70668
16.242,1.301,1.0645,1.1466,0.69138
16.343,1.2736,1.0038,1.1353,0.69324
16.443,1.2703,1.0625,1.1432,0.70201
16.543,1.3734,1.0429,1.1038,0.75791
16.643,1.4103,1.0718,1.1072,0.76861
16.744,1.4257,1.0705,1.1308,0.82605
16.844,1.4085,1.1253,1.1211,0.7366
16.944,1.3325,1.1759,1.078,0.74377
17.044,1.3655,1.2329,1.1662,0.73501
17.145,1.3867,1.327,1.2904,0.76048
17.245,1.3509,1.3714,1.3917,0.76833
17.345,1.3767,1.4261,1.4361,0.79182
17.446,1.3649,1.6424,1.4881,0.83042
17.546,1.4764,1.7324,1.5392,0.878
17.646,1.5064,1.9511,1.5506,0.93255
17.746,1.5625,1.9486,1.5397,0.97633
17.847,1.5173,1.9044,1.4724,0.98945
17.947,1.4548,1.8908,1.5227,0.90996
18.047,1.4934,1.9098,1.5862,0.94299
18.147,1.4665,1.9009,1.5376,0.97771
18.248,1.4342,1.9976,1.6155,0.93277
18.348,1.3847,1.9165,1.5935,0.92821
18.448,1.4171,1.9607,1.5205,0.83692
18.548,1.392,2.0536,1.5411,0.84312
18.649,1.4234,2.0089,1.4591,0.85758
18.749,1.3946,1.9319,1.4189,0.84914
18.849,1.3801,1.7803,1.3637,0.82627
18.949,1.362,1.862,1.2882,0.7833
19.05,1.4162,1.8315,1.275,0.72214
19.15,1.2985,1.7564,1.2462,0.73311
19.25,1.4195,1.6643,1.2317,0.73132
19.351,1.3317,1.6934,1.1915,0.74328
19.451,1.3575,1.7527,1.1738,0.74688
19.551,1.4042,1.7571,1.2621,0.70894
19.651,1.3199,1.7128,1.2472,0.72249
19.752,1.3477,1.6264,1.2486,0.74021
19.852,1.2826,1.6748,1.2081,0.7553
19.952,1.2621,1.6731,1.2749,0.72821
20.052,1.3087,1.5813,1.3112,0.74732
20.153,1.2032,1.639,1.2323,0.72831
20.253,1.3136,1.7307,1.2607,0.74287
20.353,1.4148,1.8963,1.207,0.70079
20.453,1.3582,1.8298,1.2216,0.69653
20.554,1.3478,1.7945,1.306,0.7811
20.654,1.2666,1.7555,1.3372,0.74271
20.754,1.3102,1.8123,1.3137,0.73615
20.854,1.3219,1.8789,1.2882,0.83313
20.955,1.3297,1.9372,1.3077,0.79037
21.055,1.3643,1.8973,1.3601,0.81856
21.155,1.2932,1.7929,1.3975,0.79468
21.255,1.2586,1.7021,1.3734,0.76233
21.356,1.3922,1.7962,1.2713,0.73181
21.456,1.4716,1.857,1.3353,0.70207
21.556,1.4566,1.7872,1.2349,0.72337
21.657,1.4285,1.765,1.2206,0.75753
21.757,1.3912,1.7311,1.1582,0.79943
21.857,1.3312,1.6388,1.1761,0.87556
21.957,1.2655,1.5313,1.2623,0.97509
22.058,1.1786,1.5311,1.2124,1.0987
22.158,1.3015,1.6145,1.2394,1.126
22.258,1.336,1.71,1.217,1.0499
22.358,1.4142,1.7834,1.2618,1.0066
22.459,1.4025,1.6991,1.1955,1.0152
22.559,1.3321,1.7084,1.1748,1.0456
22.659,1.3349,1.6494,1.1298,0.94768
22.759,1.3164,1.6728,1.1264,0.91194
22.86,1.3703,1.6917,1.0822,0.93238
22.96,1.2532,1.6175,1.0833,0.8259
23.06,1.3219,1.6322,1.0279,0.83207
23.16,1.3241,1.5418,1.0393,0.82773
23.261,1.3,1.4457,1.0258,0.80716
23.361,1.2928,1.3529,1.0358,0.80231
23.461,1.2974,1.3076,1.0647,0.77019
23.562,1.256,1.2481,1.1007,0.73373
23.662,1.3797,1.2914,1.1166,0.75348
23.762,1.3619,1.443,1.2765,0.75981
23.862,1.2814,1.4004,1.3927,0.80264
23.963,1.2521,1.3323,1.5098,0.83001
24.063,1.1502,1.5011,1.5212,0.83547
24.163,1.2122,1.6741,1.5423,1.0537
24.263,1.3418,1.8993,1.484,0.98456
24.364,1.4387,1.9456,1.5005,0.96258
24.464,1.4832,1.8928,1.4363,0.96694
24.564,1.4496,1.8217,1.4495,0.96958
24.664,1.4103,1.7675,1.4598,1.0395
24.765,1.3715,1.7257,1.3949,1.0038
24.865,1.3095,1.6513,1.3517,0.98611
24.965,1.2664,1.6005,1.3323,1.0177
25.065,1.1908,1.5668,1.3691,0.99181
25.166,1.184,1.6624,1.3476,1.0371
25.266,1.1667,1.8449,1.3298,1.0463
25.366,1.1446,1.8407,1.3879,1.012
25.466,1.277,1.833,1.3859,0.96522
25.567,1.2977,1.9034,1.3344,0.95151
25.667,1.3394,1.9602,1.3065,0.91709
25.767,1.3158,1.9498,1.4046,0.90029
25.868,1.2325,1.7637,1.4978,0.88477
25.968,1.1504,1.7406,1.4506,0.87195
26.068,1.2105,1.7281,1.4614,0.84481
26.168,1.229,1.7296,1.3853,0.8288
26.269,1.3556,1.7052,1.3516,0.80664
26.369,1.3381,1.6368,1.3142,0.84874
26.469,1.478,1.6761,1.2664,0.76357
26.569,1.4141,1.6764,1.1855,0.78062
26.67,1.369,1.6597,1.1072,0.76346
26.77,1.3376,1.5837,1.1621,0.80602
26.87,1.3284,1.5262,1.1886,0.85946
26.97,1.2426,1.5056,1.2543,1.0396
27.071,1.1428,1.4568,1.3595,1.1567
27.171,1.1137,1.5505,1.3895,1.1736
27.271,1.0876,1.4506,1.5946,1.1944
27.371,0.98012,1.4279,1.777,1.1855
27.472,0.97818,1.3336,1.7899,1.1358
27.572,1,1.4485,1.7929,1.15
27.672,0.9663,1.447,1.7048,1.1039
27.773,0.90876,1.4771,1.6953,1.0847
27.873,0.90722,1.4107,1.5654,1.012
27.973,0.90596,1.351,1.5084,1.0146
28.073,0.93488,1.3757,1.4589,0.95615
28.174,0.94541,1.3358,1.416,0.93077
28.274,0.91592,1.3281,1.4442,0.9352
28.374,0.94007,1.2701,1.4028,0.92511
28.474,0.99617,1.2171,1.3598,0.90072
28.575,0.9884,1.2428,1.3312,0.86525
28.675,1.0398,1.2888,1.3355,0.84187
28.775,0.96823,1.2379,1.3711,0.79581
28.875,0.96433,1.3184,1.3858,0.81743
28.976,1.023,1.3826,1.3576,0.79612
29.076,1.0024,1.6094,1.3829,0.84481
29.176,1.0919,1.7837,1.4499,0.92673
29.276,1.1051,1.7736,1.4809,0.88063
29.377,1.1389,1.7663,1.4881,0.874
29.477,1.141,1.7675,1.5461,0.86256
29.577,1.1637,1.7942,1.5095,0.8171
29.677,1.169,1.8496,1.5263,0.89352
29.778,1.1462,1.7854,1.57,0.85034
29.878,1.1879,1.7907,1.5664,0.83532
29.978,1.2072,1.8404,1.5787,0.80092
30.079,1.1781,1.8299,1.5206,0.7939
30.179,1.1593,1.7688,1.5074,0.78356
30.279,1.1032,1.6959,1.4242,0.7873
30.379,1.1001,1.5313,1.4117,0.69078
30.48,1.1189,1.5191,1.3941,0.76913
30.58,1.1779,1.4589,1.3382,0.74518
30.68,1.054,1.3489,1.3173,0.69679
30.78,0.9947,1.2946,1.2685,0.76356
30.881,1.0146,1.2267,1.2284,0.74624
30.981,1.157,1.2857,1.2066,0.71822
31.081,1.1661,1.2837,1.269,0.7676
31.181,1.1001,1.2974,1.2944,0.72902
31.282,1.0376,1.2607,1.4074,0.89117
31.382,0.96424,1.2752,1.6792,0.98515
31.482,0.94219,1.2782,1.8547,1.1249
31.582,0.93714,1.4017,1.8348,1.0998
31.683,0.94402,1.4446,1.8803,1.04
31.783,0.96788,1.5046,1.8475,1.0061
31.883,0.99974,1.5018,1.799,1.0299
31.984,1.012,1.5522,1.6582,0.96797
32.084,1.0446,1.5017,1.55,0.89726
32.184,1.0325,1.4278,1.494,0.91008
32.284,1.0239,1.357,1.4284,0.89539
32.385,1.0599,1.3542,1.3319,0.86312
32.485,1.0141,1.3122,1.298,0.83055
32.585,1.1005,1.2879,1.2234,0.81437
32.685,1.102,1.2409,1.2025,0.79707
32.786,1.1889,1.2096,1.1851,0.83375
32.886,1.0966,1.177,1.2094,0.79936
32.986,1.1002,1.1375,1.1715,0.79564
33.086,1.1428,1.0635,1.1728,0.82722
33.187,1.1301,1.018,1.1793,0.78373
33.287,1.1676,1.0087,1.1827,0.75144
33.387,1.1784,0.93561,1.2159,0.74598
33.487,1.2335,0.95034,1.1627,0.75424
33.588,1.3194,0.94731,1.2365,0.7153
33.688,1.2566,0.96372,1.2479,0.65059
33.788,1.3104,0.97538,1.2542,0.69227
33.888,1.3365,0.99031,1.2839,0.7063
33.989,1.3129,1.0969,1.3022,0.73258
34.089,1.346,1.142,1.3805,0.67391
34.189,1.4028,1.2371,1.3826,0.67575
34.29,1.6001,1.3942,1.3258,0.68386
34.39,1.6673,1.406,1.3199,0.71022
34.49,1.6738,1.3963,1.4382,0.77323
34.59,1.6934,1.3754,1.4784,0.78495
34.691,1.7361,1.3765,1.5596,0.80387
34.791,1.7695,1.4216,1.5397,0.81411
34.891,1.8406,1.4473,1.472,0.80874
34.991,1.8221,1.4884,1.4462,0.87231
35.092,1.8102,1.378,1.4526,0.83509
35.192,1.8243,1.4357,1.4308,0.81509
35.292,1.6767,1.3491,1.5432,0.82128
35.392,1.5989,1.4668,1.6001,0.80231
35.493,1.5133,1.5414,1.563,0.83862
35.593,1.4547,1.7455,1.5975,0.91587
35.693,1.4197,1.7659,1.5991,0.88761
35.793,1.401,1.9198,1.6327,0.92512
35.894,1.3713,1.8909,1.6266,0.8892
35.994,1.3815,1.9245,1.6184,0.89066
36.094,1.4539,2.0015,1.6282,0.84124
36.194,1.4058,2.0516,1.6447,0.8862
36.295,1.392,2.0203,1.7071,0.83908
36.395,1.4326,2.1466,1.6391,0.80228
36.495,1.5719,2.1405,1.621,0.77106
36.596,1.7188,2.1944,1.5705,0.76314
36.696,1.8113,2.1572,1.4851,0.79205
36.796,1.7744,2.1486,1.6224,0.72579
36.896,1.7765,2.128,1.7001,0.76277
36.997,1.6081,2.0769,1.6983,0.76665
37.097,1.5459,2.0974,1.6695,0.8065
37.197,1.4884,2.0931,1.6752,0.7561
37.297,1.4729,2.1637,1.6328,0.81888
37.398,1.4449,2.2687,1.5049,0.80328
37.498,1.3773,2.2352,1.5317,0.81277
37.598,1.3299,2.1437,1.4894,0.78835
37.698,1.2762,2.1292,1.5447,0.78999
37.799,1.3362,2.1001,1.4843,0.78505
37.899,1.3765,2.0471,1.4145,0.81932
37.999,1.3832,2.0944,1.456,0.76231
38.099,1.4014,2.1999,1.4225,0.75177
38.2,1.4351,2.3025,1.4265,0.77517
38.3,1.4426,2.3086,1.442,0.75959
38.4,1.4502,2.3058,1.3662,0.75159
38.501,1.3947,2.2517,1.452,0.74343
38.601,1.4139,2.1432,1.4676,0.71738
38.701,1.404,2.1308,1.4168,0.73006
38.801,1.4928,2.284,1.417,0.74147
38.902,1.61,2.3589,1.3357,0.74269
39.002,1.6056,2.3503,1.3466,0.72072
39.102,1.5788,2.268,1.3399,0.73622
39.202,1.5999,2.3248,1.3301,0.72254
39.303,1.6888,2.2865,1.2691,0.72261
39.403,1.6775,2.3117,1.2816,0.7185
39.503,1.5559,2.1525,1.3426,0.69895
39.603,1.4356,2.069,1.3692,0.72645
39.704,1.4715,1.9686,1.3254,0.75888
39.804,1.4838,1.9195,1.2754,0.74376
39.904,1.4799,1.9192,1.3341,0.77572
40.004,1.4109,1.8006,1.3988,0.72528
40.105,1.4043,1.7135,1.3879,0.72021
40.205,1.454,1.7294,1.3805,0.78157
40.305,1.4516,1.7898,1.3505,0.80559
40.405,1.3672,1.7726,1.4184,0.78858
40.506,1.3075,1.7685,1.3973,0.83966
40.606,1.4367,1.8607,1.3892,0.77126
40.706,1.421,1.8557,1.3878,0.74964
40.807,1.4639,1.8456,1.3756,0.73598
40.907,1.51,1.7981,1.3964,0.78236
41.007,1.6186,1.7364,1.3575,0.75204
41.107,1.4977,1.7733,1.4287,0.72814
41.208,1.4793,1.9628,1.4172,0.77553
41.308,1.5871,2.0185,1.4097,0.72132
41.408,1.504,1.9466,1.4242,0.78779
41.508,1.4602,1.9115,1.5006,0.76516
41.609,1.439,1.8171,1.556,0.7681
41.709,1.3418,1.7966,1.6083,0.79045
41.809,1.2557,1.8024,1.5336,0.83325
41.909,1.2519,1.7434,1.5844,0.90481
42.01,1.2734,1.635,1.5678,0.8485
42.11,1.2344,1.594,1.6006,0.85865
42.21,1.3192,1.6032,1.5626,0.87056
42.31,1.3385,1.6473,1.5435,0.82467
42.411,1.3871,1.6244,1.622,0.81224
42.511,1.3419,1.6648,1.6855,0.80821
42.611,1.4315,1.6096,1.7052,0.83486
42.712,1.4478,1.7737,1.6523,0.78597
42.812,1.4628,1.8918,1.5978,0.77901
42.912,1.5102,1.8869,1.6173,0.75146
43.012,1.4802,1.8469,1.5056,0.72298
43.113,1.4166,1.7347,1.5324,0.72884
43.213,1.3562,1.7416,1.5573,0.70736
43.313,1.4092,1.7074,1.5428,0.72115
43.413,1.3956,1.7313,1.5059,0.74878
43.514,1.3876,1.8291,1.4726,0.73894
43.614,1.4038,1.7879,1.4536,0.70788
43.714,1.4229,1.9053,1.3916,0.72465
43.814,1.4847,1.8831,1.3857,0.69262
43.915,1.4801,1.9,1.3313,0.68381
44.015,1.46,1.857,1.321,0.65443
44.115,1.5898,1.9326,1.3418,0.66508
44.215,1.5907,2.0043,1.2247,0.68006
44.316,1.6892,2.0833,1.2518,0.67481
44.416,1.748,2.0509,1.2255,0.65253
44.516,1.8511,2.0821,1.2198,0.66773
44.616,1.8743,2.1237,1.2494,0.70245
44.717,1.8508,2.1189,1.2062,0.64967
44.817,1.7478,1.9985,1.3657,0.62515
44.917,1.7009,1.8833,1.5727,0.66482
45.018,1.5574,1.842,1.4792,0.66678
45.118,1.5921,1.918,1.4665,0.65484
45.218,1.6423,1.9677,1.4286,0.66085
45.318,1.6587,1.9227,1.4139,0.63369
45.419,1.639,1.9627,1.4464,0.66544
45.519,1.6496,2.0049,1.3908,0.63534
45.619,1.6166,2.0082,1.3845,0.62862
45.719,1.7745,2.0161,1.3208,0.65294
45.82,1.7281,2.0614,1.3663,0.65213
45.92,1.7987,2.0161,1.3535,0.6759
46.02,1.7696,2.129,1.378,0.69193
46.12,1.7569,2.1404,1.3546,0.72483
46.221,1.7579,2.0636,1.3366,0.78101
46.321,1.6612,2.0113,1.3806,0.81997
46.421,1.5253,2.0161,1.3915,0.82982
46.521,1.6208,2.0422,1.3978,0.85194
46.622,1.5442,1.9974,1.4628,0.88822
46.722,1.6018,2.1375,1.4208,0.81402
46.822,1.5558,2.15,1.571,0.87377
46.923,1.5012,1.9913,1.5709,0.81235
47.023,1.3741,1.9834,1.5709,0.83048
47.123,1.4033,1.9634,1.5609,0.82211
47.223,1.526,2.0204,1.5136,0.86912
47.324,1.41,2.0215,1.4704,0.85664
47.424,1.3674,1.9676,1.4051,0.82412
47.524,1.3158,2.0789,1.4044,0.82709
47.624,1.3223,2.0595,1.478,0.83163
47.725,1.2829,1.9622,1.6049,0.83262
47.825,1.2041,1.9021,1.6628,0.88637
47.925,1.1317,1.8539,1.6511,0.89709
48.025,1.0996,1.8198,1.6331,0.83273
48.126,1.0769,1.7545,1.6506,0.83749
48.226,1.0903,1.759,1.632,0.80381
48.326,1.0407,1.7215,1.6432,0.78594
48.426,0.98954,1.6764,1.662,0.81594
48.527,0.98263,1.7785,1.6619,0.85571
48.627,1.0925,1.9969,1.6437,0.77807
48.727,1.1413,2.0457,1.5577,0.82081
48.827,1.2314,2.0083,1.546,0.82027
48.928,1.2018,1.9374,1.5138,0.77278
49.028,1.2135,1.8796,1.5047,0.79049
49.128,1.1779,1.7838,1.5177,0.75019
49.229,1.1141,1.7552,1.6577,0.7643
49.329,1.0673,1.6163,1.8711,0.75475
49.429,1.074,1.5761,1.8591,0.7729
49.529,1.1704,1.5523,1.8694,0.71804
49.63,1.2005,1.7342,1.8133,0.76379
49.73,1.2081,1.7322,1.7325,0.74978
49.83,1.1406,1.8026,1.6737,0.73523
49.93,1.2109,1.9017,1.6919,0.71547
50.031,1.2191,2.092,1.6819,0.74561
50.131,1.2497,2.1172,1.6805,0.74847
50.231,1.1954,2.0194,1.6437,0.79117
50.331,1.2419,1.9494,1.595,0.76598
50.432,1.2454,1.9758,1.5402,0.74591
50.532,1.3231,2.1471,1.5446,0.75346
50.632,1.3551,2.1831,1.4988,0.74862
50.732,1.372,2.1807,1.4737,0.76849
50.833,1.442,2.1797,1.4987,0.74782
50.933,1.4641,2.1268,1.4543,0.7817
51.033,1.5625,2.1593,1.4551,0.8085
51.133,1.6235,2.119,1.4951,0.7679
51.234,1.7285,2.1693,1.4477,0.72796
51.334,1.7135,2.0949,1.4024,0.75386
51.434,1.738,1.9388,1.3702,0.78802
51.535,1.7126,1.8437,1.3562,0.7355
51.635,1.7343,1.8651,1.281,0.75654
51.735,1.6478,1.8144,1.2012,0.72852
51.835,1.6561,1.6858,1.1585,0.72297
51.936,1.6428,1.6129,1.1839,0.7024
52.036,1.4973,1.659,1.2243,0.64929
52.136,1.5132,1.7002,1.1993,0.74305
52.236,1.5007,1.8613,1.2342,0.72106
52.337,1.4339,1.8554,1.3112,0.79713
52.437,1.3126,1.8866,1.3606,0.80571
52.537,1.3785,1.8976,1.4147,0.82427
52.637,1.3861,1.84,1.4765,0.88987
52.738,1.2839,1.8896,1.5075,0.88909
52.838,1.3385,1.8749,1.4708,0.88979
52.938,1.3249,1.8392,1.5827,0.87386
53.038,1.2803,1.7899,1.6179,0.89366
53.139,1.1856,1.6961,1.7684,0.8786
53.239,1.1433,1.7189,1.7802,0.80096
53.339,1.1223,1.6868,1.767,0.79046
53.44,1.2158,1.6173,1.7668,0.8231
53.54,1.1704,1.6436,1.6771,0.78467
53.64,1.2516,1.6563,1.6001,0.7278
53.74,1.2692,1.6545,1.6471,0.74015
53.841,1.364,1.6963,1.6622,0.74306
53.941,1.3265,1.7499,1.622,0.70636
54.041,1.4213,1.8941,1.5563,0.73379
54.141,1.5711,2.0066,1.5615,0.75785
54.242,1.4935,2.1061,1.5427,0.73644
54.342,1.5301,2.2328,1.4884,0.67528
54.442,1.5392,2.0861,1.5003,0.68796
54.542,1.5459,2.0791,1.4835,0.69386
54.643,1.5034,2.0437,1.455,0.71352
54.743,1.5034,2.06,1.4422,0.67633
54.843,1.3993,2.1143,1.4058,0.7068
54.943,1.3998,2.0941,1.4223,0.74464
55.044,1.3445,1.9369,1.4071,0.78752
55.144,1.2777,2.128,1.4585,0.8629
55.244,1.3242,2.2197,1.4594,0.92492
55.344,1.4486,2.2357,1.4189,0.90977
55.445,1.2985,2.249,1.4552,0.85746
55.545,1.3037,2.1786,1.4958,0.84405
55.645,1.2729,2.0842,1.4993,0.87088
55.746,1.2244,2.0684,1.5449,0.83662
55.846,1.19,2.02,1.5399,0.83203
55.946,1.1903,1.9178,1.5052,0.8
56.046,1.2776,1.906,1.4351,0.78766
56.147,1.2247,1.8711,1.4557,0.81187
56.247,1.2401,1.8139,1.4834,0.7836
56.347,1.1462,1.7817,1.5345,0.75512
56.447,1.1413,1.6979,1.5716,0.80095
56.548,1.037,1.6556,1.6093,0.75807
56.648,1.0002,1.5147,1.6259,0.77353
56.748,1.0083,1.563,1.6002,0.79549
56.848,1.025,1.5039,1.5545,0.79766
56.949,1.0754,1.5091,1.5596,0.75108
57.049,1.0718,1.3932,1.4857,0.79784
57.149,1.0808,1.3633,1.4412,0.73989
57.249,1.0632,1.3606,1.3968,0.69326
57.35,1.0071,1.2917,1.4437,0.74615
57.45,0.97701,1.24,1.478,0.74317
57.55,0.91727,1.1545,1.7401,0.74788
57.651,0.9717,1.1407,1.7748,0.67869
57.751,0.95504,1.0557,1.6669,0.70007
57.851,0.9688,1.0399,1.6253,0.70385
57.951,0.93683,1.0259,1.6988,0.68646
58.052,0.90543,1.1308,1.7194,0.71387
58.152,0.92848,1.1593,1.726,0.68576
58.252,0.89355,1.3298,1.7014,0.76275
58.352,0.94888,1.4419,1.608,0.77038
58.453,0.99944,1.548,1.6127,0.749
58.553,1.043,1.6849,1.5329,0.74083
58.653,1.1011,1.9021,1.5055,0.75942
58.753,1.1554,1.9443,1.5148,0.72344
58.854,1.1865,1.939,1.4397,0.71095
58.954,1.3437,2.0721,1.399,0.69902
59.054,1.2696,2.1353,1.4615,0.70898
59.154,1.2809,2.1033,1.5157,0.73961
59.255,1.398,2.0878,1.4942,0.69048
59.355,1.3516,2.0673,1.4237,0.71328
59.455,1.3368,2.0523,1.3769,0.67349
59.555,1.3705,2.1858,1.4543,0.7169
59.656,1.4207,2.1907,1.4512,0.7057
59.756,1.4989,2.2399,1.3952,0.66007
59.856,1.5499,2.301,1.3869,0.68224
59.957,1.5991,2.3036,1.3775,0.70121
60.057,1.7168,2.2702,1.354,0.66505
60.157,1.7851,2.3205,1.3343,0.64406
60.257,1.8525,2.3203,1.3523,0.67161
60.358,1.7942,2.3622,1.3101,0.66876
60.458,1.7357,2.2783,1.3959,0.66132
60.558,1.6454,2.2576,1.3659,0.70752
60.658,1.6543,2.2302,1.4343,0.75831
60.759,1.6608,2.2171,1.4013,0.73393
60.859,1.6145,2.2901,1.3359,0.74759
60.959,1.5767,2.2618,1.4519,0.71956
61.059,1.5525,2.1173,1.442,0.73593
61.16,1.4889,2.1643,1.4881,0.72487
61.26,1.4259,1.9966,1.6245,0.71159
61.36,1.4571,2.1169,1.6227,0.70014
61.46,1.3966,1.9659,1.7029,0.70935
61.561,1.3209,1.9217,1.7079,0.69328
61.661,1.3566,1.7515,1.6325,0.68845
61.761,1.4034,1.7471,1.7012,0.68913
61.862,1.3172,1.7234,1.7231,0.69003
61.962,1.3102,1.5867,1.7517,0.64098
62.062,1.2624,1.6379,1.7409,0.70003
62.162,1.1343,1.56,1.7209,0.71308
62.263,1.173,1.5761,1.6745,0.70891
62.363,1.165,1.5798,1.65,0.77246
62.463,1.0994,1.6217,1.68,0.73431
62.563,1.1372,1.641,1.6255,0.71673
62.664,1.1384,1.5877,1.5973,0.73761
62.764,1.1747,1.6453,1.5577,0.71168
62.864,1.1614,1.7887,1.4962,0.74993
62.964,1.1755,1.7684,1.4898,0.72296
63.065,1.2651,1.8307,1.4332,0.72911
63.165,1.296,1.8123,1.3815,0.75097
63.265,1.3351,1.7746,1.4,0.71283
63.365,1.287,1.7906,1.2735,0.70311
63.466,1.2738,1.7094,1.2749,0.73607
63.566,1.3014,1.666,1.3208,0.69795
63.666,1.3433,1.6144,1.2447,0.7055
63.766,1.3748,1.5279,1.1897,0.66106
63.867,1.3215,1.6336,1.1748,0.7421
63.967,1.2938,1.5533,1.2727,0.66747
64.067,1.3097,1.5584,1.2932,0.6802
64.168,1.36,1.5244,1.291,0.71709
64.268,1.377,1.5235,1.2819,0.70145
64.368,1.4063,1.6755,1.2697,0.71566
64.468,1.2962,1.6686,1.3249,0.75159
64.569,1.3624,1.8455,1.3984,0.79294
64.669,1.4275,1.9578,1.3971,0.85483
64.769,1.4795,2.0089,1.3696,0.82899
64.869,1.4091,2.0862,1.3633,0.79063
64.97,1.3919,2.0313,1.3841,0.81225
65.07,1.4807,2.1111,1.3955,0.76147
65.17,1.5214,2.1678,1.3582,0.77118
65.27,1.4811,2.1279,1.3431,0.74107
65.371,1.409,1.9847,1.2599,0.74605
65.471,1.4128,1.9891,1.4522,0.72216
65.571,1.3055,1.8895,1.671,0.78918
65.671,1.2576,1.7966,1.6827,0.84458
65.772,1.1967,1.8173,1.5931,0.82716
65.872,1.2468,1.7723,1.6004,0.76417
65.972,1.272,1.7817,1.5867,0.77312
66.073,1.2813,1.8583,1.5982,0.74837
66.173,1.3694,1.9249,1.569,0.78186
66.273,1.3406,1.9068,1.5623,0.74009
66.373,1.308,1.9299,1.5348,0.76234
66.474,1.3117,1.9353,1.5487,0.72734
66.574,1.3159,2.0609,1.5424,0.79071
66.674,1.3333,2.1632,1.496,0.74386
66.774,1.3493,2.1767,1.5859,0.73699
66.875,1.3556,2.0393,1.5738,0.78682
66.975,1.4079,2.0971,1.5699,0.76636
67.075,1.3763,2.0549,1.5341,0.73228
67.175,1.3348,1.8707,1.493,0.74208
67.276,1.3723,1.9555,1.4449,0.71395
67.376,1.4363,1.9952,1.4234,0.72271
67.476,1.4726,2.0182,1.3498,0.71116
67.576,1.4709,2.0017,1.3661,0.71737
67.677,1.4788,1.9647,1.3081,0.68999
67.777,1.4082,1.8679,1.3043,0.71054
67.877,1.3771,1.91,1.2707,0.71837
67.977,1.4295,1.854,1.2834,0.66555
68.078,1.4456,1.7992,1.2587,0.69837
68.178,1.4258,1.8193,1.2209,0.69201
68.278,1.427,1.7569,1.2514,0.65367
68.379,1.4234,1.7293,1.3042,0.68471
68.479,1.3352,1.681,1.3415,0.68002
68.579,1.3213,1.6016,1.5055,0.68433
68.679,1.3429,1.5407,1.4722,0.65824
68.78,1.3896,1.7481,1.4667,0.66977
68.88,1.4992,1.9809,1.4758,0.69263
68.98,1.575,2.0195,1.4503,0.70731
69.08,1.5674,2.1077,1.4208,0.6562
69.181,1.6697,2.0563,1.3469,0.68695
69.281,1.6628,2.0424,1.3291,0.69317
69.381,1.6131,2.0101,1.3899,0.68596
69.481,1.5808,1.9941,1.5552,0.65406
69.582,1.4628,1.8615,1.5026,0.7265
69.682,1.5091,1.8626,1.5186,0.65857
69.782,1.4054,1.7961,1.4627,0.69171
69.882,1.4684,1.8247,1.4576,0.76498
69.983,1.4053,1.8036,1.4217,0.72918
70.083,1.4419,1.9634,1.3941,0.7406
70.183,1.5356,2.0156,1.4149,0.71964
70.283,1.4855,1.9718,1.363,0.72625
70.384,1.5409,1.9459,1.3491,0.68382
70.484,1.5603,1.946,1.3152,0.69157
70.584,1.5152,1.9665,1.3123,0.71279
70.685,1.503,1.8132,1.3317,0.6835
70.785,1.4752,1.865,1.3943,0.72485
70.885,1.4438,1.8784,1.3955,0.66658
70.985,1.4303,1.7358,1.3219,0.67833
71.086,1.4094,1.6452,1.3233,0.68243
71.186,1.4346,1.7651,1.2775,0.68998
71.286,1.3999,1.7803,1.2429,0.69619
71.386,1.3109,1.6985,1.3148,0.68822
71.487,1.2835,1.5967,1.3359,0.71129
71.587,1.2836,1.5377,1.2848,0.71789
71.687,1.3614,1.6469,1.2619,0.69927
71.787,1.5314,1.7648,1.2557,0.69578
71.888,1.5711,1.9024,1.2226,0.65508
71.988,1.7016,1.9105,1.2081,0.66144
72.088,1.762,1.9176,1.2011,0.72562
72.188,1.7817,1.7768,1.1657,0.67136
72.289,1.7389,1.7892,1.1057,0.6628
72.389,1.7445,1.6834,1.1656,0.66509
72.489,1.6701,1.6376,1.1566,0.675
72.59,1.5095,1.7158,1.1496,0.6739
72.69,1.4411,1.6688,1.1747,0.65339
72.79,1.3531,1.6667,1.2849,0.70312
72.89,1.3198,1.6261,1.3123,0.70167
72.991,1.2453,1.6641,1.347,0.71546
73.091,1.1943,1.6735,1.3378,0.72093
73.191,1.1885,1.6617,1.3337,0.77487
73.291,1.2143,1.6832,1.34,0.74994
73.392,1.2076,1.7277,1.4048,0.74008
73.492,1.2384,1.7089,1.3642,0.79004
73.592,1.2893,1.8433,1.3676,0.80101
73.692,1.3774,1.9955,1.338,0.81702
73.793,1.4324,1.9995,1.3117,0.7825
73.893,1.4342,2.1205,1.409,0.79112
73.993,1.4799,2.0093,1.3655,0.75644
74.093,1.4716,2.0359,1.4111,0.74395
74.194,1.3839,1.9584,1.444,0.76272
74.294,1.3359,1.8796,1.6665,0.7144
74.394,1.2403,1.8173,2.0369,0.75742
74.494,1.1733,1.7383,2.1389,0.78853
74.595,1.1076,1.7164,2.0521,0.80791
74.695,1.0952,1.715,1.9835,0.84069
74.795,1.1032,1.8385,1.9164,0.74687
74.896,1.0295,1.846,1.8243,0.80479
74.996,0.97802,1.8734,1.8103,0.80377
75.096,1.0365,1.9369,1.7518,0.79413
75.196,1.0978,1.9757,1.6522,0.78771
75.297,1.1809,2.0261,1.5554,0.73884
75.397,1.2527,2.0805,1.5363,0.77251
75.497,1.3605,2.0719,1.5355,0.80697
75.597,1.3605,2.0627,1.4444,0.79212
75.698,1.3721,1.9341,1.5088,0.79688
75.798,1.3029,2.0306,1.404,0.73244
75.898,1.2832,1.9772,1.4184,0.77327
75.998,1.2121,1.8842,1.3481,0.78403
76.099,1.1959,1.7641,1.3922,0.72748
76.199,1.2375,1.8546,1.4411,0.79328
76.299,1.1832,1.8387,1.3445,0.76653
76.399,1.1758,1.8352,1.3534,0.79632
76.5,1.2293,1.7923,1.3463,0.75916
76.6,1.2263,1.7421,1.3203,0.80014
76.7,1.2102,1.6815,1.344,0.78604
76.801,1.2138,1.7051,1.3667,0.7573
76.901,1.2821,1.7653,1.421,0.77286
77.001,1.1768,1.7851,1.336,0.76073
77.101,1.2002,1.6576,1.3431,0.74104
77.202,1.1712,1.5637,1.2924,0.68873
77.302,1.28,1.6318,1.2568,0.73094
77.402,1.3747,1.6384,1.2803,0.698
77.502,1.3957,1.613,1.3253,0.70632
77.603,1.317,1.6482,1.3179,0.672
77.703,1.361,1.6141,1.328,0.68588
77.803,1.413,1.7621,1.3002,0.67621
77.903,1.3916,1.7862,1.2842,0.69221
78.004,1.4187,1.7717,1.3471,0.73827
78.104,1.433,1.8011,1.2898,0.80793
78.204,1.4909,1.9381,1.2788,0.77282
78.304,1.5222,1.9469,1.282,0.7648
78.405,1.5024,1.862,1.3841,0.79503
78.505,1.4726,1.9571,1.3848,0.74851
78.605,1.5164,1.9545,1.3517,0.76195
78.705,1.6154,2.0408,1.3281,0.75183
78.806,1.6986,2.1701,1.2782,0.75522
78.906,1.7389,2.0271,1.3112,0.73352
79.006,1.7342,1.9989,1.3123,0.74718
79.107,1.6854,2.0031,1.3369,0.75679
79.207,1.5744,1.8718,1.4475,0.71338
79.307,1.566,1.8943,1.4193,0.70822
79.407,1.5642,1.8686,1.4262,0.73379
79.508,1.541,1.8537,1.3733,0.70649
79.608,1.4787,1.7559,1.4037,0.71736
79.708,1.4526,1.728,1.4015,0.69569
79.808,1.4073,1.6506,1.3209,0.67048
79.909,1.3389,1.6082,1.3711,0.69007
80.009,1.2489,1.5039,1.4152,0.69777
80.109,1.1794,1.4312,1.6216,0.69921
80.209,1.1469,1.378,1.6986,0.67731
80.31,1.234,1.4488,1.6062,0.70427
80.41,1.2231,1.5681,1.5977,0.67967
80.51,1.2646,1.5808,1.5752,0.68722
80.61,1.3069,1.5775,1.5137,0.70361
80.711,1.2219,1.6707,1.4612,0.59192
80.811,1.3257,1.9107,1.4622,0.68055
80.911,1.3581,1.8621,1.4315,0.66351
81.012,1.3588,1.8352,1.3646,0.74259
81.112,1.3106,1.8766,1.3408,0.65755
81.212,1.3197,1.8329,1.3096,0.68205
81.312,1.332,1.7974,1.3108,0.7094
81.413,1.3627,1.7352,1.2637,0.68876
81.513,1.517,1.806,1.3225,0.69917
81.613,1.3881,1.7996,1.3211,0.69502
81.713,1.3104,1.7436,1.278,0.6603
81.814,1.4078,1.7119,1.3126,0.66585
81.914,1.5363,1.8018,1.2274,0.67675
82.014,1.4658,1.7682,1.3181,0.65507
82.114,1.3997,1.7923,1.3627,0.69813
82.215,1.3796,1.902,1.3811,0.71209
82.315,1.3122,1.8133,1.367,0.68347
82.415,1.3114,1.7247,1.2876,0.67792
82.515,1.2799,1.6825,1.3746,0.67259
82.616,1.2631,1.6198,1.3421,0.71122
82.716,1.2891,1.6031,1.3044,0.6602
82.816,1.3476,1.5576,1.2287,0.65107
82.916,1.4073,1.6071,1.2186,0.67299
83.017,1.4176,1.5581,1.2332,0.69586
83.117,1.3619,1.4895,1.2453,0.63662
83.217,1.2969,1.3909,1.1908,0.66993
83.318,1.3342,1.3047,1.252,0.66217
83.418,1.2516,1.3416,1.223,0.6465
83.518,1.2049,1.1918,1.234,0.7188
83.618,1.2156,1.1145,1.216,0.67291
83.719,1.1245,1.0708,1.2259,0.67252
83.819,1.1508,1.1169,1.1952,0.65201
83.919,1.1722,1.0533,1.156,0.68529
84.019,1.2541,0.98308,1.2456,0.67148
84.12,1.2293,0.96855,1.3474,0.69332
84.22,1.1771,1.0304,1.3491,0.71063
84.32,1.1536,1.0434,1.2993,0.6777
84.42,1.1566,1.012,1.2206,0.69128
84.521,1.1637,0.96204,1.1985,0.67792
84.621,1.1938,1.0217,1.1903,0.68138
84.721,1.1095,0.99863,1.0958,0.67116
84.821,1.1865,1.0269,1.0632,0.69245
84.922,1.167,1.0191,1.1223,0.71891
85.022,1.1611,0.98826,1.147,0.6824
85.122,1.1729,0.98554,1.183,0.6828
85.222,1.1576,0.96594,1.1797,0.68685
85.323,1.1631,0.96133,1.2119,0.66154
85.423,1.183,0.92458,1.2292,0.70811
85.523,1.1548,0.91297,1.2802,0.68265
85.624,1.1442,1.0005,1.3336,0.69067
85.724,1.1314,0.98453,1.3933,0.73907
85.824,1.0769,0.94824,1.4133,0.7366
85.924,1.1416,0.99735,1.5072,0.70679
86.025,1.1964,1.0683,1.5177,0.75478
86.125,1.2783,1.1792,1.4495,0.69684
86.225,1.3076,1.2234,1.5214,0.69527
86.325,1.2276,1.3271,1.5023,0.77481
86.426,1.2545,1.4606,1.5254,0.77747
86.526,1.3327,1.5545,1.5605,0.80359
86.626,1.3071,1.6794,1.5233,0.79464
86.726,1.2751,1.6476,1.4631,0.78428
86.827,1.2913,1.5662,1.5487,0.7964
86.927,1.2073,1.5549,1.5719,0.84589
87.027,1.257,1.6263,1.5982,0.84932
87.127,1.3101,1.7027,1.5818,0.84487
87.228,1.3434,1.7941,1.5484,0.80187
87.328,1.4348,1.8147,1.5886,0.77003
87.428,1.5223,1.9408,1.6317,0.81784
87.529,1.5502,1.8158,1.7241,0.82509
87.629,1.4767,1.7848,1.7722,0.76152
87.729,1.5692,1.7693,1.7678,0.80036
87.829,1.498,1.6488,1.705,0.73891
87.93,1.6141,1.6335,1.6937,0.78524
88.03,1.5826,1.6222,1.6627,0.76981
88.13,1.4846,1.6268,1.6411,0.72913
88.23,1.4042,1.6238,1.8152,0.74968
88.331,1.3274,1.5614,1.9415,0.75862
88.431,1.3077,1.5523,1.948,0.79991
88.531,1.3211,1.6576,1.844,0.77255
88.631,1.336,1.7812,1.8491,0.79234
88.732,1.2999,1.8877,1.7325,0.77757
88.832,1.2943,1.9398,1.7356,0.79684
88.932,1.4097,1.9736,1.7218,0.78208
89.032,1.4761,2.0765,1.6615,0.84987
89.133,1.4281,2.1065,1.6368,0.82874
89.233,1.3783,2.1429,1.7772,0.76764
89.333,1.3559,2.1151,1.7187,0.79313
89.433,1.3675,2.0954,1.6949,0.77574
89.534,1.276,1.9896,1.7384,0.8024
89.634,1.3485,2.034,1.7841,0.75687
89.734,1.3401,2.1581,1.7216,0.78857
89.835,1.4045,2.1684,1.6314,0.77677
89.935,1.3508,2.1582,1.675,0.7852
90.035,1.288,2.1802,1.6421,0.78378
90.135,1.3017,2.0831,1.6028,0.82459
90.236,1.2153,2.0468,1.5888,0.77688
90.336,1.229,2.0937,1.4397,0.77668
90.436,1.2336,2.1406,1.5424,0.79436
90.536,1.2312,2.0706,1.4934,0.82963
90.637,1.1916,1.9941,1.4709,0.79041
90.737,1.3193,1.8944,1.3726,0.82308
90.837,1.2657,1.9163,1.3297,0.72326
90.937,1.2277,1.839,1.3455,0.72861
91.038,1.1837,1.7447,1.2658,0.74435
91.138,1.2531,1.795,1.2741,0.75177
91.238,1.2777,1.8348,1.2214,0.75579
91.338,1.178,1.8611,1.2906,0.7803
91.439,1.2199,1.8023,1.3259,0.73657
91.539,1.3261,1.8848,1.3361,0.71713
91.639,1.3437,2.025,1.3901,0.75043
91.74,1.3468,2.0295,1.3012,0.70096
91.84,1.3137,1.9381,1.2965,0.72653
91.94,1.3179,1.9857,1.3507,0.74221
92.04,1.2842,1.8865,1.2765,0.71418
92.141,1.3061,1.7685,1.2595,0.73123
92.241,1.3296,1.7465,1.2427,0.68279
92.341,1.5005,1.6737,1.238,0.66455
92.441,1.6054,1.7411,1.1983,0.70874
92.542,1.5954,1.6734,1.3272,0.70691
92.642,1.5663,1.678,1.2742,0.68785
92.742,1.6416,1.7227,1.2399,0.70768
92.842,1.6096,1.806,1.2887,0.74152
92.943,1.6034,1.874,1.3089,0.69594
93.043,1.5103,1.8194,1.3431,0.74227
93.143,1.4982,1.8667,1.6198,0.83187
93.243,1.3551,1.7985,1.6775,0.89927
93.344,1.2928,1.7292,1.5912,0.88603
93.444,1.2992,1.652,1.6372,0.91613
93.544,1.4401,1.6983,1.6081,0.86354
93.644,1.5578,1.8172,1.6067,0.85995
93.745,1.4648,1.6698,1.5722,0.8781
93.845,1.3908,1.6694,1.59,0.85993
93.945,1.4389,1.6866,1.5686,0.81529
94.046,1.4283,1.696,1.5314,0.81377
94.146,1.4547,1.7397,1.5278,0.90211
94.246,1.5575,1.8584,1.5139,0.85235
94.346,1.6042,1.882,1.4714,0.80755
94.447,1.6744,2.0297,1.4282,0.7852
94.547,1.6109,2.0648,1.4743,0.78533
94.647,1.5606,1.9774,1.4236,0.79325
94.747,1.5299,1.982,1.4312,0.76761
94.848,1.5273,1.9211,1.4312,0.80093
94.948,1.5717,1.9816,1.39,0.72833
95.048,1.5594,1.9977,1.319,0.72387
95.148,1.6115,2.0757,1.3245,0.71815
95.249,1.6748,2.2169,1.362,0.74842
95.349,1.7158,2.1295,1.3521,0.70496
95.449,1.7455,2.1524,1.3562,0.71164
95.549,1.7908,2.0946,1.3414,0.70194
95.65,1.9294,2.0883,1.259,0.74732
95.75,1.9262,1.9872,1.2533,0.71778
95.85,1.8283,1.8827,1.3379,0.73702
95.951,1.834,1.9027,1.2821,0.72981
96.051,1.7817,1.8568,1.2987,0.69118
96.151,1.9596,1.9428,1.267,0.70457
96.251,2.0142,1.8405,1.294,0.70656
96.352,2.0189,1.8538,1.2704,0.7117
96.452,1.8669,1.7653,1.2722,0.70698
96.552,1.7733,1.653,1.2813,0.68391
96.652,1.6417,1.6987,1.28,0.67813
96.753,1.5927,1.6303,1.3284,0.75818
96.853,1.5194,1.5995,1.3752,0.80281
96.953,1.427,1.7003,1.3658,0.86954
97.053,1.3266,1.7419,1.3659,0.90605
97.154,1.267,1.7661,1.3112,1.0395
97.254,1.2182,1.6632,1.3969,1.0364
97.354,1.2085,1.6996,1.4334,1.0459
97.454,1.1905,1.8971,1.508,1.0258
97.555,1.1953,1.8604,1.3991,0.98007
97.655,1.1964,1.9279,1.4476,0.99119
97.755,1.2365,1.8101,1.4466,1.0043
97.855,1.2244,1.9348,1.4164,0.96681
97.956,1.4107,2.0658,1.3715,0.90022
98.056,1.4405,2.0704,1.4026,0.92393
98.156,1.355,2.2836,1.3511,0.85781
98.257,1.3523,2.0814,1.3196,0.85013
98.357,1.3693,2.1008,1.3569,0.8452
98.457,1.2977,2.0366,1.4362,0.83949
98.557,1.2678,2.1083,1.4187,0.79146
98.658,1.3542,2.1022,1.3612,0.84701
98.758,1.2868,2.0734,1.3375,0.8024
98.858,1.4277,2.0732,1.3971,0.82084
98.958,1.4348,2.0619,1.3695,0.75223
99.059,1.4549,2.1924,1.411,0.74412
99.159,1.4897,2.2531,1.3961,0.78486
99.259,1.4607,2.2486,1.4376,0.76578
99.359,1.3895,2.2038,1.4493,0.75067
99.46,1.2844,2.1828,1.4167,0.77992
99.56,1.2446,2.065,1.4482,0.70668
99.66,1.2178,2.0539,1.4632,0.72938
99.756,1.264,1.9878,1.4307,0.71347
99.856,1.2567,1.9086,1.4224,0.70819
99.956,1.2992,2.0794,1.4311,0.72439
100.07,1.2942,2.0329,1.4883,0.73519
100.17,1.2195,1.9948,1.5446,0.72015
100.27,1.1315,1.8746,1.5109,0.71403
100.37,1.2136,1.8367,1.4668,0.68527
100.47,1.1692,1.7264,1.4443,0.687
100.57,1.1896,1.7274,1.4073,0.69894
100.67,1.168,1.7779,1.3199,0.70844
100.77,1.1775,1.8266,1.328,0.6987
100.87,1.1814,1.6641,1.3784,0.65741
100.97,1.1613,1.6678,1.3823,0.69973
101.07,1.1767,1.6063,1.3466,0.67761
101.17,1.1883,1.5145,1.2747,0.67041
101.27,1.1812,1.46,1.2704,0.69302
101.37,1.1608,1.3767,1.2932,0.80384
101.47,1.1364,1.3163,1.3172,0.86003
101.57,1.0776,1.2815,1.3163,0.98987
101.67,1.0417,1.2043,1.3484,1.032
101.77,1.1193,1.2255,1.4192,1.0737
101.87,1.0892,1.2417,1.3973,1.0739
101.97,1.1464,1.1805,1.3713,0.98663
102.07,1.1696,1.3066,1.372,0.99755
102.17,1.186,1.3985,1.3304,0.95061
102.27,1.1688,1.4282,1.3397,0.90542
102.37,1.2482,1.3906,1.2953,0.85462
102.47,1.2217,1.4016,1.234,0.84087
102.57,1.2255,1.3581,1.2413,0.86362
102.67,1.3161,1.3818,1.1899,0.84886
102.77,1.3991,1.3467,1.1846,0.81808
102.87,1.3998,1.3254,1.1549,0.82683
102.97,1.3423,1.3395,1.1259,0.8134
103.07,1.3544,1.2447,1.0919,0.83056
103.17,1.3342,1.2164,1.1089,0.80891
103.27,1.4206,1.1613,1.1584,0.81735
103.37,1.4615,1.0947,1.1259,0.75285
103.47,1.4366,1.0909,1.1088,0.79155
103.57,1.4765,1.0004,1.2759,0.73383
103.67,1.3358,0.94404,1.4304,0.72862
103.77,1.2885,0.91379,1.4968,0.74156
103.88,1.2481,0.9031,1.5832,0.75017
103.98,1.2898,0.86838,1.6962,0.77
104.08,1.3199,0.84237,1.6365,0.75971
104.18,1.3169,0.87803,1.5828,0.73142
104.28,1.3225,0.89924,1.5631,0.72736
104.38,1.3661,0.88589,1.4544,0.67537
104.48,1.2835,0.8937,1.459,0.68219
104.58,1.2546,0.93427,1.393,0.69183
104.68,1.2675,1.0759,1.4086,0.73139
104.78,1.2707,1.1642,1.3634,0.71399
104.88,1.372,1.1709,1.3229,0.72077
104.98,1.2334,1.1376,1.2242,0.70964
105.08,1.2323,1.1318,1.3231,0.75406
105.18,1.2251,1.0196,1.4367,0.70413
105.28,1.1508,1.0231,1.4552,0.67595
105.38,1.1384,1.0143,1.4007,0.7144
105.48,1.1577,0.99214,1.4142,0.72336
105.58,1.1606,0.99233,1.455,0.68684
105.68,1.1789,1.05,1.4606,0.6752
105.78,1.1582,1.056,1.4367,0.66218
105.88,1.2543,1.0407,1.4335,0.65999
105.98,1.1993,1.2084,1.4417,0.70871
106.08,1.2321,1.3316,1.4269,0.69156
106.18,1.1658,1.3833,1.5273,0.78058
106.28,1.2248,1.3782,1.5369,0.75512
106.38,1.2337,1.3764,1.517,0.72129
106.48,1.2739,1.4175,1.5169,0.71254
106.58,1.2371,1.3952,1.6019,0.76367
106.68,1.2448,1.4021,1.7244,0.73859
106.78,1.2193,1.4972,1.6967,0.72292
106.88,1.2203,1.6569,1.7185,0.73671
106.98,1.1606,1.6452,1.7425,0.74677
107.08,1.2057,1.8093,1.7701,0.79681
107.18,1.2215,1.8743,1.8276,0.80899
107.28,1.2416,1.8605,1.8558,0.85293
107.38,1.2097,1.9217,1.7697,0.80695
107.48,1.1614,1.8944,1.6931,0.81506
107.58,1.1728,1.8421,1.7099,0.79211
107.69,1.2806,1.9072,1.6633,0.80687
107.79,1.3202,2.0594,1.6639,0.80058
107.89,1.3106,2.146,1.5644,0.76882
107.99,1.367,2.1045,1.5664,0.7684
108.09,1.3812,2.0328,1.5738,0.77817
108.19,1.2798,1.9983,1.6211,0.82701
108.29,1.2196,1.9565,1.6281,0.83181
108.39,1.097,1.9266,1.5696,0.7971
108.49,1.0979,1.9184,1.5953,0.77989
108.59,1.0677,1.8028,1.5555,0.78816
108.69,1.0213,1.7673,1.4652,0.81124
108.79,1.0692,1.7115,1.4893,0.80553
108.89,1.1291,1.6223,1.4715,0.74654
108.99,1.1152,1.5858,1.5642,0.75585
109.09,1.1582,1.4918,1.4936,0.74807
109.19,1.1871,1.4486,1.4628,0.72451
109.29,1.1925,1.4781,1.3819,0.80064
109.39,1.4068,1.5408,1.4739,0.75839
109.49,1.4738,1.6067,1.4393,0.71775
109.59,1.5331,1.5945,1.3562,0.75605
109.69,1.4934,1.6426,1.3795,0.79552
109.79,1.3858,1.67,1.4872,1.0196
109.89,1.3451,1.5863,1.5816,1.1176
109.99,1.2876,1.5668,1.6002,1.0848
110.09,1.2303,1.7168,1.526,1.0873
110.19,1.394,1.8571,1.5326,1.0964
110.29,1.3141,2.0161,1.4723,1.1582
110.39,1.346,1.9545,1.5695,1.1383
110.49,1.2967,2.055,1.5554,1.1253
110.59,1.2474,2.0016,1.5338,1.0329
110.69,1.2846,1.992,1.4841,1.0126
110.79,1.2815,1.8345,1.4498,0.97629
110.89,1.3469,1.8376,1.4458,0.97933
110.99,1.3439,1.9665,1.3984,0.94653
111.09,1.3817,1.9139,1.3696,1.0269
111.19,1.3475,1.9315,1.3219,0.86582
111.29,1.3812,1.9971,1.4492,0.89912
111.39,1.1927,1.9332,1.4547,0.91281
111.5,1.1981,1.9404,1.4434,0.91881
111.6,1.2791,1.9962,1.5463,0.89517
111.7,1.2315,1.9567,1.5984,0.90966
111.8,1.1895,1.8856,1.5653,0.90662
111.9,1.2287,1.8445,1.5366,0.843
112,1.189,1.7548,1.493,0.83191
112.1,1.1682,1.6431,1.5068,0.80867
112.2,1.1735,1.6156,1.5227,0.80404
112.3,1.1368,1.5131,1.435,0.7998
112.4,1.1708,1.481,1.4028,0.80798
112.5,1.2148,1.5168,1.3627,0.7343
112.6,1.2171,1.4013,1.32,0.76499
112.7,1.2082,1.3385,1.3282,0.81572
112.8,1.1999,1.2495,1.3272,0.7477
112.9,1.247,1.2852,1.2939,0.7314
113,1.3028,1.2324,1.2647,0.74592
113.1,1.3351,1.1787,1.3279,0.78638
113.2,1.2957,1.1186,1.3054,0.74066
113.3,1.2641,1.0026,1.2859,0.773
113.4,1.2792,0.98401,1.2998,0.76111
113.5,1.282,0.98047,1.2989,0.72104
113.6,1.3621,0.95683,1.3347,0.76613
113.7,1.3265,0.96104,1.2693,0.83162
113.8,1.2914,0.99414,1.3568,0.72419
113.9,1.4156,1.1049,1.349,0.77
114,1.4028,1.1649,1.3442,0.7227
114.1,1.3664,1.177,1.2805,0.7198
114.2,1.3362,1.1473,1.1723,0.74417
114.3,1.3436,1.1507,1.212,0.74269
114.4,1.4025,1.099,1.1763,0.7005
114.5,1.4378,1.1221,1.1345,0.69685
114.6,1.3294,1.1161,1.147,0.69377
114.7,1.4671,1.2125,1.0946,0.71276
114.8,1.4691,1.1739,1.1025,0.75764
114.9,1.4892,1.1557,1.124,0.74591
115,1.4946,1.1706,1.0746,0.73013
115.1,1.5024,1.1972,1.136,0.77033
115.2,1.6061,1.1822,1.1699,0.7591
115.31,1.5687,1.2071,1.2004,0.7457
115.41,1.4656,1.2882,1.2911,0.77863
115.51,1.4555,1.2946,1.3303,0.77995
115.61,1.4489,1.4435,1.4699,0.92872
115.71,1.3626,1.5035,1.4928,1.0714
115.81,1.3402,1.5796,1.5295,1.0719
115.91,1.279,1.635,1.6162,1.0355
116.01,1.291,1.7497,1.5963,1.1114
116.11,1.35,1.8134,1.5509,0.98867
116.21,1.317,1.8745,1.5804,0.99236
116.31,1.359,1.8141,1.4878,0.99471
116.41,1.3571,1.8255,1.4799,0.94092
116.51,1.3505,1.7626,1.473,0.97473
116.61,1.4012,1.7172,1.4582,0.91266
116.71,1.4152,1.807,1.507,0.88711
116.81,1.3641,1.7947,1.5215,0.86589
116.91,1.3597,1.785,1.5559,0.90256
117.01,1.3312,1.8806,1.5838,0.88067
117.11,1.3204,1.9302,1.6733,0.87704
117.21,1.4037,1.8868,1.727,0.84452
117.31,1.3748,1.8204,1.8352,0.78877
117.41,1.3146,1.7722,1.9307,0.8381
117.51,1.2729,1.7209,1.9518,0.80451
117.61,1.3204,1.6937,1.8894,0.77789
117.71,1.2755,1.6113,1.7726,0.78849
117.81,1.3181,1.6452,1.7027,0.80732
117.91,1.3244,1.6291,1.6341,0.80249
118.01,1.4249,1.7284,1.5595,0.72945
118.11,1.4653,1.7189,1.5423,0.72249
118.21,1.4876,1.6907,1.5189,0.73668
118.31,1.4067,1.5822,1.4507,0.76207
118.41,1.3814,1.526,1.4706,0.72889
118.51,1.3423,1.5344,1.4015,0.7167
118.61,1.2792,1.4136,1.4009,0.69709
118.71,1.2979,1.3621,1.3252,0.74167
118.81,1.277,1.3466,1.3383,0.71498
118.91,1.3485,1.2982,1.2464,0.72097
119.01,1.2482,1.312,1.1844,0.7079
119.11,1.2037,1.2378,1.2492,0.703
119.22,1.1506,1.2008,1.2978,0.71108
119.32,1.1527,1.1313,1.2927,0.6707
119.42,1.1857,1.1191,1.3592,0.70928
119.52,1.1751,1.0662,1.2512,0.69475
119.62,1.2156,1.0909,1.3603,0.69353
119.72,1.2834,1.062,1.3914,0.71982
119.82,1.2869,1.1039,1.4277,0.74588
119.92,1.1951,1.1169,1.3628,0.69886
120.02,1.1229,1.1203,1.2677,0.69287
120.12,1.1796,1.0837,1.3001,0.72909
120.22,1.2252,1.0481,1.2466,0.69327
120.32,1.1425,1.0194,1.1962,0.66339
120.42,1.1345,1.032,1.1884,0.6986
120.52,1.1593,1.0485,1.1223,0.73961
120.62,1.1518,1.0232,1.1101,0.70486
120.72,1.1917,1.007,1.0979,0.68898
120.82,1.2559,0.95639,1.0745,0.78829
120.92,1.2101,0.96054,1.1188,0.799
121.02,1.1025,0.97065,1.1618,0.81792
121.12,1.1292,0.89169,1.2349,0.83307
121.22,1.098,0.91257,1.4701,0.83232
121.32,1.0892,0.86694,1.5977,0.82747
121.42,0.98073,0.8396,1.5352,0.79912
121.52,1.0358,0.80328,1.5005,0.80312
121.62,0.9635,0.7925,1.5389,0.81039
121.72,0.98652,0.75477,1.4765,0.73232
121.82,1.0325,0.86772,1.4655,0.73219
121.92,0.96172,0.86072,1.4196,0.74265
122.02,1.0222,0.92184,1.5037,0.75152
122.12,0.92764,0.93923,1.8139,0.75152
122.22,0.94852,1.1204,1.8204,0.81009
122.32,0.93476,1.1381,1.7841,0.81771
122.42,0.87508,1.2052,1.8189,0.82507
122.52,0.94885,1.3764,1.815,0.79918
122.62,0.86402,1.4202,1.8669,0.85098
122.72,0.91444,1.4173,1.8439,0.7897
122.82,0.90135,1.3838,1.745,0.77906
122.92,0.96981,1.4095,1.702,0.7951
123.03,1.0024,1.4824,1.5928,0.74719
123.13,1.0574,1.5396,1.6568,0.78621
123.23,1.1152,1.4581,1.513,0.83788
123.33,1.1459,1.5055,1.4448,0.79385
123.43,1.1234,1.4209,1.3683,0.72955
123.53,1.1998,1.4492,1.3219,0.75706
123.63,1.1806,1.4043,1.3105,0.72943
123.73,1.1998,1.402,1.3162,0.73933
123.83,1.2169,1.4698,1.3314,0.71611
123.93,1.2491,1.3677,1.3495,0.72787
124.03,1.2759,1.366,1.1948,0.70282
124.13,1.2672,1.3236,1.2198,0.68071
124.23,1.3433,1.2481,1.2015,0.69102
124.33,1.3903,1.2359,1.2674,0.71165
124.43,1.422,1.171,1.2735,0.72387
124.53,1.4434,1.1954,1.3414,0.69572
124.63,1.4409,1.1599,1.3731,0.71406
124.73,1.5049,1.1288,1.3293,0.72669
124.83,1.5524,1.137,1.3163,0.69857
124.93,1.5503,1.1533,1.4858,0.69759
125.03,1.4627,1.1072,1.4577,0.70612
125.13,1.4809,1.0059,1.5684,0.71368
125.23,1.4051,0.98341,1.7354,0.67519
125.33,1.4419,0.9441,1.8728,0.71026
125.43,1.4904,0.97395,1.7953,0.72163
125.53,1.3638,1.0427,1.7463,0.68744
125.63,1.4834,1.0916,1.671,0.66044
125.73,1.3556,1.082,1.6492,0.73696
125.83,1.3618,1.0384,1.5395,0.69743
125.93,1.4242,1.1251,1.4837,0.69078
126.03,1.4057,1.1783,1.4685,0.70862
126.13,1.3049,1.301,1.4903,0.67635
126.23,1.3929,1.4654,1.6025,0.72886
126.33,1.4215,1.6398,1.6041,0.76784
126.43,1.4561,1.768,1.672,0.78168
126.53,1.5674,1.8842,1.7157,0.77305
126.63,1.5933,1.9071,1.7176,0.82666
126.73,1.5569,1.8797,1.8551,0.73054
126.84,1.6838,1.8744,1.8391,0.76263
126.94,1.7185,2.0426,1.8691,0.75257
127.04,1.804,2.1522,1.8132,0.85389
127.14,1.7321,2.2947,1.7241,0.89997
127.24,1.7564,2.3725,1.7532,0.87591
127.34,1.7786,2.341,1.8558,0.90292
127.44,1.6271,2.3023,2.1374,0.89241
127.54,1.6505,2.2155,2.013,0.882
127.64,1.642,2.2651,2.0075,0.84591
127.74,1.6557,2.2264,1.9202,0.88567
127.84,1.6069,2.2022,1.9272,0.90735
127.94,1.5168,2.144,1.9037,0.95892
128.04,1.4429,2.053,1.8089,0.923
128.14,1.3882,2.0165,1.7605,0.87962
128.24,1.366,2.0138,1.7302,0.90916
128.34,1.4519,2.0038,1.7157,0.86227
128.44,1.3311,2.108,1.7093,0.81195
128.54,1.316,2.0948,1.6699,0.85092
128.64,1.3072,2.17,1.5889,0.77403
128.74,1.286,2.1448,1.5911,0.81329
128.84,1.3329,2.0547,1.5112,0.79882
128.94,1.261,1.9715,1.5592,0.77055
129.04,1.2854,2.0173,1.5665,0.84396
129.14,1.2552,1.8998,1.5673,0.82754
129.24,1.1926,1.8167,1.605,0.77841
129.34,1.1412,1.6858,1.6849,0.83524
129.44,1.1121,1.659,1.6523,0.78744
129.54,1.1233,1.5983,1.5549,0.78213
129.64,1.1168,1.5592,1.4785,0.77036
129.74,1.084,1.4707,1.3816,0.77448
129.84,1.1037,1.5068,1.427,0.74134
129.94,1.1384,1.4415,1.3508,0.7389
130.04,1.1475,1.386,1.3072,0.72675
130.14,1.1541,1.3785,1.1753,0.70022
130.24,1.1989,1.5174,1.1476,0.71592
130.34,1.158,1.4742,1.1839,0.70593
130.44,1.1119,1.4215,1.1788,0.75475
130.54,1.0876,1.3389,1.1689,0.74877
130.65,1.0887,1.3533,1.2035,0.72675
130.75,1.1846,1.3284,1.1616,0.73316
130.85,1.2231,1.3923,1.1958,0.75538
130.95,1.1935,1.3721,1.1421,0.71439
131.05,1.1985,1.291,1.1629,0.76136
131.15,1.2177,1.2365,1.12,0.71052
131.25,1.1968,1.2184,1.0809,0.70175
131.35,1.195,1.2108,1.0666,0.69697
131.45,1.0897,1.1511,1.124,0.68673
131.55,1.1709,1.1549,1.1135,0.667
131.65,1.2333,1.172,1.0933,0.70412
131.75,1.2243,1.1743,1.0722,0.70078
131.85,1.2266,1.2513,1.1449,0.68163
131.95,1.144,1.2384,1.314,0.68292
132.05,1.1968,1.4391,1.3638,0.70506
132.15,1.2442,1.6363,1.3394,0.74676
132.25,1.3733,1.7467,1.3817,0.7282
132.35,1.4149,1.9222,1.4046,0.73975
132.45,1.3281,2.0758,1.4525,0.75629
132.55,1.3304,2.0854,1.4647,0.75781
132.65,1.3262,2.0626,1.4367,0.74684
132.75,1.3061,2.1169,1.4638,0.75304
132.85,1.3018,1.9724,1.4105,0.69893
132.95,1.305,1.9965,1.4181,0.72454
133.05,1.3764,1.9086,1.3701,0.76118
133.15,1.3628,1.8942,1.2965,0.73457
133.25,1.3368,1.9919,1.2839,0.74022
133.35,1.3503,1.8658,1.2252,0.74276
133.45,1.3508,1.7418,1.2449,0.71584
133.55,1.2803,1.709,1.2552,0.76893
133.65,1.3496,1.6746,1.2988,0.75655
133.75,1.3845,1.6656,1.299,0.71535
133.85,1.4961,1.5744,1.2517,0.68796
133.95,1.4393,1.4497,1.2393,0.72004
134.05,1.3944,1.4222,1.1873,0.74453
134.15,1.4563,1.452,1.1649,0.73755
134.25,1.3606,1.4195,1.2684,0.72418
134.35,1.442,1.4136,1.2708,0.71098
134.46,1.3835,1.4389,1.2793,0.72368
134.56,1.3472,1.4021,1.3085,0.73688
134.66,1.342,1.3383,1.3752,0.7251
134.76,1.3327,1.3476,1.3922,0.75525
134.86,1.3186,1.3029,1.3534,0.76909
134.96,1.2925,1.2026,1.3485,0.73004
135.06,1.2735,1.1817,1.3242,0.7546
135.16,1.3505,1.2321,1.3008,0.71771
135.26,1.3616,1.1762,1.3288,0.74698
135.36,1.3374,1.1443,1.3785,0.68879
135.46,1.3652,1.1238,1.4701,0.72598
135.56,1.3861,1.0571,1.4845,0.6999
135.66,1.3456,1.0486,1.5697,0.76475
135.76,1.4561,1.1779,1.5952,0.70079
135.86,1.5215,1.3069,1.4987,0.70425
135.96,1.5978,1.6201,1.5251,0.75439
136.06,1.5885,1.7928,1.4603,0.74422
136.16,1.6481,1.8736,1.4721,0.7844
136.26,1.6615,1.8611,1.6061,0.72914
136.36,1.6816,1.8883,1.5851,0.74393
136.46,1.752,1.8083,1.6089,0.74025
136.56,1.8107,1.8268,1.6918,0.75991
136.66,1.8349,1.7935,1.6874,0.81495
136.76,1.8542,1.7536,1.7067,0.78839
136.86,1.8446,1.8029,1.6855,0.74376
136.96,1.7656,1.8253,1.8306,0.74702
137.06,1.7022,1.74,2.0244,0.8363
137.16,1.6447,1.8709,2.1226,0.93726
137.26,1.6665,1.9449,2.1576,1.0389
137.36,1.4707,1.9392,2.0693,1.0785
137.46,1.4341,1.8754,2.1192,1.0552
137.56,1.5648,1.9729,2.0739,1.0749
137.66,1.5709,1.9798,2.102,1.0878
137.76,1.5212,1.9972,2.0701,1.0626
137.86,1.4408,2.1248,1.9428,1.0078
137.96,1.4976,2.063,1.8739,1.0158
138.06,1.3824,2.0044,1.8445,1.0003
138.16,1.4092,1.9833,1.6964,0.97732
138.26,1.3998,1.904,1.6789,0.96337
138.37,1.3131,1.8832,1.5759,0.92437
138.47,1.2797,1.824,1.5477,0.914
138.57,1.2521,1.7589,1.5286,0.91174
138.67,1.2862,1.6744,1.6112,0.86189
138.77,1.3058,1.6414,1.6189,0.82343
138.87,1.2382,1.4784,1.7297,0.84861
138.97,1.199,1.4828,1.8606,0.85174
139.07,1.0837,1.3765,1.8808,0.79775
139.17,1.0462,1.3976,1.781,0.81463
139.27,1.0583,1.3434,1.6902,0.75858
139.37,1.0644,1.2869,1.6041,0.76744
139.47,1.0989,1.3029,1.5459,0.78474
139.57,1.1064,1.3256,1.4757,0.72643
139.67,1.1103,1.4129,1.4474,0.79993
139.77,1.193,1.4548,1.4886,0.7608
139.87,1.2833,1.5535,1.6412,0.76091
139.97,1.3733,1.8087,1.5879,0.79508
140.07,1.3551,1.9421,1.6161,0.8017
140.17,1.3272,2.1384,1.6195,0.86314
140.27,1.3276,2.2192,1.6748,0.96358
140.37,1.3539,2.3782,1.7153,0.96172
140.47,1.4328,2.5001,1.6766,0.99324
140.57,1.4554,2.4241,1.7878,0.93118
140.67,1.6154,2.4085,1.8105,0.96151
140.77,1.5858,2.4142,1.8589,0.89839
140.87,1.6744,2.4859,1.8231,0.86973
140.97,1.6416,2.4201,1.8075,0.8949
141.07,1.5678,2.4504,1.8878,0.93083
141.17,1.6086,2.524,1.8262,0.92409
141.27,1.6166,2.5246,1.8649,0.9583
141.37,1.7203,2.5091,1.8357,0.95035
141.47,1.7457,2.6052,1.799,0.9175
141.57,1.612,2.487,1.8537,0.93986
141.67,1.5324,2.4995,1.9281,0.91651
141.77,1.5131,2.4331,1.8347,0.9152
141.87,1.5609,2.3294,1.7443,0.88855
141.97,1.5906,2.401,1.7703,0.91421
142.07,1.565,2.1771,1.7454,0.93915
142.18,1.5305,2.2352,1.7291,0.86606
142.28,1.4991,2.2765,1.7193,0.89715
142.38,1.602,2.2546,1.6929,0.87619
142.48,1.5478,2.1886,1.7261,0.87933
142.58,1.5318,2.0921,1.7118,0.89566
142.68,1.4301,1.9827,1.8607,0.91719
142.78,1.3281,1.9643,1.8145,0.87881
142.88,1.3765,1.949,1.819,0.86128
142.98,1.4779,1.991,1.7841,0.8511
143.08,1.4986,2.1184,1.6684,0.81197
143.18,1.5709,2.1041,1.7168,0.814
143.28,1.5124,2.0609,1.6847,0.84004
143.38,1.4728,2.0477,1.5947,0.75343
143.48,1.4702,1.9822,1.5471,0.81917
143.58,1.3813,1.8992,1.4532,0.75045
143.68,1.3727,1.8328,1.4847,0.82385
143.78,1.425,1.8651,1.5706,0.81614
143.88,1.5261,1.997,1.654,0.79974
143.98,1.5024,1.9878,1.6314,0.80594
144.08,1.561,1.9402,1.6361,0.82861
144.18,1.5298,1.9335,1.7266,0.82006
144.28,1.3986,1.9073,2.0347,0.88537
144.38,1.4273,1.9491,2.0208,0.92144
144.48,1.451,1.9892,2.0124,0.92077
144.58,1.4333,2.1871,1.927,0.8586
144.68,1.4748,2.2507,1.9166,0.85119
144.78,1.5142,2.1616,1.8457,0.85369
144.88,1.4258,2.1397,1.7594,0.88601
144.98,1.4547,2.0601,1.6333,0.83285
145.08,1.4796,2.022,1.5829,0.77188
145.18,1.4335,1.8737,1.4884,0.81399
145.28,1.502,1.7997,1.49,0.79647
145.38,1.5617,1.7685,1.4429,0.82011
145.48,1.5503,1.8749,1.4529,0.79097
145.58,1.4989,1.8176,1.4316,0.78214
145.68,1.505,1.7947,1.3852,0.81669
145.78,1.5264,1.716,1.3898,0.78606
145.88,1.4683,1.6622,1.5247,0.82302
145.99,1.5039,1.553,1.6135,0.80042
146.09,1.3545,1.6407,1.6564,0.87822
146.19,1.3699,1.7804,1.6234,0.96663
146.29,1.3981,2.0436,1.6583,1.0778
146.39,1.2991,2.0957,1.629,1.0463
146.49,1.3014,2.0851,1.6128,0.96933
146.59,1.2973,2.0436,1.7234,1.0754
146.69,1.1957,2.0385,1.8057,1.018
146.79,1.181,1.9154,1.9348,0.99888
146.89,1.1714,1.8318,1.9644,0.94755
146.99,1.172,1.7536,1.869,0.9107
147.09,1.2148,1.7918,1.8598,0.92234
147.19,1.2174,1.8627,1.7298,0.86495
147.29,1.1981,1.7879,1.6715,0.88603
147.39,1.2423,1.9213,1.6024,0.87374
147.49,1.3101,1.978,1.5882,0.87313
147.59,1.3556,2.0654,1.5662,0.83797
147.69,1.3826,2.025,1.6329,0.84367
147.79,1.3304,1.997,1.6463,0.81357
147.89,1.3007,2.0688,1.6348,0.86117
147.99,1.3132,2.1713,1.6324,0.82842
148.09,1.3473,2.2765,1.5433,0.79465
148.19,1.4141,2.2773,1.4965,0.80395
148.29,1.4698,2.1884,1.5374,0.82872
148.39,1.4536,2.2323,1.7549,0.85982
148.49,1.429,2.2193,1.7174,0.80836
148.59,1.4262,2.1345,1.758,0.80501
148.69,1.3193,2.1371,1.7497,0.87926
148.79,1.3532,1.9864,1.8576,0.95063
148.89,1.306,1.9487,1.7784,0.96291
148.99,1.1966,1.9698,1.7732,0.96435
149.09,1.3037,2.1146,1.689,0.94008
149.19,1.2726,2.0769,1.6849,0.95584
149.29,1.2926,2.1016,1.7768,0.90375
149.39,1.2126,2.0461,1.8856,0.86046
149.49,1.2641,2.0951,1.8674,0.94287
149.59,1.2343,1.9856,1.7961,0.95801
149.69,1.3586,2.2231,1.7606,0.89833
149.8,1.4127,2.2067,1.7299,0.87552
149.9,1.4829,2.07,1.7539,0.85793
150,1.4371,2.0033,1.6719,0.87072
150.1,1.4045,1.9663,1.6426,0.83868
150.2,1.4388,1.8324,1.6279,0.80303
150.3,1.551,1.8151,1.5273,0.82523
150.4,1.5498,1.7461,1.4996,0.78786
150.5,1.5731,1.7991,1.477,0.80852
150.6,1.5366,1.9018,1.471,0.74728
150.7,1.4904,1.8576,1.567,0.80334
150.8,1.479,1.9717,1.5157,0.85713
150.9,1.4186,1.8931,1.66,0.8681
151,1.3958,1.8885,1.6748,0.84355
151.1,1.4789,1.9231,1.6265,0.86557
151.2,1.4016,2.0516,1.6285,0.87023
151.3,1.3897,2.0776,1.5099,0.82993
151.4,1.462,2.096,1.5929,0.86053
151.5,1.3604,1.9999,1.5736,0.8639
151.6,1.3797,1.9391,1.5584,0.81941
151.7,1.4389,2.0563,1.5549,0.82159
151.8,1.6039,2.1483,1.4957,0.80588
151.9,1.6442,2.2448,1.5025,0.7871
152,1.7352,2.2038,1.5341,0.79144
152.1,1.6978,2.3246,1.5133,0.81294
152.2,1.6632,2.3215,1.5662,0.86185
152.3,1.6476,2.2641,1.6562,0.81946
152.4,1.5964,2.1963,1.6257,0.7846
152.5,1.4953,2.1533,1.6452,0.83502
152.6,1.4709,2.164,1.616,0.87438
152.7,1.4328,2.0787,1.6284,0.90938
152.8,1.3687,2.0413,1.7453,0.93268
152.9,1.3325,2.0478,1.7818,0.87702
153,1.4034,2.0708,1.802,0.92593
153.1,1.3628,2.063,1.7943,0.93649
153.2,1.3495,2.1171,1.707,0.88671
153.3,1.4232,2.2306,1.6957,0.81917
153.4,1.4235,2.1594,1.6506,0.80256
153.5,1.4301,2.1508,1.7456,0.90232
153.61,1.3205,2.0564,1.7366,0.87559
153.71,1.3401,2.0084,1.7874,0.87449
153.81,1.3157,2.1396,1.7192,0.88416
153.91,1.3355,2.206,1.6487,0.88953
154.01,1.481,2.2368,1.6795,0.86352
154.11,1.5669,2.2222,1.5964,0.83393
154.21,1.6617,2.3686,1.5432,0.82529
154.31,1.8141,2.3076,1.5804,0.80893
154.41,1.8044,2.3717,1.5369,0.79958
154.51,1.7525,2.3785,1.5672,0.7742
154.61,1.7161,2.2697,1.6199,0.76837
154.71,1.5941,2.1161,1.558,0.73853
154.81,1.6122,2.0756,1.546,0.77701
154.91,1.592,2.0821,1.554,0.74412
155.01,1.6013,2.1195,1.5899,0.81163
155.11,1.6581,2.278,1.5226,0.77489
155.21,1.6099,2.2229,1.5063,0.79231
155.31,1.7214,2.1529,1.4841,0.82823
155.41,1.6251,2.1749,1.4872,0.82643
155.51,1.567,2.0539,1.4085,0.78432
155.61,1.4179,1.9355,1.5007,0.81083
155.71,1.4126,1.9036,1.5149,0.82193
155.81,1.2849,1.8576,1.4817,0.85472
155.91,1.2452,1.8267,1.5298,0.89087
156.01,1.2033,1.7673,1.5676,0.87479
156.11,1.1488,1.6968,1.641,0.92905
156.21,1.1756,1.7028,1.6386,0.87645
156.31,1.26,1.7332,1.6137,0.90854
156.41,1.2956,1.8919,1.6083,0.87244
156.51,1.2846,1.9368,1.6661,0.82716
156.61,1.3103,1.8816,1.6458,0.85469
156.71,1.309,1.7896,1.6671,0.86538
156.81,1.3881,1.8114,1.6481,0.84014
156.91,1.3638,1.9357,1.606,0.85319
157.01,1.4219,1.9075,1.526,0.80915
157.11,1.3459,1.9245,1.4871,0.80507
157.21,1.3822,1.8544,1.5934,0.84243
157.31,1.35,1.7382,1.6372,0.77662
157.41,1.2914,1.8354,1.6804,0.75269
157.52,1.3613,1.7575,1.6049,0.76042
157.62,1.3414,1.7523,1.4733,0.77445
157.72,1.4118,1.8577,1.4861,0.76262
157.82,1.4395,1.7326,1.4583,0.76298
157.92,1.4935,1.8062,1.401,0.68199
158.02,1.4312,1.7253,1.2439,0.67831
158.12,1.4424,1.8155,1.2661,0.7096
158.22,1.6083,1.8466,1.3282,0.72373
158.32,1.4432,1.9843,1.349,0.73697
158.42,1.4468,2.1253,1.3895,0.75676
158.52,1.4774,2.2247,1.4953,0.74436
158.62,1.4998,2.2409,1.4557,0.77504
158.72,1.4113,2.2014,1.4668,0.81117
158.82,1.3635,2.1442,1.4283,0.79758
158.92,1.4461,2.1324,1.4633,0.75491
159.02,1.4152,2.1956,1.4722,0.83122
159.12,1.4183,2.3067,1.5033,0.78536
159.22,1.4918,2.2616,1.5467,0.77692
159.32,1.4241,2.1746,1.6018,0.79231
159.42,1.4206,2.1855,1.6601,0.87832
159.52,1.378,2.1088,1.6603,0.81705
159.62,1.5102,2.0065,1.6019,0.83387
159.72,1.4566,1.9173,1.5289,0.78292
159.82,1.4244,1.899,1.4778,0.77186
159.92,1.4551,1.7441,1.3677,0.79243
160.02,1.4842,1.7957,1.3886,0.78738
160.12,1.5977,1.8841,1.313,0.77398
160.22,1.5602,1.9703,1.3546,0.83228
160.32,1.4947,1.8833,1.4711,0.78229
160.42,1.5144,1.896,1.4223,0.74503
160.52,1.4315,1.8807,1.558,0.79279
160.62,1.4614,1.8241,1.6297,0.8144
160.72,1.5593,1.903,1.6506,0.8092
160.82,1.4775,1.9184,1.6876,0.80273
160.92,1.4226,1.894,1.6106,0.79889
161.02,1.3681,1.9226,1.6784,0.82216
161.12,1.5132,1.9233,1.6426,0.87188
161.22,1.5184,2.1759,1.6567,0.81514
161.33,1.5695,2.2463,1.5966,0.84619
161.43,1.6068,2.3637,1.6278,0.87844
161.53,1.5499,2.422,1.6146,0.87288
161.63,1.5382,2.3792,1.5981,0.85211
161.73,1.6038,2.4072,1.6011,0.85716
161.83,1.6479,2.3962,1.5184,0.85308
161.93,1.6757,2.3464,1.4754,0.84924
162.03,1.8052,2.5061,1.3921,0.81282
162.13,1.7954,2.5515,1.4155,0.80794
162.23,1.8621,2.3528,1.5349,0.82323
162.33,1.7354,2.2606,1.6046,0.83973
162.43,1.6918,2.1728,1.5831,0.7847
162.53,1.644,2.1051,1.5356,0.78504
162.63,1.6662,2.093,1.5031,0.78767
162.73,1.8274,2.1006,1.4859,0.76321
162.83,1.9688,2.1744,1.4547,0.76585
162.93,2.18,2.2912,1.413,0.73195
163.03,2.1621,2.3638,1.3805,0.73615
163.13,2.2555,2.3018,1.3175,0.76103
163.23,2.0558,2.2562,1.3904,0.76895
163.33,1.963,2.1382,1.4592,0.73511
163.43,1.8957,2.0044,1.5,0.79467
163.53,1.7836,2.0916,1.5098,0.84249
163.63,1.7881,2.1909,1.4364,0.82343
163.73,1.7842,2.1249,1.4662,0.82132
163.83,1.727,2.1226,1.4149,0.85985
163.93,1.6474,2.0693,1.4335,0.84777
164.03,1.5511,1.9773,1.6945,0.81142
164.13,1.5082,1.9125,1.819,0.82431
164.23,1.544,2.0702,1.8483,0.82689
164.33,1.6134,2.1353,1.7823,0.8291
164.43,1.5859,2.1901,1.7209,0.841
164.53,1.4672,2.1565,1.6367,0.77668
164.63,1.4192,2.076,1.5984,0.85261
164.73,1.4708,2.0899,1.4921,0.7916
164.83,1.4747,2.0607,1.5489,0.78956
164.93,1.504,2.0457,1.5511,0.82517
165.03,1.5103,1.9915,1.5985,0.77431
165.14,1.4946,1.9586,1.5457,0.75271
165.24,1.5443,1.9248,1.4924,0.74122
165.34,1.4834,1.8791,1.467,0.76548
165.44,1.6465,1.8322,1.5011,0.74872
165.54,1.5598,1.8212,1.5273,0.75968
165.64,1.4884,1.7863,1.5513,0.81496
165.74,1.4461,1.9121,1.5521,0.82653
165.84,1.4377,1.9384,1.542,0.80072
165.94,1.4531,2.0229,1.5581,0.8405
166.04,1.4369,2.0381,1.509,0.8197
166.14,1.4051,1.9834,1.494,0.82444
166.24,1.418,2.0817,1.481,0.85915
166.34,1.4963,2.2185,1.5013,0.82526
166.44,1.4899,2.2609,1.4742,0.81076
166.54,1.4024,2.2407,1.5163,0.83255
166.64,1.4134,2.1681,1.4999,0.77254
166.74,1.3567,2.1476,1.6612,0.81001
166.84,1.3325,2.0214,1.6405,0.77915
166.94,1.2753,2.051,1.6554,0.78499
167.04,1.2431,1.9202,1.6187,0.76598
167.14,1.2064,1.8716,1.5997,0.80353
167.24,1.1704,1.7981,1.5018,0.81412
167.34,1.1992,1.8049,1.5293,0.80679
167.44,1.1831,1.6807,1.5549,0.73553
167.54,1.1571,1.7352,1.5048,0.74157
167.64,1.1403,1.6465,1.5456,0.77648
167.74,1.2581,1.835,1.5147,0.80582
167.84,1.3851,1.9682,1.4995,0.84175
167.94,1.4188,1.9563,1.4645,0.7866
168.04,1.4231,2.0117,1.4703,0.81661
168.14,1.4581,2.0605,1.4035,0.79296
168.24,1.4457,2.0654,1.4571,0.84541
168.34,1.3561,1.9629,1.5185,0.89202
168.44,1.2509,1.901,1.4518,0.91222
168.54,1.3467,1.8374,1.4761,0.82028
168.64,1.3581,1.8122,1.5328,0.86011
168.74,1.4033,1.8396,1.6076,0.85571
168.84,1.326,1.8215,1.5919,0.86102
168.95,1.3251,1.7834,1.6011,0.88713
169.05,1.46,1.7583,1.5626,0.85919
169.15,1.4301,1.8387,1.5019,0.86905
169.25,1.4369,1.7942,1.5645,0.8299
169.35,1.4672,1.6972,1.4909,0.82639
169.45,1.4285,1.7475,1.4623,0.81686
169.55,1.4269,1.6414,1.4527,0.81733
169.65,1.3104,1.5608,1.4753,0.81351
169.75,1.317,1.4838,1.3838,0.78998
169.85,1.3881,1.4692,1.3912,0.79813
169.95,1.3326,1.4296,1.4934,0.81217
170.05,1.3159,1.4835,1.5538,0.83029
170.15,1.3072,1.4624,1.5402,0.79592
170.25,1.2904,1.4872,1.7431,0.8494
170.35,1.2174,1.4177,1.7876,0.84093
170.45,1.2435,1.3758,1.7919,0.9037
170.55,1.2563,1.5585,1.7612,0.92843
170.65,1.3812,1.7787,1.7707,0.83686
170.75,1.3262,1.6497,1.7133,0.92254
170.85,1.3145,1.6906,1.5914,0.86511
170.95,1.3548,1.6633,1.5168,0.88827
171.05,1.2961,1.6047,1.543,0.87941
171.15,1.2964,1.6102,1.4898,0.87197
171.25,1.3997,1.711,1.4515,0.819
171.35,1.3111,1.8047,1.4235,0.85762
171.45,1.2702,1.6968,1.4494,0.86727
171.55,1.2517,1.6848,1.5163,0.83445
171.65,1.2479,1.6208,1.6023,0.89627
171.75,1.1671,1.6345,1.6819,0.82009
171.85,1.2229,1.6422,1.6599,0.83601
171.95,1.2748,1.582,1.6484,0.81764
172.05,1.2882,1.582,1.5898,0.78707
172.15,1.2763,1.6011,1.6121,0.8009
172.25,1.3622,1.5673,1.5046,0.80444
172.35,1.3143,1.5261,1.471,0.84205
172.45,1.3505,1.5289,1.3967,0.80492
172.55,1.356,1.3851,1.4275,0.74681
172.65,1.3825,1.4183,1.4321,0.78984
172.76,1.3817,1.3007,1.3668,0.77504
172.86,1.3611,1.3018,1.3901,0.79147
172.96,1.3453,1.2119,1.4736,0.7148
173.06,1.4081,1.1306,1.4316,0.72182
173.16,1.3787,1.2402,1.3816,0.7474
173.26,1.4492,1.1639,1.3404,0.74468
173.36,1.479,1.1482,1.3863,0.74975
173.46,1.43,1.1331,1.4197,0.69886
173.56,1.383,1.1128,1.5767,0.7275
173.66,1.3431,1.092,1.5904,0.77895
173.76,1.3407,1.2026,1.5369,0.83885
173.86,1.2627,1.2331,1.5093,0.82689
173.96,1.318,1.3138,1.5697,0.85533
174.06,1.3854,1.5109,1.5849,0.85071
174.16,1.378,1.5323,1.7166,0.85143
174.26,1.3992,1.5462,1.7443,0.85447
174.36,1.3429,1.5085,1.6813,0.81738
174.46,1.3852,1.4847,1.5879,0.83276
174.56,1.4383,1.4566,1.5124,0.80576
174.66,1.392,1.436,1.5217,0.77584
174.76,1.5128,1.3898,1.5021,0.75674
174.86,1.5249,1.3648,1.6796,0.74245
174.96,1.5003,1.3373,1.8528,0.81996
175.06,1.448,1.3732,1.9734,0.78749
175.16,1.4073,1.3653,1.9691,0.84981
175.26,1.3676,1.2973,1.8947,0.8064
175.36,1.3133,1.3812,1.9119,0.85218
175.46,1.3221,1.3751,1.942,0.8185
175.56,1.2845,1.4006,1.9037,0.78693
175.66,1.3107,1.3691,1.8318,0.80696
175.76,1.2895,1.4486,1.8517,0.82789
175.86,1.2098,1.4167,1.8356,0.80213
175.96,1.2217,1.339,1.8162,0.7569
176.06,1.2253,1.4742,1.7246,0.80602
176.16,1.1905,1.5383,1.6989,0.8404
176.26,1.2354,1.7243,1.657,0.80681
176.36,1.2727,1.7803,1.6274,0.80682
176.46,1.2095,1.7325,1.5384,0.80836
176.56,1.2344,1.7652,1.5278,0.7496
176.67,1.2361,1.7656,1.5652,0.80776
176.77,1.272,1.7205,1.6533,0.75335
176.87,1.2683,1.73,1.6254,0.7932
176.97,1.2214,1.637,1.5866,0.80034
177.07,1.2391,1.5798,1.5888,0.73982
177.17,1.1536,1.5574,1.5059,0.71663
177.27,1.2404,1.5092,1.4576,0.78399
177.37,1.2273,1.4724,1.4606,0.77611
177.47,1.2998,1.3951,1.4867,0.74016
177.57,1.1873,1.3694,1.4143,0.7703
177.67,1.2623,1.3062,1.4102,0.7523
177.77,1.2297,1.2259,1.3251,0.73767
177.87,1.2516,1.1382,1.279,0.67051
177.97,1.2535,1.1126,1.2783,0.65967
178.07,1.2819,1.1597,1.2355,0.6663
178.17,1.4244,1.2319,1.1778,0.7127
178.27,1.3959,1.1709,1.2354,0.74144
178.37,1.3464,1.1344,1.4373,0.70796
178.47,1.2673,1.1312,1.5254,0.75271
178.57,1.2786,1.1643,1.4982,0.77481
178.67,1.2528,1.1819,1.5291,0.79801
178.77,1.1882,1.2612,1.521,0.75502
178.87,1.2322,1.2047,1.5763,0.74883
178.97,1.3631,1.1989,1.5511,0.70171
179.07,1.316,1.1831,1.5344,0.70116
179.17,1.3016,1.1415,1.4682,0.72686
179.27,1.2997,1.1105,1.4785,0.7218
179.37,1.4441,1.1623,1.479,0.73824
179.47,1.3981,1.1424,1.5284,0.70308
179.57,1.3623,1.2101,1.5599,0.76058
179.67,1.2933,1.2197,1.6866,0.79608
179.77,1.3212,1.2854,1.654,0.8488
179.87,1.4017,1.4026,1.5677,0.91513
179.97,1.4376,1.4718,1.5664,0.90346
180.07,1.4105,1.5973,1.5638,0.88303
180.17,1.423,1.5363,1.598,0.8803
180.27,1.34,1.5339,1.5741,0.89531
180.37,1.3519,1.4518,1.5673,0.82388
180.48,1.2787,1.4025,1.4708,0.8495
180.58,1.3158,1.3481,1.4783,0.83655
180.68,1.2172,1.2411,1.4576,0.80621
180.78,1.2761,1.2697,1.3788,0.85749
180.88,1.272,1.2405,1.3438,0.81446
180.98,1.3062,1.2881,1.502,0.74856
181.08,1.2782,1.2124,1.5685,0.79896
181.18,1.2104,1.2833,1.5759,0.77489
181.28,1.1289,1.273,1.5535,0.79453
181.38,1.1782,1.2933,1.5632,0.81932
181.48,1.2018,1.274,1.5549,0.85153
181.58,1.1838,1.2778,1.5479,0.78928
181.68,1.1307,1.3155,1.5861,0.78769
181.78,1.2226,1.2479,1.5859,0.7752
181.88,1.2543,1.152,1.5554,0.76791
181.98,1.2888,1.1397,1.5031,0.797
182.08,1.2805,1.1343,1.4216,0.76961
182.18,1.3697,1.109,1.4172,0.74129
182.28,1.2948,1.0797,1.4728,0.82315
182.38,1.2354,1.0212,1.7235,0.75648
182.48,1.1966,0.9858,1.7817,0.77167
182.58,1.0658,0.98879,1.8901,0.72669
182.68,1.0979,0.9587,1.8539,0.76541
182.78,1.0208,0.95039,1.7517,0.72892
182.88,1.0633,0.99843,1.9309,0.70996
182.98,1.0716,1.0588,2.0001,0.83535
183.08,0.98752,1.0306,2.02,0.81077
183.18,0.95577,1.1759,1.878,0.869
183.28,0.9881,1.3653,1.8268,0.85594
183.38,1.0289,1.6605,1.7587,0.81646
183.48,1.1902,1.6708,1.7767,0.79519
183.58,1.2055,1.7869,1.7365,0.79639
183.68,1.2637,1.8413,1.831,0.83878
183.78,1.2744,1.9039,1.84,0.83522
183.88,1.3867,2.135,1.8116,0.86024
183.98,1.3805,2.2331,1.8205,0.79291
184.08,1.4388,2.139,1.6501,0.74231
184.18,1.4721,2.126,1.6856,0.77657
184.29,1.42,2.1368,1.6712,0.84561
184.39,1.4121,2.0924,1.7269,0.84351
184.49,1.3979,2.0374,1.7766,0.83573
184.59,1.3893,2.0642,1.8208,0.82637
184.69,1.4085,1.9493,1.6966,0.76969
184.79,1.3733,1.8932,1.7487,0.79462
184.89,1.2755,1.8394,1.7836,0.77614
184.99,1.3384,1.6818,1.8986,0.75097
185.09,1.3203,1.6529,1.8936,0.77522
185.19,1.3548,1.5952,1.859,0.74045
185.29,1.4719,1.628,1.7765,0.73097
185.39,1.4436,1.6252,1.7221,0.73359
185.49,1.5086,1.8512,1.6772,0.76118
185.59,1.4924,1.9027,1.6038,0.71618
185.69,1.4237,1.8027,1.642,0.82497
185.79,1.3704,1.8725,1.7053,0.78136
185.89,1.3544,1.9746,1.8045,0.7397
185.99,1.4217,1.9259,1.8451,0.75386
186.09,1.3978,1.9186,1.7772,0.79169
186.19,1.3811,1.9306,1.7599,0.76867
186.29,1.298,1.9796,1.6744,0.77454
186.39,1.3051,1.9324,1.6159,0.76067
186.49,1.3264,1.7893,1.6609,0.77358
186.59,1.3374,1.8912,1.6357,0.82429
186.69,1.4355,1.9625,1.5478,0.81163
186.79,1.4311,1.8858,1.4823,0.79019
186.89,1.4117,1.8815,1.4889,0.81141
186.99,1.4521,1.8179,1.4875,0.84006
187.09,1.3826,1.8134,1.5691,0.76511
187.19,1.3229,1.6843,1.6216,0.77784
187.29,1.2111,1.5455,1.7086,0.76225
187.39,1.3422,1.5354,1.5957,0.72842
187.49,1.2458,1.5067,1.5675,0.77723
187.59,1.2661,1.3432,1.4657,0.74267
187.69,1.2156,1.3398,1.4583,0.67462
187.79,1.2191,1.2881,1.5502,0.70881
187.89,1.1912,1.2895,1.456,0.69498
187.99,1.261,1.2984,1.4295,0.73205
188.1,1.2038,1.2127,1.4479,0.71947
188.2,1.2035,1.1982,1.4402,0.74775
188.3,1.2619,1.3967,1.5028,0.82674
188.4,1.3077,1.3887,1.4169,0.84545
188.5,1.2779,1.4488,1.4727,0.93149
188.6,1.3595,1.5085,1.4522,0.89743
188.7,1.3104,1.5982,1.4093,0.85486
188.8,1.263,1.6465,1.5065,0.86345
188.9,1.2803,1.592,1.4779,0.83248
189,1.3448,1.558,1.5069,0.83865
189.1,1.3715,1.548,1.4752,0.74693
189.2,1.3528,1.5135,1.4851,0.78451
189.3,1.4217,1.4823,1.4165,0.77178
189.4,1.4078,1.403,1.3618,0.78242
189.5,1.3996,1.3327,1.3399,0.80809
189.6,1.5076,1.3771,1.3993,0.77224
189.7,1.532,1.338,1.4848,0.77179
189.8,1.517,1.4321,1.6016,0.78397
189.9,1.6175,1.5047,1.6641,0.75604
190,1.4911,1.46,1.7376,0.74361
190.1,1.4738,1.4659,1.6651,0.78606
190.2,1.542,1.5856,1.6396,0.77492
190.3,1.6057,1.6291,1.6004,0.77251
190.4,1.5771,1.7859,1.5418,0.80806
190.5,1.4873,1.8032,1.747,0.74402
190.6,1.6457,1.8797,1.6775,0.79087
190.7,1.6573,1.9565,1.6403,0.84369
190.8,1.536,2.0053,1.6197,0.82263
190.9,1.537,1.9026,1.5834,0.80805
191,1.5108,1.8528,1.5485,0.73421
191.1,1.4407,1.8259,1.6366,0.77736
191.2,1.4135,1.6904,1.5581,0.74893
191.3,1.3823,1.7031,1.5228,0.78718
191.4,1.3245,1.6129,1.4436,0.7085
191.5,1.2933,1.6274,1.4233,0.77096
191.6,1.3623,1.5311,1.423,0.75775
191.7,1.2727,1.3803,1.4466,0.74371
191.8,1.3441,1.3912,1.344,0.75706
191.91,1.3476,1.2845,1.3181,0.73127
192.01,1.2811,1.2976,1.3344,0.70082
192.11,1.3016,1.272,1.2453,0.78992
192.21,1.2697,1.1554,1.2778,0.75641
192.31,1.3525,1.1119,1.2355,0.75264
192.41,1.3188,1.1673,1.2413,0.73697
192.51,1.4145,1.1159,1.253,0.71014
192.61,1.3794,1.0473,1.3148,0.77522
192.71,1.4427,1.1145,1.2773,0.72557
192.81,1.5261,1.1065,1.3671,0.74736
192.91,1.4241,1.1831,1.5836,0.71481
193.01,1.3855,1.2028,1.6169,0.73467
193.11,1.4361,1.3128,1.5855,0.88385
193.21,1.4773,1.5181,1.5512,0.94261
193.31,1.4426,1.6269,1.6699,0.95641
193.41,1.4146,1.5692,1.8795,0.99129
193.51,1.4977,1.6489,1.8719,0.94223
193.61,1.6018,1.7031,1.8169,1.018
193.71,1.5257,1.6151,1.7513,0.94312
193.81,1.4223,1.6636,2.0384,0.89747
193.91,1.3577,1.6238,2.3568,0.96556
194.01,1.2926,1.6634,2.3868,1.1532
194.11,1.2048,1.6268,2.3862,1.1003
194.21,1.0847,1.5174,2.3304,1.1781
194.31,1.1362,1.6426,2.3047,1.2065
194.41,1.1969,1.7494,2.2619,1.1486
194.51,1.2561,1.8325,2.0802,1.1364
194.61,1.3014,1.9097,2.0558,1.067
194.71,1.385,1.9408,1.9081,1.1411
194.81,1.2843,2.0192,1.8428,1.0326
194.91,1.2694,2.0164,1.8506,0.98032
195.01,1.3062,1.9737,1.8186,1.0216
195.11,1.306,2.0268,1.7076,0.96299
195.21,1.3856,2.1053,1.754,1.0067
195.31,1.3935,2.0888,1.8082,0.93281
195.41,1.3644,1.9829,1.7225,0.88993
195.51,1.3324,1.9565,1.8044,0.89877
195.61,1.2837,2.0208,1.7335,0.89871
195.71,1.2276,1.8758,1.7385,0.91058
195.82,1.2305,1.8692,1.9409,0.90572
195.92,1.2191,1.8308,1.8967,0.875
196.02,1.2098,1.8474,1.8234,0.87807
196.12,1.2472,1.8557,1.6601,0.80965
196.22,1.2531,2.0298,1.5432,0.81812
196.32,1.2966,1.999,1.5441,0.80934
196.42,1.3094,1.942,1.4433,0.77751
196.52,1.2283,1.8911,1.4075,0.74741
196.62,1.2449,1.7439,1.3984,0.74871
196.72,1.3615,1.768,1.4325,0.76013
196.82,1.4231,1.7941,1.4156,0.79618
196.92,1.3796,1.7776,1.4283,0.75676
197.02,1.3473,1.6198,1.5688,0.76705
197.12,1.3649,1.4856,1.5365,0.7668
197.22,1.3342,1.481,1.561,0.77554
197.32,1.3324,1.4299,1.5418,0.79566
197.42,1.3906,1.3953,1.5299,0.76457
197.52,1.4336,1.3294,1.4542,0.75881
197.62,1.422,1.2581,1.5058,0.78161
197.72,1.3714,1.2667,1.6844,0.77225
197.82,1.3953,1.185,1.6871,0.73233
197.92,1.3974,1.2061,1.5616,0.76354
198.02,1.4826,1.1502,1.5472,0.69471
198.12,1.5562,1.1982,1.5664,0.80215
198.22,1.6037,1.1323,1.5321,0.72554
198.32,1.6751,1.1652,1.472,0.75841
198.42,1.5576,1.1634,1.4069,0.73119
198.52,1.5654,1.2685,1.5793,0.80595
198.62,1.4099,1.2526,1.7577,0.74459
198.72,1.5392,1.2958,1.8121,0.7358
198.82,1.5625,1.4142,1.8067,0.75743
198.92,1.6297,1.4885,1.7346,0.75269
199.02,1.7256,1.6107,1.6887,0.76297
199.12,1.7575,1.7354,1.6049,0.76437
199.22,1.7287,1.7306,1.6471,0.77823
199.32,1.5934,1.6986,1.6211,0.74224
199.42,1.6503,1.7375,1.6293,0.77225
199.52,1.5119,1.8182,1.6127,0.80604
199.63,1.4765,1.7615,1.6447,0.77465
199.73,1.4347,1.7293,1.5918,0.7774
199.83,1.3749,1.6517,1.638,0.74498
199.93,1.4029,1.6436,1.5997,0.74044
200.03,1.4345,1.549,1.5501,0.78002
200.13,1.4655,1.5438,1.5804,0.75275
200.23,1.4867,1.4917,1.5105,0.71181
200.33,1.537,1.38,1.45,0.7905
200.43,1.5641,1.3588,1.4328,0.73049
200.53,1.5894,1.2776,1.3994,0.75686
200.63,1.5555,1.2826,1.3616,0.7795
200.73,1.5441,1.3483,1.3668,0.79383
200.83,1.5908,1.288,1.4815,0.79218
200.93,1.6346,1.2223,1.4541,0.74569
201.03,1.6563,1.2221,1.6184,0.82098
201.13,1.5771,1.2188,2.0056,0.85367
201.23,1.5473,1.2506,1.9881,0.86487
201.33,1.4258,1.2598,2.0882,0.89662
201.43,1.417,1.2563,2.0118,0.97502
201.53,1.5024,1.3905,1.9815,0.96254
201.63,1.5363,1.5005,2.0141,0.90689
201.73,1.5316,1.6662,1.9329,0.93096
201.83,1.5399,1.8889,1.8717,0.88723
201.93,1.6318,1.998,1.783,0.96187
202.03,1.7387,2.005,1.7551,0.93704
202.13,1.79,2.0323,1.7534,0.90317
202.23,1.7807,2.1197,1.6822,0.88731
202.33,1.8011,2.2009,1.6187,0.84717
202.43,1.6792,2.0722,1.6708,0.92492
202.53,1.583,2.0076,1.7277,0.90549
202.63,1.4894,2.0107,1.6394,0.84638
202.73,1.412,1.9986,1.6957,0.89186
202.83,1.4473,2.1195,1.8083,0.92051
202.93,1.4576,2.1753,1.8271,0.89218
203.03,1.4856,2.171,1.7478,0.86049
203.13,1.5735,2.2277,1.7495,0.86787
203.23,1.5991,2.1666,1.7868,0.86129
203.33,1.626,2.1393,1.7985,0.82003
203.44,1.624,2.1877,1.7657,0.9067
203.54,1.6821,2.172,1.7244,0.84107
203.64,1.7463,2.1097,1.7604,0.86237
203.74,1.6476,2.0564,1.7413,0.80019
203.84,1.6254,2.0689,1.7931,0.87065
203.94,1.6028,2.1304,1.7364,0.80384
204.04,1.5416,2.0178,1.7184,0.81709
204.14,1.4283,1.9653,2.1515,0.81202
204.24,1.4087,1.9557,2.1413,0.84663
204.34,1.2439,1.9275,2.1162,0.93695
204.44,1.2126,1.7802,2.1867,0.90489
204.54,1.256,1.823,2.165,0.93634
204.64,1.3746,1.9325,2.0916,0.92223
204.74,1.4502,1.9783,2.0092,0.96111
204.84,1.4497,2.0804,1.9101,0.97126
204.94,1.4537,2.0697,1.9506,0.95164
205.04,1.4459,2.1756,1.8927,0.93506
205.14,1.4769,2.1981,1.8948,0.9672
205.24,1.4701,2.0876,1.9681,0.95072
205.34,1.4488,2.1086,1.9879,0.89375
205.44,1.5447,2.1997,1.8795,0.85489
205.54,1.4955,2.1726,2.016,0.96759
205.64,1.3786,2.112,2.064,0.82894
205.74,1.3517,2.0109,2.1312,0.90437
205.84,1.3816,1.8916,2.0452,0.84106
205.94,1.4613,2.0744,2.0201,0.82311
206.04,1.4745,2.1819,2.0169,0.8873
206.14,1.5086,2.1744,1.9402,0.88621
206.24,1.5338,2.1986,1.9347,0.8842
206.34,1.4664,2.1179,1.8371,0.813
206.44,1.4963,2.0792,1.8712,0.80358
206.54,1.5116,1.9215,1.9736,0.81826
206.64,1.5109,1.9026,1.9089,0.89002
206.74,1.6392,2.0271,1.9314,0.80498
206.84,1.7016,2.2389,1.8809,0.82894
206.94,1.6193,2.2292,2.0652,0.86592
207.04,1.471,2.1725,2.0687,0.79548
207.14,1.5431,2.1465,2.0451,0.82261
207.25,1.538,1.9889,2.0277,0.82412
207.35,1.4853,1.9302,2.1451,0.8048
207.45,1.3769,1.8861,2.138,0.82069
207.55,1.3864,1.9024,2.1169,0.83717
207.65,1.5639,2.0856,2.0318,0.79604
207.75,1.6499,2.3551,1.9635,0.80217
207.85,1.7773,2.4857,1.8869,0.78786
207.95,2.0301,2.5758,1.8855,0.83261
208.05,2.017,2.564,1.7626,0.8338
208.15,1.9953,2.6505,1.6947,0.81955
208.25,1.9814,2.4844,1.7319,0.74445
208.35,1.8123,2.4062,1.6863,0.77109
208.45,1.7702,2.2268,1.688,0.81039
208.55,1.6501,2.117,1.6105,0.78177
208.65,1.5666,2.0303,1.6929,0.818
208.75,1.444,1.9559,1.8623,0.86849
208.85,1.3986,1.9085,1.8168,0.93848
208.95,1.374,1.8011,1.938,0.93147
209.05,1.2608,1.6989,2.0371,0.93925
209.15,1.2792,1.6552,2.0012,0.91917
209.25,1.3384,1.6868,1.9573,0.90968
209.35,1.3032,1.8028,1.8469,0.88808
209.45,1.3929,1.8494,1.8159,0.87076
209.55,1.4165,1.7937,1.7403,0.87915
209.65,1.4149,1.8002,1.7107,0.8255
209.75,1.5243,1.8755,1.6777,0.79644
209.85,1.6403,1.9741,1.6359,0.86524
209.95,1.711,1.9191,1.5697,0.82006
210.05,1.7917,1.8463,1.5434,0.83513
210.15,1.834,1.9018,1.4986,0.80387
210.25,1.8587,1.9668,1.4851,0.79268
210.35,1.9033,2.001,1.3764,0.80237
210.45,1.8717,2.0043,1.3277,0.78814
210.55,1.7523,1.9051,1.3472,0.77339
210.65,1.7054,1.8294,1.3263,0.77405
210.75,1.7327,1.8391,1.2563,0.79684
210.85,1.9483,1.7308,1.2107,0.73379
210.95,1.9576,1.821,1.3061,0.77976
211.06,1.8725,1.8755,1.3067,0.75525
211.16,1.7463,1.8117,1.297,0.81587
211.26,1.7011,1.8739,1.3272,0.80585
211.36,1.6248,2.0609,1.3393,0.85219
211.46,1.5883,2.1256,1.4259,0.82306
211.56,1.4826,2.1066,1.4452,0.84806
211.66,1.4543,2.1558,1.4526,0.89633
211.76,1.3643,2.1298,1.5435,0.8996
211.86,1.3668,2.1019,1.5787,0.83845
211.96,1.4338,2.1238,1.63,0.83393
212.06,1.3769,2.1248,1.6242,0.86436
212.16,1.3638,2.3171,1.5739,0.81387
212.26,1.5665,2.267,1.5756,0.82102
212.36,1.7139,2.3587,1.5448,0.83365
212.46,1.809,2.4512,1.5147,0.81281
212.56,2.1034,2.6351,1.4897,0.7919
212.66,2.0987,2.5847,1.4577,0.81609
212.76,2.0786,2.4952,1.5691,0.78962
212.86,1.9445,2.3888,1.6079,0.72594
212.96,1.9602,2.344,1.5393,0.74809
213.06,1.9447,2.3438,1.5313,0.76871
213.16,1.8789,2.5,1.6489,0.74658
213.26,1.8277,2.5447,1.6987,0.77474
213.36,1.851,2.6177,1.6638,0.74176
213.46,1.7787,2.5318,1.7133,0.7529
213.56,1.7813,2.5532,1.6158,0.77104
213.66,1.7927,2.7212,1.6536,0.8135
213.76,1.7866,2.6953,1.6077,0.78924
213.86,1.792,2.7481,1.5467,0.76856
213.96,1.7478,2.6757,1.5346,0.77792
214.06,1.6368,2.5422,1.4988,0.78228
214.16,1.7168,2.55,1.532,0.72773
214.26,1.6439,2.4672,1.5151,0.7701
214.36,1.5814,2.4631,1.4701,0.7645
214.46,1.5791,2.6032,1.4304,0.77912
214.56,1.6727,2.5193,1.4749,0.78419
214.66,1.6519,2.5772,1.4909,0.81004
214.76,1.7527,2.5657,1.5034,0.76827
214.86,1.7571,2.5935,1.498,0.77475
214.97,1.6702,2.4989,1.4267,0.75594
215.07,1.6328,2.4671,1.4291,0.74245
215.17,1.6614,2.3905,1.4028,0.78237
215.27,1.7021,2.2695,1.4961,0.73647
215.37,1.6731,2.2721,1.4975,0.77184
215.47,1.5913,2.2103,1.4665,0.75009
215.57,1.5458,2.2851,1.5115,0.76353
215.67,1.6585,2.1413,1.5983,0.77913
215.77,1.593,2.2055,1.6153,0.73434
215.87,1.6638,2.2591,1.5866,0.80318
215.97,1.6056,2.2103,1.5708,0.75628
216.07,1.6236,2.1321,1.5492,0.80655
216.17,1.665,2.0982,1.4816,0.74211
216.27,1.6955,2.124,1.4811,0.80445
216.37,1.6889,2.148,1.4282,0.73189
216.47,1.8596,2.1949,1.4051,0.75446
216.57,1.872,2.1493,1.3515,0.7415
216.67,1.7549,2.2247,1.3678,0.78873
216.77,1.8497,2.0916,1.3689,0.75347
216.87,1.8135,2.1031,1.4183,0.73497
216.97,1.9235,2.0049,1.356,0.71923
217.07,2.0117,2.1215,1.35,0.76254
217.17,2.1003,2.2139,1.3153,0.75352
217.27,2.0219,2.1503,1.3837,0.73618
217.37,1.9821,2.1026,1.393,0.71646
217.47,1.8179,2.0886,1.4387,0.73901
217.57,1.729,1.9588,1.4729,0.72698
217.67,1.7329,1.8629,1.5238,0.77753
217.77,1.6222,1.776,1.5221,0.80474
217.87,1.7286,1.7981,1.5564,0.8014
217.97,1.6647,1.9429,1.5133,0.85334
218.07,1.6587,1.9754,1.5527,0.79819
218.17,1.6819,1.9472,1.4893,0.80064
218.27,1.7065,1.9966,1.493,0.79722
218.37,1.6364,2.0227,1.4615,0.76331
218.47,1.8064,2.0619,1.4327,0.82519
218.57,1.6988,2.0791,1.4075,0.80238
218.67,1.7333,2.1665,1.3708,0.84404
218.78,1.698,2.1326,1.476,0.76986
218.88,1.7841,2.0438,1.5136,0.77698
218.98,1.675,2.0587,1.4795,0.7702
219.08,1.7393,2.1474,1.4077,0.80403
219.18,1.6876,2.0854,1.4884,0.78845
219.28,1.5635,2.186,1.5479,0.77493
219.38,1.6392,2.0637,1.5832,0.78028
219.48,1.638,2.0255,1.5959,0.7181
219.58,1.6471,2.0051,1.5989,0.76743
219.68,1.632,1.9266,1.6773,0.70521
219.78,1.5924,1.9414,1.7466,0.73521
219.88,1.5164,1.8885,1.7176,0.75438
219.98,1.6209,1.9445,1.6613,0.74985
220.08,1.7672,1.9448,1.6194,0.73813
220.18,1.8583,1.9952,1.6486,0.79727
220.28,1.8108,2.0244,1.5141,0.7574
220.38,1.7855,2.0998,1.4912,0.76962
220.48,1.793,2.1813,1.4506,0.74643
220.58,1.7899,2.1734,1.4386,0.7299
220.68,1.7686,2.1528,1.5088,0.75772
220.78,1.7791,2.1704,1.5125,0.79684
220.88,1.7868,2.1646,1.6101,0.75836
220.98,1.7313,1.9902,1.5517,0.76067
221.08,1.7183,1.9795,1.6581,0.77851
221.18,1.5998,1.9268,1.8442,0.76662
221.28,1.5263,1.8773,1.8056,0.79257
221.38,1.6277,2.0099,1.746,0.77639
221.48,1.7521,2.1402,1.6877,0.83476
221.58,1.7173,2.1198,1.6513,0.80011
221.68,1.7261,2.1645,1.612,0.81646
221.78,1.7371,2.0571,1.6204,0.80147
221.88,1.7026,2.0676,1.6283,0.80067
221.98,1.63,2.02,1.6346,0.80329
222.08,1.6131,1.909,1.6912,0.75386
222.18,1.5742,1.8548,1.8448,0.78524
222.28,1.4412,1.7498,2.004,0.81478
222.38,1.3229,1.7655,1.9883,0.7999
222.48,1.3556,1.6695,1.9266,0.77948
222.59,1.2972,1.7195,1.9317,0.80954
222.69,1.2652,1.5622,1.8428,0.8182
222.79,1.1949,1.527,1.8566,0.74007
222.89,1.1906,1.5736,1.7892,0.78365
222.99,1.2628,1.5484,1.7266,0.7427
223.09,1.2388,1.6705,1.7473,0.8119
223.19,1.3294,1.7151,1.6794,0.74029
223.29,1.3252,1.7792,1.6273,0.80176
223.39,1.287,1.786,1.5604,0.7536
223.49,1.2988,1.8077,1.521,0.74988
223.59,1.2998,1.8271,1.4936,0.79186
223.69,1.2927,1.7496,1.4957,0.76779
223.79,1.3825,1.8212,1.4818,0.74759
223.89,1.3526,1.7633,1.4575,0.76185
223.99,1.3329,1.7376,1.4484,0.77933
224.09,1.3654,1.7171,1.6011,0.81263
224.19,1.2859,1.6114,1.5366,0.85853
224.29,1.3696,1.5884,1.5867,0.84571
224.39,1.3762,1.6132,1.5667,0.88612
224.49,1.4211,1.7633,1.5835,0.88985
224.59,1.5077,1.8282,1.546,0.8631
224.69,1.5541,1.7287,1.4992,0.81347
224.79,1.5197,1.7908,1.501,0.86836
224.89,1.5752,1.6978,1.5234,0.81305
224.99,1.521,1.6964,1.504,0.8083
225.09,1.5926,1.6961,1.5888,0.84118
225.19,1.6415,1.7805,1.6392,0.82779
225.29,1.6505,1.8883,1.6141,0.82257
225.39,1.5802,1.7983,1.7892,0.80875
225.49,1.4563,1.7254,1.7723,0.81881
225.59,1.4841,1.7291,1.8175,0.82095
225.69,1.5341,1.8134,1.8909,0.89152
225.79,1.6103,1.8372,1.8542,0.87475
225.89,1.5857,1.7922,1.8264,0.87743
225.99,1.5377,1.9117,1.7208,0.85885
226.09,1.4716,1.7849,1.6408,0.81553
226.19,1.5356,1.7439,1.639,0.87419
226.29,1.4798,1.702,1.6144,0.85865
226.4,1.4605,1.7111,1.5978,0.88717
226.5,1.5045,1.6608,1.6321,0.85561
226.6,1.4859,1.624,1.7291,0.85322
226.7,1.4186,1.5365,1.9299,0.92939
226.8,1.398,1.575,1.8337,0.86731
226.9,1.5256,1.5244,1.8134,0.84145
227,1.4581,1.5011,1.7704,0.81875
227.1,1.3918,1.4329,1.6759,0.83649
227.2,1.4972,1.3864,1.801,0.81125
227.3,1.4672,1.3308,1.6944,0.80134
227.4,1.5465,1.3717,1.6656,0.78993
227.5,1.5905,1.3899,1.5317,0.77896
227.6,1.6201,1.3974,1.5005,0.83309
227.7,1.5432,1.349,1.5504,0.77071
227.8,1.5875,1.425,1.5554,0.85475
227.9,1.5644,1.518,1.5406,0.85896
228,1.5048,1.5434,1.4603,0.91405
228.1,1.4171,1.601,1.488,0.975
228.2,1.3829,1.628,1.5938,0.97272
228.3,1.4019,1.5844,1.6205,1.0357
228.4,1.3836,1.6295,1.7628,1.0966
228.5,1.3692,1.6217,1.7916,1.0432
228.6,1.3393,1.6454,1.7437,0.9873
228.7,1.4012,1.6464,1.5764,1.0233
228.8,1.4403,1.5649,1.4771,0.89627
228.9,1.3696,1.6323,1.4572,0.9184
229,1.4292,1.5751,1.4585,0.92611
229.1,1.3925,1.4981,1.4902,0.90248
229.2,1.4122,1.6015,1.6493,0.90105
229.3,1.3141,1.5899,1.7025,0.89848
229.4,1.2975,1.6076,1.6971,0.96797
229.5,1.2994,1.7065,1.749,0.90256
229.6,1.3222,1.6314,1.7798,0.88502
229.7,1.2514,1.6698,1.9202,0.85527
229.8,1.2787,1.6599,1.8274,0.91002
229.9,1.2304,1.6828,1.874,0.82871
230,1.2641,1.6647,1.9946,0.8804
230.1,1.3148,1.8117,1.8875,0.87711
230.21,1.3987,1.9022,1.8393,0.82698
230.31,1.3169,1.8135,1.77,0.88692
230.41,1.3156,1.7106,1.7909,0.85244
230.51,1.3102,1.7533,1.7763,0.83947
230.61,1.3661,1.6954,1.7343,0.83924
230.71,1.3898,1.751,1.6592,0.7931
230.81,1.4666,1.8859,1.6112,0.8427
230.91,1.6913,1.969,1.5649,0.82925
231.01,1.8603,2.2417,1.6129,0.82134
231.11,2.116,2.4466,1.5355,0.79952
231.21,2.088,2.3567,1.5076,0.79049
231.31,2.0248,2.3272,1.3883,0.76383
231.41,2.0598,2.228,1.3508,0.77454
231.51,2.0382,2.2779,1.3189,0.79272
231.61,1.99,2.3342,1.3732,0.74109
231.71,2.0967,2.2262,1.4698,0.79997
231.81,2.0608,2.1649,1.4603,0.80464
231.91,1.8806,2.1944,1.4471,0.79566
232.01,1.8958,2.1603,1.4617,0.80478
232.11,1.9376,2.2031,1.4479,0.77812
232.21,1.8779,2.0813,1.5365,0.80186
232.31,1.8062,2.1474,1.5155,0.80694
232.41,1.7623,2.0758,1.6347,0.80855
232.51,1.5884,1.9405,1.5872,0.77767
232.61,1.5666,1.9141,1.5671,0.80665
232.71,1.582,1.7577,1.5656,0.85527
232.81,1.5389,1.8707,1.5781,0.85016
232.91,1.483,1.8223,1.5899,0.76252
233.01,1.5489,1.811,1.6854,0.8026
233.11,1.6038,1.937,1.6957,0.79783
233.21,1.5226,1.9077,1.6846,0.82244
233.31,1.563,1.9116,1.6741,0.82539
233.41,1.7101,2.0835,1.6343,0.78298
233.51,1.8649,2.0373,1.6333,0.81259
233.61,1.7563,2.0909,1.5732,0.80626
233.71,1.8269,2.0842,1.5399,0.8139
233.81,1.841,1.9787,1.543,0.7764
233.91,1.9029,1.9996,1.4195,0.798
234.01,1.8504,1.9555,1.5128,0.76812
234.12,1.7809,1.9033,1.5234,0.80933
234.22,1.683,1.9204,1.5228,0.77338
234.32,1.5692,1.8593,1.4939,0.79207
234.42,1.582,1.9928,1.4767,0.79618
234.52,1.6033,2.1421,1.4898,0.75852
234.62,1.5551,2.2202,1.488,0.79943
234.72,1.4924,2.25,1.5856,0.7985
234.82,1.439,2.1866,1.6347,0.80308
234.92,1.3546,2.07,1.6263,0.8868
235.02,1.3013,1.8734,1.6345,0.96026
235.12,1.2429,1.8533,1.6466,1.183
235.22,1.254,1.7588,1.8105,1.2394
235.32,1.1932,1.6577,1.8618,1.1867
235.42,1.2113,1.6291,1.845,1.1609
235.52,1.1749,1.6687,1.812,1.1126
235.62,1.1329,1.6307,1.9392,1.1072
235.72,1.1133,1.499,1.9831,1.0752
235.82,0.97942,1.433,2.0286,1.1155
235.92,0.9739,1.4369,2.0233,1.0401
236.02,1.0645,1.4054,1.9187,1.0043
236.12,1.1824,1.3527,1.8469,1.0184
236.22,1.1268,1.3877,1.829,0.92173
236.32,1.15,1.3769,1.7856,0.93975
236.42,1.1863,1.4976,1.719,0.93791
236.52,1.182,1.6336,1.7338,0.85769
236.62,1.2349,1.7412,1.6993,0.93365
236.72,1.2325,1.6742,1.7712,0.89125
236.82,1.1866,1.5978,1.7354,0.86523
236.92,1.289,1.6326,1.7367,0.93416
237.02,1.3132,1.6392,1.7375,0.86996
237.12,1.2222,1.6582,1.6619,0.82713
237.22,1.1699,1.7192,1.7521,0.8701
237.32,1.1308,1.6693,1.8303,0.87829
237.42,1.0458,1.6464,1.8319,0.96136
237.52,1.0322,1.5946,1.7458,0.99678
237.62,0.95215,1.5722,1.6557,0.94151
237.72,0.95079,1.5827,1.75,0.92706
237.82,1.0413,1.4512,1.7169,0.98937
237.93,1.0325,1.3952,1.7965,0.977
238.03,1.0006,1.2879,1.7439,0.90519
238.13,0.98614,1.3071,1.7992,0.95282
238.23,1.0565,1.2505,1.7599,0.87348
238.33,1.1002,1.158,1.8695,0.97688
238.43,1.133,1.1286,1.8771,0.92227
238.53,1.1724,1.1199,1.8074,0.91331
238.63,1.2009,1.0909,1.735,0.84403
238.73,1.2609,1.1357,1.7023,0.85778
238.83,1.2401,1.1847,1.6428,0.85745
238.93,1.3395,1.2177,1.6082,0.85985
239.03,1.2137,1.2411,1.7046,0.86309
239.13,1.1833,1.2399,1.8433,0.86577
239.23,1.0991,1.2377,1.9228,0.9213
239.33,1.1452,1.156,2.0551,0.82405
239.43,1.1599,1.1345,2.1187,0.96482
239.53,1.1746,1.0891,2.3147,0.90151
239.63,1.1813,1.0498,2.3225,0.90862
239.73,1.1158,1.0491,2.3283,0.85051
239.83,1.1624,0.99461,2.2671,0.8338
239.93,1.2713,1.1516,2.1803,0.85965
240.03,1.3337,1.1954,2.1711,0.8363
240.13,1.3781,1.3246,2.0892,0.83111
240.23,1.3825,1.3625,2.0253,0.86046
240.33,1.567,1.4388,1.8697,0.83261
240.43,1.7428,1.5135,1.8501,0.77998
240.53,1.972,1.5855,1.7883,0.79464
240.63,2.0123,1.7451,1.7094,0.78267
240.73,2.0486,1.7657,1.6439,0.80891
240.83,1.9488,1.7203,1.5899,0.77872
240.93,1.9452,1.7398,1.584,0.75345
241.03,1.8304,1.6679,1.7487,0.87455
241.13,1.785,1.6381,1.8373,0.91128
241.23,1.7271,1.6191,1.851,0.8499
241.33,1.7049,1.7481,1.8448,0.90189
241.43,1.6445,1.844,1.7589,0.86041
241.53,1.7179,1.8591,1.8328,0.88684
241.63,1.6398,1.9962,1.7956,0.9161
241.74,1.689,2.0568,1.6871,0.90445
241.84,1.693,2.0036,1.6412,0.92889
241.94,1.6118,1.9754,1.6213,0.92576
242.04,1.4964,1.8899,1.5665,0.86687
242.14,1.4449,1.8155,1.6011,0.85217
242.24,1.376,1.8459,1.5497,0.88262
242.34,1.2811,1.7898,1.5442,0.85226
242.44,1.4114,1.8922,1.5409,0.84456
242.54,1.4348,1.8777,1.5098,0.79586
242.64,1.4777,2.1227,1.5453,0.87704
242.74,1.5118,2.1181,1.5398,0.85382
242.84,1.6348,2.2914,1.5463,0.81422
242.94,1.6407,2.3866,1.5507,0.81616
243.04,1.6684,2.3892,1.5031,0.84382
243.14,1.6808,2.4117,1.514,0.77398
243.24,1.6947,2.3,1.6135,0.77773
243.34,1.7561,2.2396,1.5834,0.80346
243.44,1.7704,2.2296,1.5207,0.80287
243.54,1.8807,2.3401,1.5236,0.81225
243.64,1.9477,2.438,1.5415,0.79866
243.74,1.9294,2.3894,1.4468,0.76787
243.84,1.9407,2.2974,1.5133,0.8059
243.94,1.8805,2.2715,1.4996,0.81179
244.04,1.8593,2.3235,1.4836,0.79818
244.14,1.8473,2.2358,1.447,0.78868
244.24,1.7752,2.1364,1.4659,0.77995
244.34,1.8277,2.141,1.4605,0.75069
244.44,1.8851,2.3109,1.465,0.76114
244.54,1.8686,2.2238,1.5928,0.73705
244.64,1.8279,2.2583,1.6011,0.83289
244.74,1.7793,2.1897,1.5877,0.80726
244.84,1.821,2.0693,1.5798,0.78287
244.94,1.818,2.166,1.6631,0.78316
245.04,1.7964,2.0341,1.6762,0.85934
245.14,1.7611,2.2349,1.6055,0.80376
245.24,1.762,2.2185,1.626,0.82744
245.34,1.9449,2.247,1.5974,0.78737
245.44,1.8435,2.1958,1.6131,0.89367
245.55,1.6568,2.1329,1.5734,0.85827
245.65,1.7477,2.1283,1.6081,0.77186
245.75,1.757,2.0571,1.5836,0.82898
245.85,1.8747,2.1072,1.5179,0.79741
245.95,1.9017,2.072,1.5352,0.79667
246.05,1.9117,2.0984,1.477,0.79772
246.15,1.9,2.1355,1.4539,0.77828
246.25,1.8316,2.0902,1.4357,0.7789
246.35,1.7727,2.1503,1.4128,0.79248
246.45,1.9033,2.1419,1.3936,0.83648
246.55,1.8112,2.093,1.601,0.80316
246.65,1.7792,2.1137,1.5868,0.79006
246.75,1.6116,2.0489,1.7429,0.7776
246.85,1.5654,1.9047,1.7616,0.78648
246.95,1.5031,1.9979,1.7094,0.78336
247.05,1.5006,1.9693,1.7194,0.82144
247.15,1.5632,2.0253,1.7058,0.77636
247.25,1.482,2.045,1.6682,0.86562
247.35,1.4644,1.9651,1.6568,0.8458
247.45,1.3766,2.03,1.7609,0.8374
247.55,1.5265,1.9658,1.7425,0.79934
247.65,1.4199,2.065,1.7447,0.80462
247.75,1.4652,2.1891,1.6772,0.84225
247.85,1.353,2.0436,1.6565,0.81711
247.95,1.3139,2.0052,1.6524,0.8592
248.05,1.2383,1.9942,1.6228,0.83685
248.15,1.2926,1.964,1.5898,0.78011
248.25,1.2329,1.8581,1.5941,0.82355
248.35,1.2728,1.7296,1.706,0.80615
248.45,1.2302,1.6474,1.8387,0.82134
248.55,1.1637,1.6235,1.7894,0.8699
248.65,1.2116,1.6348,1.8846,0.82735
248.75,1.2381,1.6828,1.7679,0.84439
248.85,1.162,1.6762,1.7127,0.81701
248.95,1.2258,1.6125,1.6557,0.80623
249.05,1.2379,1.5759,1.6326,0.84197
249.15,1.2673,1.6349,1.6747,0.7815
249.25,1.3251,1.6458,1.658,0.78166
249.35,1.2814,1.6812,1.6063,0.78057
249.46,1.3416,1.6779,1.5558,0.77952
249.56,1.3219,1.6843,1.5423,0.78772
249.66,1.3065,1.6274,1.4852,0.78314
249.76,1.4625,1.692,1.4867,0.75119
249.86,1.4379,1.9099,1.4542,0.7414
249.96,1.5636,2.135,1.4527,0.84712
250.06,1.6454,2.2041,1.4457,0.76912
250.16,1.6956,2.3006,1.4476,0.77411
250.26,1.5966,2.3497,1.3775,0.82106
250.36,1.6445,2.3939,1.5379,0.7523
250.46,1.5903,2.2199,1.6627,0.74567
250.56,1.535,2.1207,1.7384,0.82663
250.66,1.4566,2.1381,1.8517,0.79018
250.76,1.4499,2.0593,2.0075,0.78543
250.86,1.3594,2.0269,1.9481,0.77867
250.96,1.4723,2.0822,1.8638,0.74128
251.06,1.5638,2.1524,1.8411,0.80512
251.16,1.607,2.1144,1.7704,0.77084
251.26,1.6937,2.0638,1.7095,0.79226
251.36,1.7758,2.2067,1.5515,0.74358
251.46,1.7013,2.0631,1.5084,0.76394
251.56,1.702,2.08,1.7504,0.74902
251.66,1.6192,1.9205,2.0144,0.85478
251.76,1.5268,1.8119,2.1186,0.83827
251.86,1.4202,1.8224,2.0678,0.83661
251.96,1.3955,1.6709,1.921,0.83222
252.06,1.2523,1.6619,1.9817,0.94739
252.16,1.2305,1.6291,1.9878,0.89015
252.26,1.2323,1.8147,1.8856,1.0433
252.36,1.2075,1.8336,1.8954,0.99806
252.46,1.2061,1.8966,1.8958,0.93064
252.56,1.1463,1.9136,1.8616,1.0209
252.66,1.2244,1.9754,1.9149,0.94788
252.76,1.287,1.9638,1.8593,0.95922
252.86,1.3813,2.104,1.7991,0.9461
252.96,1.3429,2.2018,1.7841,0.93234
253.06,1.3692,2.1202,1.7302,0.83777
253.16,1.369,2.0521,1.6946,0.89973
253.27,1.3383,2.0195,1.7032,0.8965
253.37,1.313,1.9071,1.7204,0.86915
253.47,1.2877,1.8203,1.6851,0.82482
253.57,1.1613,1.6993,1.7231,0.87118
253.67,1.2403,1.5746,1.7107,0.83474
253.77,1.2959,1.5745,1.7531,0.89167
253.87,1.3037,1.5703,1.7273,0.83333
253.97,1.2891,1.4283,1.7287,0.81883
254.07,1.3036,1.3781,1.6895,0.81689
254.17,1.2652,1.4032,1.8072,0.80838
254.27,1.3433,1.2632,1.8594,0.80775
254.37,1.3649,1.31,1.861,0.84675
254.47,1.3688,1.3448,1.8803,0.79368
254.57,1.418,1.3531,1.7628,0.78077
254.67,1.3817,1.4061,1.6819,0.76263
254.77,1.3927,1.3832,1.6346,0.8107
254.87,1.3427,1.3208,1.6033,0.789
254.97,1.4222,1.2651,1.6295,0.71085
255.07,1.3582,1.2116,1.6781,0.77176
255.17,1.4021,1.2578,1.7916,0.81193
255.27,1.324,1.2308,1.8916,0.81859
255.37,1.2136,1.3714,2.0963,0.8782
255.47,1.2277,1.4432,2.1577,0.99033
255.57,1.2164,1.4304,2.2109,0.93244
255.67,1.2554,1.3919,2.227,0.93981
255.77,1.2103,1.4438,2.2415,0.87985
255.87,1.2764,1.3831,2.1076,0.97115
255.97,1.2625,1.4129,2.0303,0.99497
256.07,1.3148,1.3911,2.1238,0.87778
256.17,1.405,1.3492,2.0445,0.84321
256.27,1.4725,1.4527,1.9863,0.85164
256.37,1.4076,1.4864,1.9064,0.87208
256.47,1.4955,1.4763,1.9385,0.83994
256.57,1.5028,1.4867,1.8502,0.88331
256.67,1.6044,1.4603,1.7686,0.89185
256.77,1.6101,1.4709,1.6972,0.81669
256.87,1.5764,1.4367,1.6895,0.82794
256.97,1.5224,1.4743,1.751,0.83844
257.08,1.5321,1.6255,1.7334,0.92592
257.18,1.6174,1.7393,1.7013,0.96037
257.28,1.6132,1.8377,1.7366,1.033
257.38,1.7056,1.8255,1.7144,0.9234
257.48,1.7183,1.8472,1.7071,0.92409
257.58,1.6915,1.8017,1.672,0.95748
257.68,1.6093,1.8468,1.7119,0.87578
257.78,1.715,1.773,1.7622,0.91572
257.88,1.8032,1.8561,1.6688,0.83683
257.98,1.8025,1.9374,1.5967,0.86375
258.08,1.7212,1.841,1.5706,0.87764
258.18,1.731,1.8262,1.5123,0.83185
258.28,1.7326,1.6964,1.4517,0.87344
258.38,1.7155,1.6099,1.4368,0.80964
258.48,1.641,1.5524,1.4218,0.85462
258.58,1.5965,1.4687,1.4043,0.83417
258.68,1.5636,1.4089,1.3185,0.80363
258.78,1.5789,1.2954,1.3992,0.8483
258.88,1.6273,1.2447,1.3994,0.79013
258.98,1.6725,1.2884,1.4173,0.82877
259.08,1.6042,1.2068,1.4575,0.8039
259.18,1.5132,1.3585,1.3577,0.81958
259.28,1.6339,1.4111,1.3517,0.82396
259.38,1.5507,1.5272,1.3548,0.8274
259.48,1.4643,1.5761,1.5144,0.80254
259.58,1.4341,1.5189,1.5536,0.80763
259.68,1.5015,1.7053,1.5936,0.92743
259.78,1.4407,1.7629,1.5666,0.85906
259.88,1.3333,1.863,1.7205,0.89572
259.98,1.3339,1.8116,1.7701,0.87895
260.08,1.3368,1.7754,1.7481,0.87843
260.18,1.3791,1.7816,1.7267,0.89998
260.28,1.3093,1.7227,1.7244,0.85108
260.38,1.3057,1.7221,1.6253,0.87023
260.48,1.3183,1.835,1.5125,0.86879
260.58,1.3661,1.7299,1.4758,0.88245
260.68,1.392,1.6891,1.4778,0.81253
260.78,1.3598,1.7017,1.4315,0.83312
260.89,1.4104,1.6734,1.3968,0.91828
260.99,1.5489,1.7367,1.4097,0.86189
261.09,1.5324,1.8045,1.3601,0.82614
261.19,1.5997,1.724,1.3913,0.89438
261.29,1.5609,1.6637,1.2987,0.83582
261.39,1.6377,1.562,1.4695,0.89693
261.49,1.6311,1.5942,1.4155,0.9276
261.59,1.5622,1.5461,1.4035,0.90533
261.69,1.6518,1.4921,1.3531,0.91932
261.79,1.5853,1.3696,1.3208,0.92675
261.89,1.5315,1.3548,1.387,0.94737
261.99,1.5308,1.3141,1.4585,0.92283
262.09,1.588,1.243,1.4363,0.95335
262.19,1.5866,1.2143,1.3977,0.85399
262.29,1.6056,1.256,1.4362,0.86647
262.39,1.6073,1.1675,1.5181,0.82201
262.49,1.5984,1.0948,1.5508,0.83931
262.59,1.5945,1.0672,1.565,0.85835
262.69,1.4536,1.0393,1.8703,0.91301
262.79,1.4041,1.1589,2.0457,0.96042
262.89,1.267,1.186,2.2209,1.0447
262.99,1.2062,1.1433,2.3864,1.0385
263.09,1.1637,1.2495,2.2799,1.0303
263.19,1.1916,1.4687,2.2501,1.036
263.29,1.1716,1.589,2.1561,1.0261
263.39,1.1711,1.789,2.1459,1.013
263.49,1.2434,1.9112,2.18,1.0562
263.59,1.211,1.9807,2.1414,1.0818
263.69,1.1265,1.9408,2.0778,1.0139
263.79,1.1558,2.0428,2.0807,1.0777
263.89,1.1782,2.0042,1.9612,1.0099
263.99,1.1638,1.9805,1.8978,0.97283
264.09,1.1698,1.9237,2.0598,0.99833
264.19,1.1641,1.9182,1.9966,1.0287
264.29,1.225,1.8544,1.9254,0.9553
264.39,1.1737,1.7728,1.881,0.92797
264.49,1.2511,1.7494,1.7732,0.94017
264.59,1.2839,1.6627,1.7142,0.89105
264.7,1.3422,1.6414,1.7057,0.93344
264.8,1.4383,1.5596,1.6388,0.91065
264.9,1.4094,1.4283,1.6002,0.89309
265,1.387,1.4502,1.5248,0.91007
265.1,1.413,1.366,1.4636,0.90433
265.2,1.5039,1.4261,1.5654,0.88059
265.3,1.5824,1.3842,1.6668,0.87331
265.4,1.6705,1.4271,1.7413,0.88169
265.5,1.7114,1.5037,1.6971,0.91918
265.6,1.7191,1.3552,1.7285,0.85491
265.7,1.7626,1.444,1.7005,0.9567
265.8,1.8758,1.3409,1.6919,0.87269
265.9,1.8444,1.3518,1.7481,0.88759
266,1.7474,1.3251,1.809,0.9904
266.1,1.7628,1.3904,2.0414,0.93353
266.2,1.5811,1.3832,2.0966,0.95585
266.3,1.5598,1.6245,2.022,1.0989
266.4,1.5288,1.7795,2.0904,1.1605
266.5,1.6528,1.8731,2.0877,1.2751
266.6,1.5381,1.8667,2.1274,1.2036
266.7,1.5145,1.9554,2.027,1.2097
266.8,1.5324,2.016,1.9737,1.2854
266.9,1.6448,2.1394,1.8911,1.2295
267,1.7685,2.3423,1.9338,1.1786
267.1,1.7447,2.4716,1.8829,1.1283
267.2,1.7325,2.5055,1.8215,1.112
267.3,1.8389,2.5394,1.7757,1.0308
267.4,1.8314,2.6223,1.7441,1.0724
267.5,1.7098,2.6838,2.2141,1.0215
267.6,1.7207,2.4752,2.611,1.1041
267.7,1.5407,2.4395,2.8101,1.1156
267.8,1.4718,2.3712,2.6915,1.2166
267.9,1.3726,2.573,2.6493,1.2043
268,1.2643,2.7163,2.4641,1.162
268.1,1.3735,2.7622,2.3793,1.1506
268.2,1.3849,2.6743,2.4226,1.0387
268.3,1.5114,2.6978,2.2852,1.0327
268.4,1.5347,2.6997,2.1252,1.0446
268.5,1.5743,2.6791,2.1248,1.0603
268.61,1.4843,2.5563,2.0085,0.98751
268.71,1.4935,2.5946,1.9809,0.96067
268.81,1.5645,2.5517,1.8942,0.96449
268.91,1.655,2.6091,1.904,0.92291
269.01,1.6495,2.4405,1.9846,0.98167
269.11,1.6188,2.3981,1.9789,0.94538
269.21,1.6647,2.4956,2.0347,0.95155
269.31,1.7608,2.3488,2.0819,0.96068
269.41,1.6842,2.3745,2.1191,0.97546
269.51,1.6166,2.2626,2.155,0.96799
269.61,1.5874,2.2162,2.1419,0.96464
269.71,1.4905,2.2378,2.1452,0.95064
269.81,1.5245,2.4177,2.0786,0.94116
269.91,1.4994,2.4271,2.1008,0.94736
270.01,1.441,2.3647,2.0401,1.0615
270.11,1.5364,2.4901,1.9871,1.0448
270.21,1.6195,2.6119,2.0016,1.0673
270.31,1.6971,2.6223,1.9295,0.9644
270.41,1.7744,2.6539,1.8513,0.9187
270.51,1.7126,2.5509,1.8396,0.92016
270.61,1.653,2.5815,1.9112,0.93012
270.71,1.5242,2.4206,1.8635,0.97943
270.81,1.4778,2.3883,1.8514,0.94345
270.91,1.5657,2.4835,1.7008,0.9409
271.01,1.6936,2.2835,1.8773,0.91882
271.11,1.6619,2.2733,1.8711,0.91879
271.21,1.5637,2.3344,1.8729,0.92479
271.31,1.4787,2.238,1.8902,0.93556
271.41,1.5487,2.2104,1.8835,0.90303
271.51,1.5287,2.3521,1.7714,0.88134
271.61,1.7408,2.2633,1.7891,0.87142
271.71,1.7005,2.2349,1.784,0.89488
271.81,1.737,2.2246,1.8088,0.89951
271.91,1.7384,2.29,1.7484,0.94055
272.01,1.6926,2.2838,1.6968,0.93278
272.11,1.7166,2.364,1.8397,0.89538
272.21,1.7816,2.2859,1.8967,0.92593
272.31,1.8106,2.3846,1.8822,0.90273
272.42,1.7446,2.3289,1.9384,0.90601
272.52,1.7754,2.2976,1.8179,0.90421
272.62,1.7644,2.1962,1.7326,0.84101
272.72,1.9318,2.1736,1.8325,0.84102
272.82,1.9409,2.2626,1.8372,0.84128
272.92,2.1828,2.2969,1.7791,0.83968
273.02,2.2038,2.2458,1.7219,0.82994
273.12,2.1033,2.1482,1.6746,0.80164
273.22,1.9143,2.0934,1.6246,0.86045
273.32,1.9085,2.0323,1.7006,0.80498
273.42,1.8004,2.0603,1.8672,0.85559
273.52,1.6926,1.8672,2.0262,0.8498
273.62,1.5861,1.9894,2.0139,0.88477
273.72,1.6831,2.1476,1.9416,0.89944
273.82,1.677,2.1086,1.934,0.83212
273.92,1.6241,2.1206,1.9262,0.85298
274.02,1.6021,2.0531,1.9183,0.83957
274.12,1.5467,1.997,1.9119,0.92097
274.22,1.4697,1.9144,1.9244,0.90253
274.32,1.357,1.866,1.9378,0.84365
274.42,1.3181,1.8059,1.986,0.87209
274.52,1.2443,1.8281,1.9753,0.86641
274.62,1.2523,1.9461,1.8926,0.84598
274.72,1.2974,1.9548,1.8873,0.92773
274.82,1.3385,2.0775,1.8888,0.88657
274.92,1.3661,2.0197,1.831,0.88472
275.02,1.3913,1.9337,1.8807,0.87609
275.12,1.4705,1.906,1.9089,0.84571
275.22,1.5323,1.9681,1.8453,0.86621
275.32,1.5562,1.8806,1.8365,0.84531
275.42,1.6361,1.9754,1.7766,0.85103
275.52,1.86,2.1053,1.7539,0.88085
275.62,1.8103,2.0428,1.6822,0.8233
275.72,1.8637,2.0318,1.6477,0.82123
275.82,1.7294,1.9606,1.5967,0.88689
275.92,1.896,1.8875,1.6915,0.91084
276.02,1.7255,1.8098,1.6652,0.86082
276.12,1.7063,1.7754,1.7267,0.88172
276.23,1.6899,1.7411,1.9183,0.88849
276.33,1.5496,1.6499,1.9207,0.88752
276.43,1.6213,1.7539,1.889,0.89995
276.53,1.6625,1.8081,1.9129,0.95753
276.63,1.6829,1.9429,1.8815,0.86963
276.73,1.5198,1.8785,1.8665,0.80305
276.83,1.5108,1.7545,1.8331,0.87588
276.93,1.4747,1.8783,1.7261,0.87455
277.03,1.4857,1.9168,1.698,0.83202
277.13,1.4697,2.0376,1.7423,0.81844
277.23,1.4851,2.1843,1.6054,0.87203
277.33,1.5674,2.19,1.649,0.84038
277.43,1.5434,2.3167,1.6012,0.81239
277.53,1.6202,2.3547,1.597,0.87529
277.63,1.6951,2.2859,1.5932,0.89611
277.73,1.616,2.4961,1.5289,0.79473
277.83,1.8144,2.4378,1.5626,0.80438
277.93,1.7928,2.4243,1.5661,0.89708
278.03,1.8811,2.6089,1.5425,0.88836
278.13,1.8112,2.5296,1.5221,0.9072
278.23,1.7571,2.5062,1.5273,0.87276
278.33,1.7159,2.4485,1.5017,0.75721
278.43,1.7274,2.5139,1.5233,0.82362
278.53,1.7356,2.5247,1.5093,0.81824
278.63,1.7046,2.3491,1.6797,0.82084
278.73,1.7581,2.4063,1.6375,0.83747
278.83,1.7396,2.3604,1.5954,0.86147
278.93,1.7257,2.3414,1.6259,0.78022
279.03,1.6851,2.2576,1.7958,0.83067
279.13,1.5285,2.1576,1.7661,0.89989
279.23,1.5852,2.1565,1.7701,0.83991
279.33,1.5128,2.033,1.7293,0.83878
279.43,1.3833,2.0806,1.7659,0.94761
279.53,1.4658,2.0781,1.7143,0.89981
279.63,1.4223,2.087,1.7581,0.86246
279.73,1.4651,2.2727,1.7605,0.80733
279.83,1.473,2.223,1.676,0.90872
279.93,1.5298,2.1425,1.6982,0.88421
280.04,1.5134,2.1176,1.6356,0.85957
280.14,1.4976,2.1442,1.5663,0.81844
280.24,1.6255,1.9937,1.5724,0.82394
280.34,1.6775,1.9093,1.6315,0.79069
280.44,1.7222,1.9335,1.5565,0.82465
280.54,1.5567,1.8973,1.4938,0.7618
280.64,1.5611,1.7755,1.4733,0.80199
280.74,1.5669,1.7921,1.517,0.80809
280.84,1.5919,1.7952,1.5801,0.85186
280.94,1.5855,1.7981,1.5592,0.85787
281.04,1.6742,1.8955,1.616,0.82181
281.14,1.7081,2.0822,1.5626,0.77579
281.24,1.6971,2.1945,1.6104,0.78945
281.34,1.7448,2.294,1.5554,0.78561
281.44,1.7514,2.2612,1.6528,0.86569
281.54,1.5861,2.1748,1.6122,0.85008
281.64,1.633,2.1478,1.5851,0.79849
281.74,1.6154,2.1691,1.6049,0.82685
281.84,1.6072,2.1594,1.6079,0.80904
281.94,1.6621,1.9903,1.6142,0.7919
282.04,1.5901,2.0122,1.6641,0.80603
282.14,1.5966,2.0532,1.6873,0.885
282.24,1.6135,2.0898,1.6272,0.81302
282.34,1.5364,2.0368,1.521,0.77834
282.44,1.4465,2.1187,1.573,0.86422
282.54,1.4494,2.1336,1.5275,0.82805
282.64,1.5829,2.2459,1.5098,0.8388
282.74,1.5168,2.1599,1.4763,0.76604
282.84,1.4812,2.2223,1.5014,0.78417
282.94,1.4789,2.1786,1.5463,0.74958
283.04,1.3666,2.0193,1.6385,0.79845
283.14,1.4251,1.9303,1.7178,0.81609
283.24,1.3045,1.8217,1.8219,0.79899
283.34,1.2754,1.6937,2.1025,0.77364
283.44,1.2177,1.7374,2.2312,0.74956
283.54,1.2422,1.7834,2.154,0.88376
283.64,1.2318,1.7543,2.0927,0.84003
283.74,1.2746,1.6885,2.0724,0.83722
283.85,1.3164,1.7255,1.9506,0.89777
283.95,1.2351,1.6486,1.8594,0.88443
284.05,1.2836,1.5754,1.7691,0.86176
284.15,1.3631,1.542,1.7146,0.82837
284.25,1.3592,1.4384,1.6297,0.89212
284.35,1.3393,1.4587,1.6048,0.89917
284.45,1.4963,1.3968,1.5594,0.8742
284.55,1.4562,1.3674,1.4644,0.84687
284.65,1.5319,1.3289,1.489,0.78092
284.75,1.6831,1.4678,1.5552,0.82986
284.85,1.6988,1.4793,1.581,0.77723
284.95,1.7031,1.4501,1.5838,0.8059
285.05,1.6929,1.518,1.5016,0.8348
285.15,1.9005,1.6267,1.4865,0.8134
285.25,1.8711,1.8794,1.4442,0.82448
285.35,1.8928,1.9174,1.5446,0.82529
285.45,1.8463,1.8344,1.6816,0.94853
285.55,1.738,1.7951,1.7949,0.93659
285.65,1.5858,1.8484,1.705,0.97785
285.75,1.4634,1.9144,1.7802,1.0966
285.85,1.4613,1.9856,1.7627,1.0837
285.95,1.4528,1.971,1.6924,1.1472
286.05,1.3527,1.937,1.7301,1.126
286.15,1.3515,1.8711,1.6767,1.067
286.25,1.4554,1.7884,1.7509,1.0543
286.35,1.4535,1.8066,1.8054,1.0407
286.45,1.4304,1.7735,1.8434,1.0046
286.55,1.4714,1.7901,1.7337,1.0161
286.65,1.522,1.8196,1.7317,0.9817
286.75,1.4388,1.9153,1.6957,0.93471
286.85,1.4795,1.9443,1.6588,0.9678
286.95,1.4828,1.9485,1.7586,0.97272
287.05,1.4791,1.9553,1.9008,0.96971
287.15,1.35,1.919,2.0895,0.99944
287.25,1.2698,1.988,2.0543,0.9928
287.35,1.3067,2.187,1.9913,1.0442
287.45,1.3819,2.1612,2.0021,0.97404
287.55,1.4097,2.112,1.9736,0.96995
287.65,1.502,2.0167,1.8913,0.95677
287.76,1.3948,2.0578,1.8545,0.94081
287.86,1.5326,1.9892,1.7029,0.86877
287.96,1.4959,1.9507,1.8321,0.90845
288.06,1.5304,1.9517,1.8373,0.90818
288.16,1.4631,1.8871,1.7633,0.94588
288.26,1.4649,2.0555,1.7118,0.88975
288.36,1.5014,2.2573,1.7105,0.93945
288.46,1.3864,2.1179,1.8205,0.93152
288.56,1.4201,2.158,1.8719,0.99324
288.66,1.3432,2.1045,1.8233,0.92528
288.76,1.306,2.0387,1.8967,0.89279
288.86,1.3392,2.0014,1.9065,0.91454
288.96,1.3589,1.9478,1.8545,0.9252
289.06,1.4808,1.9951,1.7373,0.85834
289.16,1.5742,2.1696,1.6879,0.84557
289.26,1.5518,2.1359,1.7976,0.88336
289.36,1.5656,2.1871,1.8127,0.90723
289.46,1.5456,2.1304,1.9498,0.93659
289.56,1.4982,1.9397,2.0063,0.90359
289.66,1.4914,1.9961,2.0554,0.92442
289.76,1.4899,1.9637,2.1328,0.93927
289.86,1.5234,1.8858,2.1949,0.91162
289.96,1.5136,1.8413,2.1295,0.95726
290.06,1.6027,1.8894,2.0507,0.93086
290.16,1.7232,2.0542,2.0569,0.914
290.26,1.7169,1.9848,2.0029,0.94743
290.36,1.6841,2.0771,1.9236,0.92071
290.46,1.5512,1.9874,2.0695,0.90899
290.56,1.6528,2.0642,2.0323,0.93986
290.66,1.6329,2.157,2.0221,0.94249
290.76,1.5797,2.1596,2.0155,0.89918
290.86,1.4968,2.0709,2.1221,0.91854
290.96,1.4285,2.1386,2.0463,0.90962
291.06,1.485,2.2029,2.0539,0.93743
291.16,1.4561,2.1889,1.9298,0.92817
291.26,1.5383,2.23,1.8744,0.91855
291.36,1.5,2.361,1.8709,0.95456
291.46,1.5284,2.3924,1.8215,0.93978
291.57,1.5022,2.4611,1.7802,0.8892
291.67,1.4787,2.3811,1.7249,0.87814
291.77,1.4832,2.3998,1.737,0.86254
291.87,1.4956,2.4606,1.6138,0.83704
291.97,1.4148,2.5832,1.5533,0.81808
292.07,1.4476,2.4691,1.5326,0.81915
292.17,1.3477,2.4477,1.5165,0.84775
292.27,1.3654,2.3733,1.5343,0.82635
292.37,1.3697,2.3073,1.6009,0.79054
292.47,1.5185,2.3386,1.5714,0.79373
292.57,1.6245,2.3483,1.6718,0.90742
292.67,1.6617,2.423,1.6059,0.8516
292.77,1.6595,2.287,1.5963,0.92895
292.87,1.6508,2.3428,1.6311,0.9014
292.97,1.5804,2.3799,1.7553,0.99421
293.07,1.5439,2.3654,1.7864,0.92174
293.17,1.5883,2.3768,1.7251,1.1017
293.27,1.5539,2.3407,1.8727,1.1579
293.37,1.4594,2.2931,1.9557,1.0815
293.47,1.4399,2.2602,1.9468,1.0647
293.57,1.4201,2.3176,1.9094,1.088
293.67,1.4375,2.2078,1.9134,1.0744
293.77,1.4334,2.2398,1.8715,0.99787
293.87,1.3583,2.3087,1.808,0.98878
293.97,1.4322,2.3316,1.7953,0.90609
294.07,1.4682,2.5104,1.7523,0.97539
294.17,1.5775,2.551,1.7104,0.97961
294.27,1.6175,2.6359,1.6129,0.93653
294.37,1.6714,2.6639,1.573,0.9644
294.47,1.6975,2.6127,1.4881,0.99125
294.57,1.6689,2.4759,1.4829,0.98672
294.67,1.5769,2.3507,1.4385,1.0258
294.77,1.553,2.3068,1.5393,0.98038
294.87,1.5971,2.2753,1.5077,0.97
294.97,1.5815,2.3476,1.5006,0.99983
295.07,1.5374,2.235,1.7893,1.0757
295.17,1.5416,2.3352,1.7716,1.0773
295.27,1.5332,2.3092,1.8291,1.0873
295.38,1.5553,2.3329,1.832,1.084
295.48,1.5623,2.4009,1.7759,1.0306
295.58,1.5408,2.4452,1.7037,1.0678
295.68,1.5951,2.4217,1.7128,1.1012
295.78,1.564,2.527,1.704,1.0059
295.88,1.5664,2.5961,1.6242,1.0521
295.98,1.6693,2.6882,1.6988,0.95093
296.08,1.6232,2.6131,1.6697,1.0058
296.18,1.6474,2.6157,1.6639,0.93694
296.28,1.7595,2.8212,1.6572,0.92397
296.38,1.7863,2.6868,1.6027,0.92033
296.48,1.8318,2.6161,1.6394,0.92745
296.58,1.8,2.6623,1.6202,0.88208
296.68,1.8615,2.6476,1.6719,0.88339
296.78,1.8746,2.6133,1.6221,0.88571
296.88,1.9588,2.5488,1.5915,0.87518
296.98,1.8943,2.4449,1.539,0.91023
297.08,1.9319,2.4427,1.5248,0.89746
297.18,1.9169,2.4186,1.5233,0.86496
297.28,1.9078,2.3858,1.5747,0.93296
297.38,1.879,2.3212,1.5588,0.90917
297.48,1.9209,2.3447,1.5349,0.83017
297.58,2.0408,2.3484,1.5255,0.82408
297.68,2.1105,2.3808,1.5119,0.85761
297.78,2.0436,2.3779,1.618,0.86804
297.88,2.1396,2.2655,1.5844,0.84334
297.98,2.1018,2.246,1.5738,0.89386
298.08,1.9554,2.288,1.5175,0.85906
298.18,1.923,2.1345,1.6777,0.8408
298.28,1.9061,2.0904,1.7519,0.88327
298.38,1.9053,2.15,1.7609,0.89939
298.48,2.027,2.2667,1.6741,0.89692
298.58,2.0126,2.2972,1.6925,0.85955
298.68,2.1129,2.3667,1.6116,0.85888
298.78,2.0181,2.3041,1.6361,0.83017
298.88,1.9953,2.2335,1.6931,0.88535
298.98,1.8838,2.2117,1.7824,0.85987
299.08,1.9269,2.2019,1.7512,0.86408
299.19,1.8438,2.1203,1.7274,0.83157
299.29,1.7946,2.0069,1.7069,0.86631
299.39,1.8005,2.0981,1.6665,0.85059
299.49,1.8836,2.1503,1.6827,0.86271
299.59,1.8779,2.1609,1.5941,0.8845
299.69,1.8268,2.0743,1.779,0.87531
299.79,1.7213,2.0076,1.8871,0.83159
299.89,1.5862,1.8757,1.9981,0.86546
299.99,1.6077,2.0891,1.9273,0.89361
300.09,1.5664,2.0589,1.8428,0.83063
300.19,1.5299,2.1761,1.7825,0.88575
300.29,1.5321,2.1358,1.8385,0.90235
300.39,1.4486,2.0745,1.7804,0.83514
300.49,1.486,2.031,1.7167,0.81635
300.59,1.5035,2.0752,1.7138,0.88818
300.69,1.644,2.0991,1.7355,0.86508
300.79,1.7869,2.3876,1.6867,0.83771
300.89,1.6792,2.3044,1.7486,0.86504
300.99,1.6326,2.3213,1.9209,0.90331
301.09,1.5474,2.1829,1.9767,0.90294
301.19,1.4826,2.0859,1.9219,0.94092
301.29,1.3243,2.056,1.9163,0.94098
301.39,1.242,1.889,2.0882,0.93093
301.49,1.1887,1.8636,2.0946,1.1209
301.59,1.242,1.975,2.0621,1.145
301.69,1.1747,1.9573,2.1483,1.1112
301.99,1.2005,2.2053,3.3826,1.0539
302.09,1.2155,2.2148,3.7748,1.1246
302.19,1.102,2.2482,3.8227,1.0827
302.29,1.0724,2.2971,3.6926,1.1922
302.39,1.0734,2.5567,3.6585,1.1802
302.49,1.1518,2.6761,3.6254,1.1782
302.59,1.1406,2.601,3.4896,1.163
302.69,1.2001,2.611,3.3877,1.1061
302.79,1.1993,2.5269,3.1712,1.0998
302.89,1.2387,2.4802,3.0574,1.0478
