,-10.0,-9.9,-9.8,-9.700000000000001,-9.600000000000001,-9.500000000000002,-9.400000000000002,-9.300000000000002,-9.200000000000003,-9.100000000000003,-9.000000000000004,-8.900000000000004,-8.800000000000004,-8.700000000000005,-8.600000000000005,-8.500000000000005,-8.400000000000006,-8.300000000000006,-8.200000000000006,-8.100000000000007,-8.000000000000007,-7.9000000000000075,-7.800000000000008,-7.700000000000008,-7.6000000000000085,-7.500000000000009,-7.400000000000009,-7.30000000000001,-7.20000000000001,-7.10000000000001,-7.000000000000011,-6.900000000000011,-6.800000000000011,-6.700000000000012,-6.600000000000012,-6.500000000000012,-6.400000000000013,-6.300000000000013,-6.2000000000000135,-6.100000000000014,-6.000000000000014,-5.900000000000015,-5.800000000000015,-5.700000000000015,-5.600000000000016,-5.500000000000016,-5.400000000000016,-5.300000000000017,-5.200000000000017,-5.100000000000017,-5.000000000000018,-4.900000000000018,-4.8000000000000185,-4.700000000000019,-4.600000000000019,-4.5000000000000195,-4.40000000000002,-4.30000000000002,-4.200000000000021,-4.100000000000021,-4.000000000000021,-3.9000000000000217,-3.800000000000022,-3.7000000000000224,-3.6000000000000227,-3.500000000000023,-3.4000000000000234,-3.300000000000024,-3.200000000000024,-3.1000000000000245,-3.000000000000025,-2.9000000000000252,-2.8000000000000256,-2.700000000000026,-2.6000000000000263,-2.5000000000000266,-2.400000000000027,-2.3000000000000274,-2.2000000000000277,-2.100000000000028,-2.0000000000000284,-1.9000000000000288,-1.8000000000000291,-1.7000000000000295,-1.6000000000000298,-1.5000000000000302,-1.4000000000000306,-1.300000000000031,-1.2000000000000313,-1.1000000000000316,-1.000000000000032,-0.9000000000000323,-0.8000000000000327,-0.700000000000033,-0.6000000000000334,-0.5000000000000338,-0.4000000000000341,-0.30000000000003446,-0.20000000000003482,-0.10000000000003517,-3.552713678800501e-14,0.09999999999996412,0.19999999999996376,0.2999999999999634,0.39999999999996305,0.4999999999999627,0.5999999999999623,0.699999999999962,0.7999999999999616,0.8999999999999613,0.9999999999999609,1.0999999999999606,1.1999999999999602,1.2999999999999599,1.3999999999999595,1.4999999999999591,1.5999999999999588,1.6999999999999584,1.799999999999958,1.8999999999999577,1.9999999999999574,2.099999999999957,2.1999999999999567,2.2999999999999563,2.399999999999956,2.4999999999999556,2.5999999999999552,2.699999999999955,2.7999999999999545,2.899999999999954,2.999999999999954,3.0999999999999535,3.199999999999953,3.2999999999999527,3.3999999999999524,3.499999999999952,3.5999999999999517,3.6999999999999513,3.799999999999951,3.8999999999999506,3.9999999999999503,4.09999999999995,4.1999999999999496,4.299999999999949,4.399999999999949,4.4999999999999485,4.599999999999948,4.699999999999948,4.799999999999947,4.899999999999947,4.999999999999947,5.099999999999946,5.199999999999946,5.299999999999946,5.399999999999945,5.499999999999945,5.599999999999945,5.699999999999944,5.799999999999944,5.8999999999999435,5.999999999999943,6.099999999999945,6.1999999999999424,6.29999999999994,6.399999999999942,6.499999999999943,6.599999999999941,6.699999999999939,6.79999999999994,6.899999999999942,6.99999999999994,7.0999999999999375,7.199999999999939,7.29999999999994,7.399999999999938,7.499999999999936,7.5999999999999375,7.699999999999939,7.799999999999937,7.899999999999935,7.999999999999936,8.099999999999937,8.199999999999935,8.299999999999933,8.399999999999935,8.499999999999936,8.599999999999934,8.699999999999932,8.799999999999933,8.899999999999935,8.999999999999932,9.09999999999993,9.199999999999932,9.299999999999933,9.399999999999931,9.499999999999929,9.59999999999993,9.699999999999932,9.79999999999993,9.899999999999928,9.999999999999929,10.09999999999993,10.199999999999928,10.299999999999926,10.399999999999928,10.499999999999929,10.599999999999927,10.699999999999925,10.799999999999926,10.899999999999928,10.999999999999925,11.099999999999923,11.199999999999925,11.299999999999926,11.399999999999924,11.499999999999922,11.599999999999923,11.699999999999925,11.799999999999923,11.89999999999992,11.999999999999922,12.099999999999923,12.199999999999921,12.299999999999919,12.39999999999992,12.499999999999922,12.59999999999992,12.699999999999918,12.799999999999919,12.89999999999992,12.999999999999918,13.099999999999916,13.199999999999918,13.299999999999919,13.399999999999917,13.499999999999915,13.599999999999916,13.699999999999918,13.799999999999915,13.899999999999913,13.999999999999915,14.099999999999916,14.199999999999914,14.299999999999912,14.399999999999913,14.499999999999915,14.599999999999913,14.69999999999991,14.799999999999912,14.899999999999913,14.999999999999911,15.099999999999909,15.19999999999991,15.299999999999912,15.39999999999991,15.499999999999908,15.599999999999909,15.69999999999991,15.799999999999908,15.899999999999906,15.999999999999908,16.09999999999991,16.199999999999907,16.299999999999905,16.399999999999906,16.499999999999908,16.599999999999905,16.699999999999903,16.799999999999905,16.899999999999906,16.999999999999904,17.099999999999902,17.199999999999903,17.299999999999905,17.399999999999903,17.4999999999999,17.599999999999902,17.699999999999903,17.7999999999999,17.8999999999999,17.9999999999999,18.099999999999902,18.1999999999999,18.299999999999898,18.3999999999999,18.4999999999999,18.5999999999999,18.699999999999896,18.799999999999898,18.8999999999999,18.999999999999897,19.099999999999895,19.199999999999896,19.299999999999898,19.399999999999896,19.499999999999893,19.599999999999895,19.699999999999896,19.799999999999894,19.899999999999892
-10.0,0.0,5.225419372046841e-142,7.477136533766774e-98,5.964269386469903e-74,8.178086574794652e-60,1.7978733913281768e-48,5.342295725587783e-40,2.19122312510103e-36,8.20131199631063e-34,9.069401701684024e-30,5.081341979366693e-26,3.582659173420354e-23,1.796570487981198e-20,6.967260716484055e-21,2.2259426811108566e-20,3.181815214433351e-19,8.564953900801885e-16,1.4174292391964855e-14,1.164525357475885e-13,1.9913222165810827e-12,1.4086769422252538e-12,5.744299448911491e-12,4.706037568248743e-09,3.502552394877058e-09,6.195197034810632e-07,1.6968937916261302e-06,6.97152575084119e-07,1.7149828869485403e-07,3.966155750803495e-06,1.1361578089351794e-05,6.499005825738202e-05,0.0009091540259974292,0.028698226739554685,0.11370422823787743,0.2003983254774019,0.6265204990474511,0.8016265467540641,0.8245403453230221,0.6614367347117697,0.8961352251441902,0.9836372640080795,0.8137221583279477,0.9149883874957855,0.671503366207057,0.4364849730718653,0.1752000350204486,0.07501756248204325,0.042812080488133765,0.02338199973692443,0.016675217523921596,0.01146673852273325,0.006444308265912256,0.02247678185369977,0.024017208880240434,0.03792304082522142,0.036971025011328144,0.037843215781049995,0.009934359664244823,0.009136714694715725,0.020296698429752024,0.022597431760328905,0.0282685393709568,0.030975588726991226,0.02301854609746973,0.04270753306270393,0.06344463457869841,0.11724529735396028,0.28251940868062553,0.4763033357079621,0.520642385540647,0.46255927589805756,0.682456799988147,0.6447610194774389,0.8399632181680898,0.8331334936819798,0.5894079814036585,0.6605741088046682,0.6669287146587567,0.7390573063566035,0.7524521388388917,0.9462689214171746,0.6282138354703476,0.38248560684499505,0.5364046293796825,0.5921625270859956,0.5479467265242793,0.4250667774574081,0.4239702815452386,0.5373528157909747,0.56513742623545,0.5628279641212414,0.4121959578208861,0.23100826026510565,0.21685234585508348,0.08716121260106921,0.033525302800734305,0.008094671628092793,0.003258997904771732,0.0037529854895835047,0.007617077480066319,0.012160805380623599,0.004020386593462144,0.006381549454793321,0.0030008235220054117,0.0009440557673185558,0.00219853828706494,0.005869512613039228,0.00797635903055406,0.004847743450049742,0.01183730355952892,0.007049624562457713,0.006175541616983082,0.004858078915462275,0.0002588478167643252,0.00019913181747547443,0.00038211746915808707,0.0008866097691498464,0.0007684262012999516,0.0004023133408696932,0.0004737747550468568,0.0003324788899912767,0.00028600238025692495,0.00046147053012646205,0.001236175610893372,0.0019211116977620164,0.0009095906259163842,7.786669953021067e-05,0.000159830781834475,0.00021826384710634336,0.0005401881642158546,0.001909100131611589,0.0008594379033897316,0.0005103289293703664,0.0014553432198244204,0.002142418938648078,0.0010581015459940931,0.003375837630717622,0.0075958063023305305,0.012671970864275716,0.014807716664395473,0.09222763746936705,0.12058605191589299,0.06768807965720429,0.03962829687729529,0.100844225293102,0.052781096620876,0.026334072273696944,0.10640147333177888,0.23207886067789715,0.1457049426863344,0.2425618748063319,0.4716653417298692,0.959220932931417,0.8727537827290585,0.7880468382320226,0.9999810782642863,0.8993869651847575,0.9435720029949508,0.9467406012859952,0.7294533660856672,0.6175193844971008,0.7961577374727744,0.8448195746608584,0.9926584646611014,0.7424811014390384,0.3612657340351649,0.21158851011908,0.11625681081076814,0.15595822688125857,0.08703255113638879,0.04892500175762142,0.08975397399450516,0.22153454999136188,0.2960117265149791,0.3501181354679834,0.18868633021868236,0.44782921532140024,0.4478801826542641,0.24202471145643664,0.20318048083105844,0.4492350916917431,0.5347972000612472,0.9968512297039112,0.9629472200191594,0.6744146094276097,0.8468738895166825,0.7961630289571443,0.8241637755599476,0.8961209251234009,0.8051462568101481,0.9957565020495486,0.5823318741962912,0.6289497181385677,0.4504246997094496,0.4178163538395921,0.38133964823744726,0.3499423873195886,0.3878676862042239,0.46194601881381875,0.48197984740736755,0.8751256219682323,0.4753590775216251,0.3072660695351096,0.23389860169792892,0.10774104950258677,0.14127368431431425,0.047384370375793176,0.039333440414288386,0.10428141085677223,0.033210467163833,0.034884260005138064,0.10168812054551504,0.07770651339351335,0.09395828198926467,0.02048663572063342,0.0407418065267539,0.02985766542864354,0.021893341525996275,0.04145196040741148,0.0242661228979649,0.008965699050367653,0.01746074453485785,0.06740162160255916,0.054646022100475186,0.15990967098661546,0.15641001292120993,0.2877744394811246,0.6275435384529591,0.6411429188589173,0.9680892447260288,0.6235209959482167,0.7227324108560746,0.702021738355455,0.4081957434079384,0.3885082376100538,0.1343491852853203,0.29179243020828227,0.2605937988161306,0.39025764377758915,0.3598063078006795,0.264630854896235,0.46631834746757783,0.2735138450542664,0.25684780798734036,0.28747623728047617,0.40067618810858247,0.4111447715525868,0.5556761423383264,0.9096735132422208,0.7637086081101289,0.4719480624049038,0.635891389975691,0.8319864681115028,0.8673965800482237,0.8082702500450581,0.4096858506651421,0.5564299983321435,0.4658145929957009,0.81543256706669,0.9512839776669989,0.8829704441946352,0.8870951619482643,0.9493445122161881,0.7834034530620811,0.7428062423442148,0.7196486538484383,0.8584273840103693,0.35336612239582743,0.6460713811241967,0.2301109207742676,0.11023825848991389,0.3335777729960935,0.21294202486965821,0.7903159778962866,0.5972007041191785,0.9703611055309305,0.9438937325052893,0.8949853953548065,0.7049093649338867,0.9823275773196991,0.9348034614023577,0.995797893503945,0.8037015391366213,0.9221928195457589,0.2908773824588322,0.21247696530492505,0.24965279310042238,0.1488325093871378,0.3681672228821884,0.136286365451453,0.051594269091281814,0.05901640801366997,0.1437200915703856,0.4610422054569152,0.31723272112110273,0.5755519045156219,0.8798893921918456,0.8935514453718176,0.7043935535473158,0.8704117146753997
-9.9,5.225419372046841e-142,0.0,1.8265192881527234e-142,1.1572427243616564e-98,3.982488255827949e-77,2.0650745239729575e-56,4.0491120444875584e-46,4.2982381865869214e-41,2.933768798512845e-37,9.156854631173778e-34,2.1955665229212958e-29,4.2251632888953155e-26,4.8961702461422103e-23,7.81391360522441e-23,4.0219112949351847e-22,4.301259308350674e-20,4.333570906878758e-17,9.063460070184956e-16,6.235547911267792e-15,1.1576740897179965e-13,3.3811489943057835e-13,3.3530729761251644e-12,3.599556609961588e-09,5.731949633606314e-09,6.795397492570901e-07,2.194863923750823e-06,2.080784522803888e-06,1.2898096130169446e-06,2.6287966643377838e-05,3.513072097150507e-05,0.00011566777108173833,0.0009949264371588102,0.02600540115503581,0.08360155208417627,0.17973590921389182,0.5597752584233163,0.912489988237685,0.5792768842415827,0.45574701951702823,0.7854236508783389,0.9116891903269043,0.8797149794480138,0.9487615349259741,0.6961302164332213,0.4566541419345415,0.17889906769621208,0.1212821656447251,0.06783257095132318,0.04458320654739842,0.020447378945412487,0.010713131104065377,0.004758841476191055,0.012920094379415548,0.014499612948744007,0.020651580368381727,0.022758564940258207,0.018761735396673408,0.003551582141328617,0.007998309785808937,0.016045316488362566,0.012235886573834565,0.016345342470944366,0.018603093476608875,0.01881793953728596,0.029845366871914848,0.03300399010763289,0.08730222411678952,0.22744642789640407,0.44348804354923593,0.4811794656960226,0.3425214189510287,0.5457029659050531,0.6743799495383143,0.8594848474354467,0.8914012977207809,0.641612789099764,0.6688493451073529,0.8138055303594313,0.9009583457738778,0.9422942543888697,0.8019388346269867,0.9411638088446295,0.6573893562235248,0.7974148763457921,0.7767879261256947,0.6628246460028548,0.7112915177553544,0.5805196760762232,0.7202164201651705,0.5602998045153316,0.5635747308160169,0.3311961466160843,0.1735228183832419,0.22552030126417075,0.06918790737985256,0.03169082990356333,0.007154623555248437,0.0031132192962072527,0.0023439285477527974,0.0046464110733189555,0.005502043053790807,0.001157909797631624,0.002307968161472726,0.0008176066108722191,0.00038633514567488705,0.0006584422893716283,0.0027550795099707923,0.004757357612867272,0.0025882220064319793,0.007763197717785305,0.0032401897778891594,0.0016203231724158545,0.0020153884414142575,0.00010845376308349505,8.08052381776107e-05,0.00016427778244646366,0.0004613725243776179,0.0007015507060011935,6.699210947597626e-05,8.528954533467232e-05,7.7415548455792e-05,1.8153807942798755e-05,6.508139979676951e-05,8.642247088524336e-05,0.00016152685847861082,0.00026432794472187025,2.8594503054344745e-06,8.476305515972123e-06,8.271085967897e-06,1.6211240844856616e-05,0.00016454585636019087,8.52992027411335e-05,4.2226192183930166e-05,0.0001589869386502643,0.0004325996095684584,0.00019150057451213756,0.0012578210911998533,0.0029213919255420286,0.007616426546670152,0.0074873784180483575,0.04638734013222791,0.05667397274272295,0.03512247097215622,0.022092066295757978,0.038681487603100036,0.02294971801614797,0.008672439521892878,0.03580984126780853,0.07224328351443553,0.048854600561576436,0.11460891300626265,0.23879326753033484,0.772313493567681,0.8548990836351599,0.9428704576239154,0.8138744326396797,0.6625378898602035,0.7771923998207018,0.6308225928608567,0.45032592917408415,0.33862072711463775,0.5019488922758508,0.5597586894067905,0.7763507892132144,0.9650711308014198,0.46254808920115187,0.31060013252251617,0.21074036363864837,0.274339939919051,0.14834931684339187,0.09228246682262803,0.19305516713039855,0.4557131139433291,0.66409964479398,0.6835282741303905,0.32747861354419944,0.6116630567172161,0.5428493192552362,0.3711139783560194,0.2856817460618357,0.520900670918686,0.5993576457100523,0.9849384622827817,0.9884114964570458,0.6569728852428135,0.8832481183950234,0.8795422622400175,0.9856982118813106,0.772775279677718,0.6748861008737149,0.9014169268099671,0.748988207718452,0.8228354564618903,0.7059294353949397,0.5159618219052747,0.36952257192394966,0.32150000811947105,0.32593997267645985,0.3523750229914689,0.42646574290976935,0.8480936059471033,0.5134727455157758,0.3209194396957511,0.30068553674754256,0.11612753922801011,0.09221394177489403,0.02100935473351572,0.01874230417188006,0.042152311879611486,0.012658538571457607,0.0250826753204934,0.09048117331311406,0.08600249564877166,0.08945612696890277,0.027419407140050586,0.05705633603928858,0.04948355954744973,0.0474200448117767,0.09102692831838936,0.06412053629974514,0.03732234219225604,0.046665769190412244,0.14268697568680572,0.1283655679004295,0.30767484793938543,0.2761285718039211,0.41504225280399965,0.92091755471162,0.9346990398965827,0.627312401690314,0.3200624032379678,0.3442143445568054,0.4730203091247614,0.22139170122132185,0.18514181283201772,0.0535156355177721,0.12031676333147057,0.15639307652231788,0.2189222360029454,0.29427801640763446,0.27475392872955656,0.42771360987448104,0.29399228436109287,0.22556610419936893,0.2786609701360479,0.4819945070685459,0.4543360308831772,0.5774216611651627,0.9147846551980242,0.7545671578782288,0.5486757646539587,0.5244463070196713,0.6454021403968958,0.9742628779546922,0.6553013226737566,0.37620225114662315,0.41928193523758833,0.26730661367653363,0.5459761204390083,0.3744440891961402,0.3044194816493033,0.4600321775946716,0.31223697274063594,0.2550839393266022,0.22013103614062166,0.40306219135081134,0.6493645174323587,0.6716406475152069,0.9484948152659187,0.5389261099197414,0.28281368030125054,0.6941561152934861,0.41423581865856846,0.9241440359249494,0.9028805205105336,0.726851202716988,0.6885423516060288,0.5732585589005822,0.5057869595754714,0.8363422833955285,0.8283823524535686,0.9510633195334764,0.6961243994344826,0.9956776926152385,0.2200026799136427,0.1901453721792607,0.2363316565241825,0.15698571682451978,0.3726119040880471,0.17486727447462388,0.07332364233664145,0.09877258171108991,0.20572400083097037,0.5942595630056776,0.39159502275547525,0.7880473490000307,0.9262349500556836,0.6677533472903033,0.4485738888088791,0.7813038816905985
-9.8,7.477136533766774e-98,1.8265192881527234e-142,0.0,1.231069658024091e-140,1.9001545735065412e-102,1.7092452693646117e-72,5.348136725543653e-56,7.944475640759451e-49,5.3033575152349405e-43,1.4334337266639482e-38,3.7693949429510487e-33,2.386533759220294e-29,4.673748221556144e-26,1.3579363755107552e-25,5.252353287311771e-25,1.7909697923119326e-22,2.2478876611901824e-19,1.2706368898432861e-17,1.9268770839206494e-16,3.4504245155899462e-15,2.3064290125368305e-14,4.4282464115284673e-13,3.029248211580315e-10,9.50457544674532e-10,5.8234368226447226e-08,2.4432942757620475e-07,2.834236192881552e-07,2.8757224392517926e-07,1.532761623323653e-05,2.6886008749840906e-05,0.00012099503198637491,0.0008172569570190803,0.020742295292874764,0.07019055440403663,0.15024804803089242,0.6256192228912916,0.9273713237573847,0.6014456705352771,0.4584952209917647,0.8425998823764341,0.9158299836691615,0.8298783850150844,0.9851125547564579,0.7301054258246088,0.4957807612281989,0.22051117698038794,0.15915061942290185,0.11439221129347903,0.08972741985822748,0.034982764744428296,0.01843450019825441,0.007286833478791882,0.01783916581960758,0.02057791837887788,0.02822136179883652,0.02994512457776277,0.025378110848855245,0.004798550194251513,0.010063669935483518,0.011025706879709971,0.005103809998241644,0.0061441494066213145,0.004889618569206555,0.009453782773203962,0.010174657905799116,0.016030289841219708,0.05756272599600292,0.12896517303894764,0.3518851729260083,0.3849136819055745,0.2908413219287356,0.5078467630498076,0.5710070428280087,0.715735952306828,0.6457674123750375,0.47660826207497264,0.4730568638168633,0.6888022694528442,0.7890060090129579,0.9346814155081852,0.895406394537878,0.7819539848388427,0.47571111438811214,0.6188008789538825,0.7112604223147283,0.6187239216883965,0.6644489071324055,0.6396577487676836,0.8026191028300795,0.7168420518932594,0.6867283240179178,0.44568476995995,0.21177930943536355,0.2569161742799978,0.0737270432945554,0.03795729509821239,0.014061555757005793,0.006548375551985036,0.004020205105790225,0.006106451217393334,0.009420547900596982,0.0019018231126182567,0.0022936913828693842,0.0009958219670904106,0.00033664333042388787,0.0006586586593551508,0.0038186689462500136,0.004463218842807604,0.006840219663443956,0.010129614140758775,0.005186598578455632,0.002665688253674776,0.004881009504844916,0.00032285953546779336,0.00031256196194222747,0.0005759695417506828,0.001283962594016062,0.0016540764314545927,0.00020472414021809564,0.00015838759815888154,0.0001399287316571849,2.9515082548224855e-05,4.997779278882338e-05,8.756464848895468e-05,0.00010383941434573622,0.00023003073491833977,2.8834490198424952e-06,7.775528150349051e-06,8.898936542784697e-06,1.6510887952421704e-05,0.00014049232276052434,8.937384921622088e-05,2.7675755947832223e-05,0.00015297193404557535,0.00044315068069682503,0.00014690494711140826,0.0017764181309619716,0.0030389761256018736,0.008414654695875589,0.013522527563564311,0.06950449838590489,0.07613563133893647,0.04828788494692014,0.038509985280162674,0.05574849760852769,0.035287234147141966,0.014534850916811906,0.05072088692754792,0.09311119719454401,0.053484900208248455,0.10435863464762903,0.20361034237388578,0.6340076658242414,0.6629134190804701,0.74627520070123,0.6604917736206247,0.6193692474029242,0.7176492356170373,0.664987673087939,0.492707852192121,0.32977645399809274,0.504287555869451,0.49222643824300844,0.6426738046590896,0.9451419775565438,0.5880980900556602,0.390160867860733,0.3103732987448803,0.43182537068230015,0.24663700147473602,0.15688362773444842,0.3183022567324765,0.6524283257217691,0.8828920221059389,0.8904272067267647,0.5659455865125911,0.8787560411708131,0.8121459679939729,0.5981447587420518,0.4893895832941109,0.8685362133515063,0.902460066796282,0.6584880015115225,0.5611757350084906,0.8736812679962829,0.6840690493795905,0.6440061449168271,0.555590423891187,0.41157076722074126,0.3637974119096454,0.5200371923295439,0.4910269583793003,0.5573498956873271,0.519514175315697,0.31994766792646795,0.22951793553729746,0.23644368197258153,0.22211828535726671,0.25259772266838504,0.3222063575230143,0.7062519326826133,0.40996699788468216,0.26346952693280457,0.2482780875577859,0.09569500170349231,0.07114567855180254,0.014173239544513688,0.01193115811661911,0.03553153135351726,0.011030274689764048,0.021488155445552406,0.08202284854248545,0.09238145382027951,0.0981830722848086,0.03497971158651044,0.06391080766002995,0.06507410954802989,0.054986900990711726,0.12068103155414966,0.09969973674435266,0.07584390635941382,0.0883357882466533,0.231270217342365,0.20597789393169608,0.48173855823528616,0.4094865211184313,0.5289580787169582,0.9736728880482673,0.8030538275043876,0.5432714026593113,0.31922819262543906,0.347816720472263,0.5017897007899018,0.24712725697411433,0.23414858525694882,0.08234564350643309,0.15845342239603144,0.20261814473112527,0.27283140618173074,0.36996676441947923,0.38013339979660316,0.5671929209598598,0.41451848273490316,0.39632314070773567,0.4195626895513853,0.6972012339448292,0.741800885818134,0.9571498916829114,0.7000884881547863,0.9805751254893673,0.7605649853915071,0.7861921709821809,0.8488571444001292,0.8004438459910397,0.7909468123577376,0.42732650246137854,0.48713904906957606,0.3193669597947708,0.4718989139203442,0.3171250178736447,0.296056233337949,0.359426319923813,0.22003081802261856,0.18420847080088085,0.14935573821907963,0.2837330556180419,0.5205903397678865,0.8117600015683661,0.8604633945969902,0.6825790138013103,0.4149024689770008,0.7868922370903967,0.5833290095964881,0.7648861497094587,0.8455075996560036,0.47847779325161943,0.43399363574816746,0.40667597034597347,0.3825349011817891,0.6565648091678024,0.6386524360023194,0.8898129085241847,0.8285598797595148,0.8669719251161384,0.30929655172285275,0.2408035376539034,0.28067103097482243,0.2121952919194346,0.4293806555164451,0.21951709038391523,0.08212604816218312,0.10200263947086993,0.16288175390133008,0.4656725408423794,0.26124902718038,0.621730757114049,0.7298406592639967,0.9878094991253574,0.7066955509142125,0.8941781740958282
-9.700000000000001,5.964269386469903e-74,1.1572427243616564e-98,1.231069658024091e-140,0.0,1.2717005612543233e-147,1.4682536823814654e-95,7.590566913863897e-72,1.3010813558273728e-62,3.396466127813876e-55,9.821947116914423e-47,1.1963986172996368e-38,4.838134154407319e-34,3.54282247250279e-30,1.7867420252814385e-30,9.630307014014003e-29,1.5765304515361388e-24,7.629534767221945e-22,1.6602825454139548e-19,9.884653785438895e-18,9.075571829147369e-17,1.1631720897360948e-15,2.7808760658079685e-14,2.6644783268251044e-11,2.1839118010848605e-10,4.88972257084117e-09,2.32472857555756e-08,2.2550595874610597e-08,3.358614276882482e-08,1.3768618102442105e-06,4.502780819269908e-06,4.533119583542788e-05,0.0002927572221281058,0.007425856690350879,0.0349263776987523,0.09084765991311702,0.5203396350128913,0.7829494924173304,0.685791316663703,0.5346660626070686,0.9826247235191479,0.979731262074949,0.8130270250616161,0.9848771206256708,0.7689806960876898,0.47771882322504583,0.2588511782397547,0.21656897261575916,0.14983041946916936,0.20201756364336998,0.06956700317126849,0.035266051354205824,0.01460328774430711,0.026764360203575612,0.027004377219110476,0.03529245997285279,0.046361399071707866,0.028403715094348164,0.0054391120013457025,0.008163724335099829,0.009510813285393152,0.0033780063700361994,0.003908275204298756,0.0032414949596480743,0.004421066743728725,0.008943256742879676,0.012319141416462174,0.04640688773948653,0.15115095449467356,0.3181389325175415,0.49810665258527986,0.31582715996277505,0.6932833699605853,0.7838383329208909,0.7708650924893488,0.8875932811632663,0.6870865788892114,0.6397705665913687,0.9187671292716919,0.9346685557028859,0.8016927426504038,0.6973165227837562,0.891656546898931,0.6090182140068537,0.7494966198362507,0.8931653388458146,0.825882335963669,0.8513731953683467,0.9120050179940051,0.9556702409357678,0.9954629162078432,0.9920418635964483,0.6773291857548892,0.2641406946792875,0.4324198705398125,0.09363585680633471,0.05929657504735278,0.018624196780693957,0.014344458573621243,0.009732863700085352,0.012345964926969476,0.021009420137345924,0.005633057766103008,0.007259833576026661,0.0021606703199540805,0.001211701221527256,0.0009902726194356577,0.005784633446025528,0.011195181850357372,0.007965464386906991,0.017611280723357655,0.009419624220117844,0.004412192567018185,0.00897590775712489,0.0008048629697439699,0.0009326024958807404,0.0015266245275982085,0.003376413107835774,0.005614802692059927,0.0009565867659859176,0.0003784426116302421,0.00013804569071645194,3.267765881257239e-05,4.003442525237747e-05,8.665960151089669e-05,6.386833873789939e-05,7.925967021099985e-05,1.2905392073872698e-06,6.023990008858733e-06,3.4382182757518073e-06,8.156402319791835e-06,9.800627885609094e-05,7.598475420220231e-05,2.2354823724036554e-05,9.768444842343823e-05,0.00015202169131788983,2.20197221666481e-05,0.0006441623448457961,0.0009630543045855378,0.00390949504826453,0.00419068855249006,0.03268856689301527,0.0413735774426947,0.024487230369221145,0.048695794036394804,0.032793795704088316,0.023687208649983155,0.007449444137796389,0.029781743383410685,0.08472171865411189,0.03634158727193124,0.04326209182323219,0.13093121451787598,0.5484524671127564,0.6868707119144551,0.6208835372691716,0.5224553279499946,0.5548533373298417,0.6904276926110621,0.6939609745671954,0.5901058572821324,0.34905994440195104,0.48283751067924713,0.4982543181056972,0.6524301644699664,0.8292286132801896,0.6369972791962377,0.4705774583301151,0.4091893004473702,0.4919118060941197,0.2923969295986971,0.17776547688431438,0.4083888876068718,0.6611028108048589,0.9992261541918657,0.9478911017604138,0.7809066472056432,0.8240830550576395,0.8809357398603,0.855788084803507,0.828502793281167,0.756995404536131,0.6209270034835452,0.3968260172987803,0.320324388050487,0.5416146092943787,0.48468950578395503,0.3993186032666304,0.3671343388444568,0.21049856863351762,0.21174685891756434,0.34794224283760444,0.2773135344575529,0.3428746291932435,0.30897517157578086,0.1646159639294073,0.11335318270604285,0.12867368533034979,0.12324495374335034,0.13860965393662517,0.18855294144405535,0.37697234276376357,0.2184893556057181,0.14458873871420305,0.1441153727779111,0.053343618798864484,0.031163384995910603,0.008786358380174768,0.007702398786170896,0.020332547019443085,0.005298448821881588,0.01284825571163194,0.06093299530032306,0.08888452787504493,0.1300652079539776,0.0640911509046757,0.10991455365456926,0.16246415088384902,0.14495556177424362,0.25123759050724537,0.1657337445529705,0.12152426371068978,0.10119798211148723,0.2635569712151069,0.2011647667032761,0.40787024531446275,0.2596670040896438,0.36372141830251226,0.6935701399360977,0.8149103612579875,0.9683067485053679,0.8054097879998025,0.9677927179518151,0.7614337013157716,0.8693320058001553,0.8508475571322369,0.5157974849323376,0.6145002483253069,0.7450612977883437,0.9608184197977502,0.9795111001618311,0.9052222471488481,0.684658010874216,0.9331392205974833,0.9277874898032823,0.9882610835555711,0.809770468363834,0.6169804700591063,0.5308276733796619,0.3538771674408732,0.6320590118319183,0.9336791265434916,0.9707243802033102,0.9684550881984947,0.8885746084450942,0.8305963668338783,0.4324162026354077,0.45956326250863805,0.28241811819884083,0.3787606169743085,0.22253421726719713,0.21170157535981998,0.19699992205950484,0.11230995558915148,0.08600407982108076,0.08197762353332193,0.1374828770790291,0.34018804463411406,0.916190797867816,0.5987547312623794,0.8670521711319256,0.5533807802750018,0.9771155547346284,0.7955795671173567,0.6770013100038209,0.7713279339122884,0.5286916585328836,0.47151198083956813,0.4361365295286472,0.3880157034830306,0.6376641825946359,0.5794543686445991,0.9159445130384873,0.8758853200933294,0.8513809753242111,0.3664576752289197,0.3209291745655419,0.4344887916058511,0.3973432772999264,0.7816598042499563,0.4522438044775521,0.20040374206686148,0.29515990616052745,0.4180928780879822,0.8842093248962865,0.628357416821594,0.9670466858734901,0.8485182589237018,0.7020356835106687,0.5403309540918765,0.8579733289557996
-9.600000000000001,8.178086574794652e-60,3.982488255827949e-77,1.9001545735065412e-102,1.2717005612543233e-147,0.0,2.0315400490136234e-131,1.38500615719065e-92,2.6787806396454974e-76,7.593654181801712e-64,2.816017284190879e-54,2.1777380399790952e-44,1.0317221004112926e-38,1.5651221180803166e-33,1.5786928986575554e-32,1.5268043868878328e-30,2.240550642897834e-26,9.59724554987325e-24,3.941327852289677e-21,1.1703706320353216e-19,1.2367542504996042e-18,1.6986524970501588e-17,1.3570129951355724e-15,2.4483146336498256e-12,3.302107262831037e-11,1.3524844116484122e-09,9.76472299905411e-09,8.312528604265944e-09,7.29150598512788e-09,8.801098818898468e-07,2.1689528669077472e-06,2.0566787873371686e-05,0.0001950506760220885,0.005617864270947972,0.02393452649799274,0.06740750312650433,0.44708306551243165,0.7459312498264907,0.7191232461478132,0.5924753389920177,0.9493679423876996,0.9255416652428787,0.7717996197283874,0.9441098319091189,0.8140197035117736,0.6297918993528592,0.4135320191772539,0.37671567328215716,0.3521075399049525,0.3153005018331748,0.1589179899610898,0.07167675785502976,0.04127459654297308,0.06768551038080922,0.0770798128109439,0.08259626400565545,0.10547874000940771,0.06668978558532308,0.013387093543096296,0.017276714606475292,0.013977979059290121,0.005768720034433175,0.0066049338339009235,0.003722411859467986,0.006196209754599781,0.004325242412177912,0.0076445156086512945,0.02716004978850963,0.08755250939989206,0.2500472859375194,0.3444478428811792,0.19891997492961877,0.5136455608578564,0.5746022382554447,0.6670587658769047,0.6010063043813026,0.43919641773712953,0.3857222623435544,0.6568548182695412,0.8355810063290361,0.8618374523926474,0.7698071011490517,0.7790814819275967,0.5117442156737273,0.6614331731963291,0.7992806444002748,0.7519584595836855,0.7854087375163044,0.8037930019094366,0.8567375591922707,0.9809124362935726,0.9591752219402349,0.681001664556861,0.26118810958199495,0.36522661173989124,0.11090794248853081,0.07177088597254304,0.0169713075669354,0.011664449368386273,0.008250944035112198,0.012385888080674923,0.012518451618017566,0.004948608412053319,0.005529434594798599,0.0021073204432035617,0.0016274248577759466,0.0017694447485717866,0.010241908442772273,0.01967202229107998,0.014279912676203849,0.0325422980102715,0.021159647784665513,0.010451411838731287,0.018019289472667073,0.002133907269524516,0.002709905469502811,0.004255520553233443,0.007450489708397051,0.012254651309625986,0.002956445884705532,0.0027238442295453033,0.0011252302265960462,0.0003786081021255137,0.0004794581042541201,0.0006861105981335413,0.00046897761350690276,0.0005440058559792706,1.2525985925143011e-05,6.258647307720873e-05,2.928505370630433e-05,6.880903669387973e-05,0.0006068959806114454,0.0005257182155665952,0.00012605921424197088,0.00031393836695937867,0.0005692475615483745,0.00011951523253098852,0.0018092949833471961,0.002449225510928688,0.0066768737953394235,0.009093511538953604,0.05105616174881843,0.0564044085067883,0.03856946703469732,0.0493345994041878,0.07495145936830076,0.059094843437063165,0.017680688823860508,0.0641699334031615,0.10095184104145054,0.07141896238029384,0.08903139123255346,0.25448871680697904,0.7829169725753005,0.7749601037390462,0.8102532418274927,0.7246156274214838,0.7647714488974511,0.8357226817311075,0.7353436675647327,0.6587691716639873,0.3932802411147054,0.48680756017037297,0.4985683287125764,0.5602773875343134,0.8287524173366638,0.7148962922891161,0.532700734063776,0.501932500679276,0.6450074525344628,0.4301509709728015,0.27314203498183304,0.6918667049790623,0.9447365148937246,0.6419510497272923,0.6594245309028235,0.9351113780029925,0.5925844502749543,0.6945120875442076,0.8577161298124205,0.8913608275835537,0.7740752224208173,0.6505897340995196,0.40533638590421495,0.32434863280083376,0.46078449666616433,0.350464868986888,0.3480083029093599,0.30589294429866815,0.17004460180723086,0.16909195675380884,0.29653447510181846,0.287871013847215,0.33871367414873904,0.3478513927213492,0.16689425120813953,0.11338681355411577,0.10247765937209159,0.06628098347929853,0.07502093678817864,0.12236968526345335,0.264826387363427,0.11422910054557024,0.05330502031343729,0.03960418172545598,0.014032159733936917,0.010489019999188888,0.0015983840093019184,0.0018158801889202785,0.006161434513350227,0.0010172268913496787,0.0022249906284571097,0.0188751019712047,0.04098460062928046,0.049431457063447516,0.025933394370514604,0.033587975949636466,0.06389169668301518,0.05656583774074505,0.13994594667880292,0.10439694078050443,0.07679373148064206,0.07634489563467195,0.18277294758997423,0.14216995780572647,0.3423945214786338,0.19238892355986936,0.2698677409447117,0.5511451713731073,0.6326041311118834,0.9247155847632701,0.8109757445174435,0.9107568469338407,0.9066483995490785,0.6735200154164955,0.6631418283999777,0.39610063586017075,0.581814574494556,0.8100240333960936,0.9550575047696516,0.8857095988394881,0.9469699335470397,0.684285361957894,0.842289667910918,0.8936215035620768,0.965674376362445,0.7833911062440674,0.5904223350392555,0.4865931394758864,0.3551080761958451,0.6043396701505058,0.9811653131808008,0.8983520055335753,0.8648978381893597,0.695783979783164,0.95678752687337,0.5663506552834225,0.6135052767582775,0.40689906764176886,0.5511291553977455,0.34154114636093136,0.3454862886450005,0.4039280111440789,0.27591039103988696,0.22691192134296298,0.23100934462986675,0.3634868333990893,0.7288894238411218,0.6103765872103307,0.9397623838444737,0.4701142728717592,0.32262781586093936,0.6845544720493068,0.6130966828708082,0.8436053045577907,0.8721416124790268,0.5497723341899785,0.546748733686517,0.5487857931646579,0.43480381436504123,0.6341336737684833,0.5746054262840051,0.9076515336235256,0.9091384538553816,0.7648991011639987,0.4854740660013994,0.36465246806964086,0.4353075429634851,0.31701868922731596,0.6084874220272481,0.3386310340164459,0.14736469037268884,0.26546449760668933,0.33453642342283996,0.7017852137121738,0.45322876309299065,0.6636135291258133,0.8613645844806741,0.9987925255721086,0.7912715778490861,0.8088900530176372
-9.500000000000002,1.7978733913281768e-48,2.0650745239729575e-56,1.7092452693646117e-72,1.4682536823814654e-95,2.0315400490136234e-131,0.0,3.0144078526868784e-144,9.345214544928918e-108,7.741675832496815e-84,1.21625723623629e-66,9.249114168466511e-54,7.814119666557921e-47,4.103066920445901e-40,1.1216787110779338e-37,4.522511098696811e-35,3.749050313177918e-30,3.7131419998264405e-28,8.556863640673848e-25,2.1770811786101843e-23,1.7036097765752625e-21,8.312998307212195e-21,3.605892262128563e-18,1.5871097832168417e-14,5.618340910190772e-13,1.7456061629345177e-11,2.2244761423184965e-10,9.586154888545082e-11,9.512247975782642e-11,4.3255548553133494e-08,1.1888335402948889e-07,2.573149328804905e-06,2.9378812929426105e-05,0.001286420717134975,0.006742333146904309,0.01897511996279475,0.17824555731994698,0.37160618531682227,0.6994865808627921,0.7790328232910027,0.437992878278532,0.40086721172029965,0.3474300910743935,0.46430842259685573,0.6500897924562751,0.8906086761519334,0.9938870952545638,0.8340339496745757,0.851988291875316,0.7536284984130993,0.5574298874022114,0.3102564342878225,0.2232618481807584,0.2951167461931242,0.3135920787427475,0.3123763162182053,0.34199965729360055,0.2315460729195408,0.04983869834320547,0.048360502508348044,0.03245885134950873,0.015487567248143768,0.013292120500990188,0.006019036648706415,0.008768309650705523,0.004783914174556633,0.010709355081482786,0.022233202688220755,0.0687807352682365,0.1925200580170474,0.309889677878534,0.22487840617282523,0.5707596786992187,0.6094089607652264,0.7900811823849669,0.6934267842915408,0.5125328215582413,0.5569928135341264,0.8054354108809476,0.8787184460259486,0.6359435630489201,0.5081970674008545,0.892071860814223,0.8966583041504469,0.8208163644501495,0.6630920330793253,0.6748769625154816,0.7475207711137483,0.7485521069719454,0.4805278612977724,0.49053138774641813,0.48909181179013306,0.817830114424444,0.543190520855323,0.579655372453133,0.2105934015887332,0.15826771078808147,0.049487577741988066,0.034581636385366966,0.043664467041181085,0.061692863673084235,0.0883912985142909,0.05261360777804825,0.028172013571627318,0.02001047106935416,0.012864972924839718,0.010338225993380091,0.04368205760690169,0.04915977312400104,0.0425049856084014,0.0901641674352172,0.10232869188968882,0.07199193329422209,0.07912187202689178,0.014771033526028121,0.017326471180798438,0.02079097691084698,0.02027793981876142,0.01977585447686149,0.013701524611799399,0.010408342834160306,0.0024336067876134996,0.0015544399529031593,0.0014489713202009234,0.002778525315765472,0.0015643798682940591,0.0008411845392612221,0.00010463054034182508,0.0003105084480725122,0.00016671422096070824,0.0006019978413544903,0.0020031926772900656,0.001400750176413024,0.000317770655562633,0.0006337345738997249,0.0007285157748926927,0.00019824709741310092,0.0032414855174418278,0.003720907237698738,0.009485232031647165,0.011282356418057807,0.061766067727884094,0.05705992180481644,0.030628578301790842,0.04027632695512107,0.08017132525235418,0.04995880316668539,0.01653582969016804,0.05208626184071246,0.0999918462222807,0.07033125058811464,0.09369481750730431,0.26479386184887954,0.7741729119099633,0.831749610271844,0.9000918446043659,0.8278071752947254,0.8078347251787652,0.8654282009099282,0.7831721760342336,0.727166469447941,0.5347637501479671,0.6169480642864649,0.5355022241330605,0.48055018935144705,0.8366241632561648,0.7070748596136373,0.5715886105579951,0.7018478914158728,0.9991730482973855,0.8142561607702861,0.6409085985648231,0.7546280837367957,0.555120230221491,0.3082116468265514,0.27571082940295155,0.47201279622148434,0.26948802618062684,0.364502882199584,0.49020757171112467,0.7308535977492591,0.4033192086273646,0.34646682839883214,0.16888121445174967,0.12161216029956827,0.2264608434004794,0.23740692956144482,0.2311095257332919,0.24596710621242077,0.11204899221868662,0.1387942938222752,0.26620159476670735,0.21238457883570439,0.21056818579305586,0.1672325702596912,0.06390641498753294,0.05575670453030587,0.036576732339331716,0.02628259395933039,0.0469500100948564,0.062356701334240254,0.12250326554220471,0.030951037365892144,0.008790749345879981,0.0035818845896100735,0.0010219868394747077,0.0024542229585253813,0.00024522440934051916,0.0003344750358996603,0.0015147898550368453,0.00016893971051146962,0.00033854802405341273,0.002555672259229303,0.007773499987311703,0.014600308274123345,0.00823252679603791,0.012132265931433333,0.03525022249376555,0.02514928088066671,0.06778732256538432,0.052135863399534264,0.04400823668320465,0.06159361536723237,0.1510139853427824,0.10618268182110911,0.2694082873959609,0.1273397837448372,0.23171258492886715,0.4142912668116886,0.42286483557502175,0.6268058212228215,0.8978429817749564,0.79357291128969,0.7812531627778894,0.9051900993738438,0.9602033167910617,0.7255814573869651,0.9959289630609067,0.885562754015422,0.6064555117854328,0.6262438517394617,0.6635616308697034,0.3403909017348427,0.5180500003615337,0.48242210205182195,0.6639607126558162,0.616169720058023,0.4397069076853708,0.3256617088829875,0.2708828485604536,0.4317468331552675,0.9456429774522112,0.7566265048008962,0.5983737156925284,0.41807122876330804,0.6728814305032909,0.8976147079184512,0.9921680914069606,0.8226695221139166,0.8617807448096283,0.968309497909767,0.8744522073190998,0.8124893873525469,0.9675156057795727,0.8968231526851725,0.946009549137405,0.9238265286574312,0.5755354845681097,0.1764915233101572,0.3623015347741201,0.11393850746656657,0.08324326302863826,0.21645153932891123,0.2654116373065601,0.6874685023276966,0.6491350732835196,0.9881560344790631,0.9820233897285018,0.9144882911093932,0.6862359277216172,0.9548954424183467,0.968597506013613,0.8130521274801711,0.6761841842050836,0.9604070110858061,0.32402916917161473,0.1949415989065536,0.2575966874911608,0.16631130997473342,0.4289815698926225,0.1980983162156831,0.0760905207601087,0.16553528203367693,0.20328377079321408,0.476115948029553,0.2840715993306728,0.3999242201064593,0.5256112618989215,0.6432408150600697,0.8098583222698259,0.501983390745926
-9.400000000000002,5.342295725587783e-40,4.0491120444875584e-46,5.348136725543653e-56,7.590566913863897e-72,1.38500615719065e-92,3.0144078526868784e-144,0.0,4.880594346398873e-152,6.287917450969629e-105,1.6286225863915363e-80,1.84286997236777e-61,1.5366164204431482e-52,5.231971960298909e-43,1.7323644651954358e-40,7.176643687268934e-37,1.0979691261802744e-31,2.3453247541876406e-30,2.5360913992663005e-27,1.9194786171055914e-26,1.1891554424201015e-24,8.979671226398171e-24,5.59409321310365e-21,7.010451638838475e-17,1.7690335721471246e-14,1.5508065299059886e-12,7.5241107320694e-11,1.0632751009167876e-10,3.502949637480182e-10,2.1656456666122713e-07,8.666844706497789e-07,1.3834264391048422e-05,0.00013618091706670276,0.004660777161718957,0.017494942336650877,0.04470317199729819,0.2195467566302388,0.5036114004363699,0.7810949974747506,0.8833084562649733,0.38140042268756125,0.34776097056820865,0.4348056406436185,0.5415973207185999,0.7121370498662297,0.9037793786034152,0.9858823882368201,0.8800687776144062,0.8654217809727518,0.869230883080821,0.7419252344050808,0.4334010765742063,0.33946517270955273,0.398502169942648,0.3977803120895411,0.4569459033383534,0.47865143016504896,0.31678122907348816,0.0778732707102485,0.10105425396094764,0.07745834566130269,0.050444877151675206,0.039570129375932885,0.012530630028863132,0.014471968815861453,0.006458323781036408,0.012380844642696133,0.039131505940518,0.12970883571257855,0.3170428935387278,0.44141095861964763,0.2733062291073058,0.6612975684618181,0.6997788175688999,0.8282725482815753,0.7636335960388466,0.5620937561434021,0.6658983459355169,0.8355097266055256,0.7329642699473791,0.46324778914244086,0.37706851308552686,0.6215108553498694,0.77168879336057,0.5340935675618678,0.37229328825606783,0.39750755971291785,0.3991408650494978,0.471997614286051,0.2850110304773631,0.2943552619244842,0.2955573176162304,0.6955056436539824,0.7935372085326361,0.836367299736992,0.3343475205020114,0.2919723317149195,0.09428767777869149,0.07675330314333988,0.10435255140374385,0.1353336322945255,0.1616075009748996,0.13314391867073577,0.07404793829515234,0.06558578492309274,0.043687903139916204,0.039823766299827715,0.11499326446553561,0.10459658307095235,0.05724626316511507,0.12326843718123426,0.11804284684717421,0.08182289705041124,0.09459086589808686,0.022028140490851802,0.0275249691090275,0.028091900218899648,0.033158033121990046,0.04812699748148597,0.03239380948872812,0.024157810587218657,0.006348948406191245,0.0030785919227785266,0.0057497858571824295,0.005170545977799166,0.0027391388140995156,0.0020351264299478733,0.00018748265027933886,0.0005212517807197476,0.00023393069071401965,0.0004988866888939213,0.001723085873731442,0.0013611186379903371,0.00027943175900381527,0.0005122907549504572,0.0006906057981248838,0.00012485279627363744,0.0037131408286075742,0.005468199287711401,0.013174129870533765,0.027169507568152406,0.07497993253465395,0.10437291613977724,0.058028875578789385,0.059869745660454436,0.07452471861716342,0.053036808982901404,0.01594931030571646,0.041325970938145794,0.07380916415805892,0.07583200667586068,0.12408302930539332,0.2767170334307967,0.7752139458944599,0.8346849761393945,0.8467345778019747,0.7713154411094731,0.8287544368820466,0.862426880039007,0.8249178614310829,0.7455182006892751,0.5595694157034247,0.5218643629964291,0.47813295940105605,0.5036239224227027,0.847962572489526,0.7157740685534005,0.641295945017134,0.9087954334532843,0.874403340365259,0.9629537119989032,0.7380316253134818,0.6332161934009695,0.4003965176749004,0.2211213779795533,0.23612869305731068,0.4922492578293377,0.2360782936340367,0.3042853935550961,0.38189310589138326,0.6192346634388454,0.35385009262139927,0.30624594690290785,0.1363907519656531,0.09907609410096738,0.15812307428103015,0.14091289922331232,0.12605131137623035,0.13676589262528135,0.06939583964563502,0.06441528594768935,0.14063507627167932,0.09290558680002195,0.11007402738482092,0.09201640433194158,0.02608994835096982,0.019319223499315908,0.010072279505142842,0.006250533161128324,0.01246364987383473,0.026017831125660147,0.05973367470017059,0.009986888115655375,0.0020286179774622014,0.000997873793499084,0.00023094393548357084,0.0006567054720778038,7.862403641379819e-05,9.74596562774008e-05,0.00028037698663748725,4.0284774644181994e-05,0.00010580555677469263,0.0010451974314043253,0.0039033019673918286,0.006945453954661037,0.003045115611934764,0.0062061770717332905,0.016468933493502258,0.014414977251075949,0.04196928652051656,0.027373354704043906,0.027393478716956375,0.03963088185219839,0.09829860368067975,0.07718075931862269,0.1943796818248291,0.08661483617312074,0.19732106967929994,0.3742810234668462,0.3834070364887162,0.6487770242527827,0.9068504822303856,0.8443412324552574,0.613013198960801,0.866500515975695,0.9963515518449962,0.6816456900044419,0.9452037732759572,0.8583083256758862,0.6400533642776528,0.687321164474611,0.6493652583658371,0.2527928791821863,0.3589679937994748,0.38223958217297405,0.48544650043740395,0.40828310161130554,0.3570455321217119,0.2942467403795314,0.27082623949461765,0.3978937278577785,0.7613270877886742,0.6490379850007556,0.5098468359732112,0.26620397913383087,0.5336492293258782,0.8879961122502599,0.8472676540060403,0.8983165614990181,0.6869900493016975,0.8783050686271047,0.835006680329861,0.7484961967228246,0.9243372109749394,0.9204025292411581,0.9705592731868036,0.9047104250654171,0.5466944093514724,0.10906819625640427,0.24739221576243173,0.0690550335148364,0.035380982251355005,0.12575005236704379,0.15097784749355334,0.46027805484865325,0.4014243672423269,0.7178020717778447,0.8559189532165352,0.9755290223478736,0.7102428028851534,0.9477750003438983,0.8771746864943905,0.6653491393921788,0.5128620866146136,0.8893177258882243,0.28814876801377615,0.1745398403663825,0.24774846869400605,0.16666201891220866,0.4262404980252953,0.23359830594666312,0.08541248565738938,0.236635505719157,0.25221354075625785,0.6253262053412912,0.3005316046514625,0.33366197411175785,0.5574615065662557,0.6339273302416986,0.8310533966668225,0.4846586328938948
-9.300000000000002,2.19122312510103e-36,4.2982381865869214e-41,7.944475640759451e-49,1.3010813558273728e-62,2.6787806396454974e-76,9.345214544928918e-108,4.880594346398873e-152,0.0,4.391437507271196e-141,2.583607327030229e-102,1.7475247485507033e-74,1.8160797526525412e-62,4.9672970871839946e-51,2.973083176034677e-46,2.7604706780635364e-42,1.0525702418797558e-35,2.475099809763328e-33,2.1644780370788544e-29,1.4011157883295797e-27,9.340332726033662e-26,5.819530118917441e-25,2.776180604237847e-22,2.2174562566171988e-17,5.678182074731099e-15,2.3678304017294075e-12,4.6144420554769255e-11,6.648875394636028e-11,2.4654139521965783e-10,1.3026938129601887e-07,6.321769256691167e-07,9.914238939095737e-06,0.00011588920519965246,0.00571263166282031,0.0177021615750729,0.06513336751831231,0.19831196070019066,0.4598901571905186,0.8578714194336898,0.9393728158124087,0.5009398517001102,0.5130592210431767,0.5767103183648776,0.7026000746894374,0.845033749028174,0.9885948540979455,0.9988635837797432,0.8731692540161407,0.775535612606328,0.8921994484699132,0.7443405743279435,0.4378006525566278,0.34125789026452735,0.36758882304058443,0.30599819168103226,0.33427295831603887,0.38430307367462707,0.1781201247503534,0.04288446656694653,0.04596912967651596,0.0448212998550503,0.027086785531497765,0.013468599059028223,0.004552843277757731,0.0025028861851555235,0.0015047861840779683,0.0026641525145067032,0.00724591147137015,0.05550989939564659,0.11889178375869322,0.26345564700544605,0.12033400100768213,0.37771231437582625,0.4780618424809705,0.4512227829382822,0.5209198404163051,0.3889182153465555,0.48279912456670065,0.7269283737441773,0.8101491361611962,0.5092180502789164,0.3885140069907419,0.6522086357103486,0.7570226858157877,0.6294837230675965,0.44003938762665373,0.5302543588526129,0.523424859959925,0.6281937346658628,0.4314417123549145,0.4349840081066124,0.41783131981111243,0.8411438245530694,0.6413262288770645,0.6647768519069184,0.2518232117847729,0.1858984318955396,0.05774498453158493,0.06297417572576491,0.06724442568220311,0.11479124333165941,0.15547699925030514,0.14082250689003784,0.12682955825053696,0.07031740406065497,0.06588574323244632,0.02600837374790197,0.08414873251090214,0.11463634957299758,0.030829327594903092,0.10366863472037882,0.08343513403533998,0.055619435485006745,0.07737732498635211,0.020517156866912672,0.041957461871644904,0.03200554768738873,0.031709644539919354,0.04687061391411905,0.03587750698202446,0.036502960597680746,0.007751255344387608,0.00635519316527599,0.014416165587881941,0.01083195859510445,0.009447584762698222,0.004098333306338152,0.0004352274781764388,0.00134857274156616,0.000494103533779579,0.001132392535003816,0.001968491590010432,0.0016985784969443818,0.0004998030070662696,0.0006830427489130884,0.0010127692580115337,0.00018792141120808732,0.005653936622303592,0.00833376684090536,0.01779163367595767,0.026702671544399644,0.08025406536727506,0.1162905813486735,0.04726464298895186,0.07167239255941825,0.09937339081459592,0.10145175986832305,0.047788387295058556,0.10328323915366142,0.184623518307518,0.22829467880201712,0.2628810339876501,0.4822583160839336,0.8944361180671196,0.801216040030017,0.825139684786986,0.9760741123661015,0.9051013035867457,0.9283191194465531,0.9947625225259981,0.8693228033930189,0.7180861760399567,0.6185120351379826,0.5176302345028263,0.5228328876888002,0.7332274478888262,0.7964466207413464,0.6798025421134731,0.9844439800682676,0.7353097806062467,0.918461227738654,0.8084646095374627,0.5508966883012402,0.3247219384615314,0.1668089010802558,0.1841829629357037,0.45612122684943845,0.19563825348367925,0.25149715134818834,0.3010832420877002,0.5614371215659654,0.31424243824470577,0.23399316175734447,0.0870596785910108,0.05359733857227406,0.07554899346468559,0.07816888823171936,0.0640532192626415,0.07057549078995422,0.047756889445687435,0.04030491574756439,0.10332824745659255,0.0505960481594635,0.0678777142487142,0.06814270830732046,0.01771714077102561,0.017929911636109942,0.011364920174954034,0.006982599675957838,0.011975360250936281,0.01959562806420506,0.04106255962723258,0.004069872213472955,0.0008586497886503658,0.0003615139624860348,0.00010279575047385806,0.00043389256767953387,0.00010454621333087252,0.00016142572558677996,0.0005164153779791071,0.00010858199048248239,0.0001961817547907927,0.0018666281999959757,0.007463850089677726,0.00838640739061244,0.003230297610347901,0.009775601244746399,0.026985065291394644,0.023982576512379204,0.04798441889888984,0.0346315973666746,0.03219075049391467,0.05506896116450239,0.11008277026335984,0.07594820147963503,0.19664731699177396,0.08260248395163346,0.20780975043534713,0.3730960116395197,0.37021927266536236,0.7139462934251543,0.9630993214950662,0.8897967131589383,0.597798733979365,0.8654795619415045,0.963756382994052,0.8031752293843585,0.9435362503241574,0.8496900643989572,0.610655335536059,0.7146214011348532,0.7050251462768041,0.24749602123305847,0.36067238334205665,0.3564471879535392,0.4208363675905309,0.3528639276610284,0.2887989156231057,0.22947785327694578,0.21661309069691712,0.4522317025758476,0.811556402968238,0.5612750049033605,0.45874305112216407,0.21196852173220038,0.4126485021008024,0.6949492989632203,0.6599916651289336,0.8173899880226115,0.5088447407393357,0.6756465727629416,0.669566582022508,0.5930729055091988,0.7733585389094064,0.8954601287940609,0.8692933525782969,0.822097562791362,0.5270650624860891,0.1473364300604673,0.27480748702921876,0.0789950906838638,0.03621244025896876,0.14069206503912599,0.17719409941651257,0.5244753678042721,0.5128653480700267,0.9060759400547598,0.8656830549019304,0.8231255211954795,0.5659063033883691,0.9192660293964847,0.8766640823077404,0.9487020838262407,0.9141044189622709,0.7230402345580496,0.5708698221365989,0.35115779822687054,0.45545022395215484,0.3484840363342748,0.6482971459999449,0.38450239565744315,0.14684778493786382,0.33631569906919456,0.4404259446886838,0.9488557065804138,0.6028296068451741,0.684733666651635,0.9214146185479863,0.958723612799084,0.9099325266950917,0.7654888762353612
-9.200000000000003,8.20131199631063e-34,2.933768798512845e-37,5.3033575152349405e-43,3.396466127813876e-55,7.593654181801712e-64,7.741675832496815e-84,6.287917450969629e-105,4.391437507271196e-141,0.0,4.619152182815549e-152,1.1950337139936086e-103,1.3427508870529955e-82,4.473312009891477e-66,2.627195232488527e-60,4.1013964398494806e-51,5.42345477788071e-43,7.726254655015962e-39,3.380674525259198e-33,2.0349359653962206e-29,1.0715852574284947e-27,9.489711734224363e-27,9.129290873738726e-24,2.0728214346785448e-19,4.739665798473394e-16,1.0795254088641688e-13,8.012526136850267e-12,4.6220327328517014e-11,2.846330808539837e-10,9.748508530813442e-08,4.888957422764283e-07,1.5557845428551978e-05,0.00013085183125128484,0.003911103283988905,0.01325598133565096,0.037003111596612806,0.14332381540555766,0.39857353857471145,0.6992426513989409,0.9082383229224179,0.4303134301744639,0.502951132433463,0.5129082110652555,0.6317077879572411,0.7515574126631037,0.9389429794459132,0.929663835174387,0.6814658657361307,0.6375890122148022,0.8379366281597906,0.5749591250907002,0.341047664463538,0.25681673297688434,0.3049945377722565,0.24295685824308028,0.32473248722388853,0.3820154308813391,0.19922055608698308,0.053168678591156836,0.054981103073384587,0.03422101226638386,0.024831411385178196,0.012517629756337502,0.0030547126076835157,0.003312771218748731,0.0031313435001446574,0.00934213391254254,0.014983170829233087,0.05233234941109277,0.09749708202454108,0.21019207790257738,0.1048960588693563,0.30647154806703747,0.36173391980479175,0.2841386795060086,0.462701606536378,0.3814377150621761,0.4858005335288611,0.5872012792545738,0.9423887846508809,0.8682527533805429,0.6668434281576434,0.9983485520279235,0.6738776606328462,0.9039623641489694,0.7925571868055897,0.8828563171092487,0.9285629920515314,0.9266958343427577,0.9435571125413684,0.7679918688269601,0.8127628903662489,0.6635522720678474,0.25484125345604364,0.32866529876424044,0.07479425288208565,0.05642152452449141,0.016685644495588486,0.016903376104356337,0.03157284829277888,0.03932523771631338,0.06618280926001359,0.054790100672550905,0.028080296353705497,0.020245142115162148,0.014735728083140089,0.007869256717555312,0.023485681926294612,0.027010421381787726,0.007372736274296238,0.023747667808059727,0.0326129558887034,0.021029230244554654,0.025809121889455958,0.009532279104937277,0.018106949688214923,0.014429236480894362,0.01606762529889383,0.02060667852719785,0.023585228986613346,0.013488191307892316,0.0028314411619838227,0.0023361782182628487,0.0035051258741752287,0.0038563282868960907,0.00317665389178077,0.0019750251704326663,0.00019489173332900455,0.000652022816746111,0.00038774271294370044,0.0003769116185905729,0.0009881062661031572,0.0008100153037251471,0.00023880660077726194,0.0007206693904505333,0.0005536475312933379,0.00018569030870859202,0.004154327429013632,0.00611674273900987,0.014618319817803283,0.018770168882598352,0.05487826210573524,0.0998349253174008,0.048746712272757946,0.07275884318908922,0.07397526782635158,0.06960457992514775,0.028671052319784205,0.0845826037274342,0.20406587207885737,0.17149561549951559,0.18284847415817795,0.4052997230068301,0.9913687927026472,0.7315633235009129,0.8104013982326419,0.8635755835704901,0.8053694881193267,0.778825796284376,0.7811435179901306,0.9911755652668212,0.6399557961996486,0.5124119366188344,0.4158810753458112,0.5842486412542895,0.5985483201540842,0.9321206765355844,0.8279792620676467,0.8584420181916135,0.842184445313187,0.9427763069227697,0.7379334945856346,0.6073543496930623,0.4227776466072366,0.27145635733662316,0.344448182861768,0.5924368776008561,0.23160438638875966,0.24573914669667637,0.26696114717858205,0.5381158614028266,0.3323644532716768,0.1872488654621196,0.10703915981136172,0.07894649223406412,0.11085148186037161,0.1240823192331692,0.08788742361397428,0.09878318790093701,0.07399068214635753,0.048524566007380636,0.1474155717620422,0.0599877804165012,0.06455887244815517,0.05574808394624776,0.011786841680639974,0.01628148363903164,0.010353612511001087,0.009228257108869388,0.015981166479778895,0.02605416043748064,0.03670392560286943,0.007393353698356874,0.0025208899727304714,0.0012471425117592976,0.0004825907026575307,0.0006190935299365838,0.000423109165194032,0.00037862222118946167,0.0012965278031862118,0.0003129723866020765,0.0006014745712907151,0.00507911895364964,0.020347786526538326,0.0275016138649909,0.014330128352641549,0.03649582306586354,0.07174041510087124,0.07104178607289299,0.10542436882208824,0.09160264759494507,0.09593720196111688,0.12048617566074543,0.24335158747384836,0.16369559109440657,0.2793695142429036,0.10080489466928379,0.29305420235875185,0.4432105105873503,0.4705229055111484,0.7041669786026438,0.8568755169619423,0.6323189871935949,0.47007087034558476,0.9995766761119455,0.8043651620808789,0.984574558099842,0.9454138164706737,0.948966495856985,0.738129312047484,0.8462479987030022,0.7750645271686671,0.38861492043154733,0.6026828701195212,0.5860126519861601,0.7767542665490408,0.8168973464906607,0.7536100797130523,0.7283169968550001,0.7134640966911381,0.9500475692830723,0.658161825909499,0.9078547656068997,0.968645068899698,0.784243361175207,0.9674764548566014,0.5563107098965634,0.5837205804194322,0.489606394639427,0.8183373391964698,0.7444426797770242,0.8063680603574693,0.9319117457035063,0.8443924548612849,0.7742015903978803,0.8358748482589059,0.9118647182381285,0.685544949302464,0.15873144336022066,0.3256891841337663,0.07630911779529365,0.05429854269968752,0.2238090343581407,0.2885443020141376,0.7715207912280994,0.5797499834804115,0.8830597165274705,0.9100967414784,0.7931068900748821,0.5479737568665496,0.9992698341550504,0.8987349156564126,0.8531830790575892,0.8046768036413715,0.8722123113949211,0.39597281560240744,0.2914230066179013,0.3795990823718365,0.34399978234067374,0.7621877843997155,0.3467188118834045,0.13267690092095563,0.1962252998395332,0.27034334101545204,0.7691876320481157,0.3273153599325207,0.4200780878022181,0.6617242438333636,0.6215007084437371,0.8811194789442888,0.5397569587115109
-9.100000000000003,9.069401701684024e-30,9.156854631173778e-34,1.4334337266639482e-38,9.821947116914423e-47,2.816017284190879e-54,1.21625723623629e-66,1.6286225863915363e-80,2.583607327030229e-102,4.619152182815549e-152,0.0,1.321365979689296e-141,5.431063867339281e-106,2.6530054770834397e-82,1.0875051911932448e-71,2.2489395688830502e-61,9.107578633293121e-50,7.693539105828319e-45,3.7975577702422225e-38,2.2469351409812633e-33,1.7609233104563924e-29,6.635633529804542e-28,8.138620565809091e-25,5.464991736174356e-20,1.2166001565940154e-16,2.5253188785741494e-13,3.760226310351518e-11,8.14177457359868e-11,1.3658701403950643e-09,9.046445995356192e-07,3.099091698937963e-06,9.987101204493716e-05,0.0006203319634377119,0.016240188101852654,0.0344967512916168,0.11968570911514374,0.30590276267843763,0.6498230128632944,0.9448692463119088,0.8633647716183526,0.7776515403739439,0.8165421927107057,0.8372502885425114,0.8868792597512093,0.9500639428265597,0.8466201946284014,0.71532787405936,0.5929891939969482,0.4715288416626445,0.5787396326236111,0.34701609465155386,0.2669771196714127,0.22641180440811104,0.2768402634297209,0.2403684016995088,0.30944065727677317,0.42376418072144767,0.19615275063735765,0.05715207853414584,0.07421132966109754,0.04976727795446354,0.022902306505037797,0.01024381592065819,0.003177810950218011,0.00405794837315897,0.0037145332538499574,0.00832557894853194,0.010059940550108731,0.053909193928728054,0.08362334611164102,0.1818237862768389,0.06865888710739043,0.18427483346605605,0.2859039345852643,0.2592144647942742,0.4141828973932232,0.3499242845571273,0.46405260702712486,0.7498792641389332,0.7958538256092387,0.7066629715540922,0.5811883779890586,0.8913254818050902,0.8643857610612568,0.9827696469695184,0.7398246888164268,0.8282617813995813,0.9229389681399844,0.8659060490806082,0.9745396154045806,0.9528235560874834,0.947178550352651,0.4310286573898071,0.13256986110284757,0.12817209434301774,0.026813605724814157,0.021920823115624315,0.006658778679292889,0.009914786229939368,0.011477151364384335,0.024391091891693892,0.0334854295806082,0.027963048404777438,0.02771847446332661,0.012307199029927204,0.017529699468912054,0.004386711492483057,0.010982070733092047,0.019595326750008114,0.0019849371557072405,0.013168440671086034,0.010323007314358635,0.005388945509086974,0.009924542332281593,0.0037501013779524944,0.010649873899273318,0.0057035935258053306,0.006409172678012575,0.009479202633937391,0.010990251523497476,0.012840323761174903,0.0038915397772360024,0.0033297515923588926,0.006942093352896811,0.006139195252940029,0.007382892248698972,0.004110629756745758,0.000310246588788191,0.0012622105797576223,0.00030954515727845376,0.0007033046465662974,0.000972576226872439,0.0007363721936898732,0.0004396293069380164,0.0008433191321310881,0.0014553677448891408,0.00040198665159337676,0.005414579597705852,0.008440629229754587,0.012677152392514586,0.01378683995243475,0.057243666728583865,0.083632324131241,0.03611512010743877,0.04946927301546757,0.0704172326630603,0.09829784212692917,0.053787808908389474,0.12994229809062,0.21190898230767496,0.2798480452420526,0.24769281584150188,0.488663668997778,0.8256055159653573,0.740837602020869,0.7271371681688773,0.8028026472973747,0.7529629904349955,0.7930450905390389,0.950591614681982,0.751305917996357,0.4832414273073673,0.42443254926150353,0.342018372744299,0.3630008176523698,0.41447009927061895,0.8256263312179025,0.95981449342269,0.7093151371345521,0.6258572452326693,0.8597506816378159,0.8033470577560973,0.49163600098698446,0.2624750720056945,0.16324552170663922,0.2038359270991233,0.4491536761776036,0.140320562880738,0.17838958965061733,0.21335758299258584,0.408801129862676,0.30124691773851653,0.18323360070895045,0.10839440636461832,0.08428594079979443,0.10387843929748955,0.1042143878778454,0.10852536104812537,0.11185639996566593,0.10794158389374627,0.08119544845811061,0.20746450468620964,0.1156899254418838,0.12790426271590877,0.1368027948973126,0.037414667872873404,0.0476618840635527,0.021078136836375997,0.013597030844119843,0.01641608597295852,0.02154882483130866,0.046053020891791946,0.006955096747857893,0.002493341954628355,0.001245428658913166,0.0004386392362451117,0.0007512771708966104,0.0002503196046316191,0.0003098351147989665,0.0011175414645009294,0.00020405385419890054,0.00045663637555637496,0.005107505606178104,0.028263839603020008,0.024615140648387608,0.011301743225710833,0.02758897947752276,0.04413297630824685,0.03410190523435514,0.0412436450171438,0.054598855570415945,0.06433268705196749,0.10189365261983462,0.20082478741530838,0.14278800820618925,0.3285623323992748,0.14278219790480132,0.4806883064021866,0.7436637120763455,0.6541846418319661,0.9685456410683738,0.9338166660711198,0.9786644220028242,0.7060207035733572,0.6889751273556888,0.8772424187105398,0.6816594919193106,0.8815753963207549,0.8199438611267326,0.9406278688946156,0.9993863071781532,0.9806038620164274,0.6275190516346469,0.8502132173931405,0.8604369380707847,0.9804554191993556,0.8973821395521935,0.9377569419775788,0.818520662467627,0.7184434545238713,0.9557108875641858,0.8202112718898711,0.9245040355621494,0.9328749261647303,0.6890632402618722,0.9832352550077645,0.6621781950268519,0.6190681750314581,0.5515698127879864,0.9191390665409929,0.8848772280469781,0.9699771734347565,0.8474566308381225,0.9875053858358418,0.8214116567032347,0.890679334844168,0.9899850701953807,0.6234007278188546,0.12837129340948217,0.36572336566752667,0.09515965274590266,0.08406352652898104,0.24461625436664006,0.31777593096096457,0.8493545597303327,0.64439712331599,0.943798056577148,0.646358960938553,0.6284120843683708,0.44716967367054034,0.8382983580797503,0.6838347630700082,0.8872403106672017,0.8573548571711344,0.49155900482277315,0.6417486904716126,0.5200506911054968,0.6489505348443324,0.48464625707394227,0.8444306188228106,0.37033982095964724,0.1503352144149045,0.23213221631948844,0.3556260647847393,0.9301574024245514,0.5035228072729162,0.7210911962538978,0.9731002527207753,0.9600225297770026,0.7554391914399583,0.888212416561065
-9.000000000000004,5.081341979366693e-26,2.1955665229212958e-29,3.7693949429510487e-33,1.1963986172996368e-38,2.1777380399790952e-44,9.249114168466511e-54,1.84286997236777e-61,1.7475247485507033e-74,1.1950337139936086e-103,1.321365979689296e-141,0.0,5.792121671531092e-138,4.716796690808027e-101,4.275261873572411e-86,5.328781942341417e-70,2.0414902263469234e-59,5.643760815728064e-51,3.020895107900309e-42,3.038565226494389e-36,1.722962689916147e-31,4.085022873783392e-29,5.053133016107148e-25,8.535667650247474e-21,3.1100845813535166e-17,8.507708886696887e-14,1.60092200565035e-11,9.050849295524088e-11,1.3865126870176607e-09,1.2116681374877736e-06,3.6964860271221175e-06,0.00020313434727206006,0.0012867559445226395,0.017717483623313563,0.03500450734172051,0.0724204989280456,0.2535617980102625,0.585937220603156,0.9943304236598808,0.898480613861427,0.7776121215406436,0.849893492298201,0.7974837099945691,0.9386797687516278,0.9485556143763616,0.7748796662848013,0.6495997424040916,0.5617559892188229,0.5119735815840926,0.4654873540479764,0.27651046762699377,0.20453122604490617,0.18790806278146582,0.2345760921051058,0.21681031150083618,0.255609290732516,0.2824121562205737,0.11044890782488716,0.029641472926421292,0.041880434590828075,0.020370510029133395,0.00921872513286398,0.003939457728188484,0.0007732637579522065,0.0031529536554649774,0.001427185971554164,0.006393065910162029,0.006204126865447169,0.02843457024585796,0.07415665144825587,0.11698603528957,0.07932047583066268,0.22938566604519117,0.33556164562327573,0.37558529026578874,0.41134128212854154,0.4218203941708929,0.5115487975459001,0.7905002358750706,0.7299707329402506,0.7853193625832907,0.566815922593195,0.8552451451248793,0.7808665003732853,0.9690493740415365,0.7370947971869647,0.7400506177832257,0.8594934698763169,0.9881511190472687,0.7419497017105412,0.7638943952949712,0.9980021533138429,0.550436831366241,0.2233747758611765,0.1492619042530487,0.03162555248068708,0.017647562053045004,0.006567006577884001,0.004752754564581739,0.011573222140320697,0.017118572988774658,0.03574933132959048,0.02604135713146958,0.016166292271309935,0.01224986408841055,0.0084005630958945,0.003626709801372548,0.007880690951115352,0.007911428685291062,0.0018550213557190125,0.00782362625284321,0.010013858755032664,0.005903767234590399,0.008327255029761258,0.004564189652238591,0.00848051217510996,0.005545395613788428,0.005885471138625038,0.006138161676974982,0.011524173051161189,0.009981281324467912,0.003828689046443723,0.002763967257231675,0.003570781501626334,0.004521591328428098,0.004333962691314611,0.0022309085058963094,0.00013612110576419081,0.0005491751706055561,0.00015753504751916258,0.0002626511261901356,0.00043411141495193863,0.00043026136993742773,0.00024559057713633987,0.0015065701479878672,0.0031013254103433837,0.0021111004362007212,0.018600355353076668,0.020712594888550852,0.023242109653847487,0.020374006757874732,0.05469463861871063,0.07833710480743107,0.044952378510406336,0.033841189562951665,0.06898464529474138,0.07031971783665,0.04480128204895084,0.11681475261822541,0.20912352192700445,0.26367043774244003,0.2558164220005539,0.545751263741387,0.7289251225941975,0.5767999581976863,0.5876307909499119,0.6078598263775745,0.5998958996769373,0.6515628748341331,0.8641488686805061,0.7681898616534187,0.3832490678803621,0.33603711947052894,0.24421606432108367,0.3149464317269349,0.2941870514534324,0.5664500696651037,0.7149387463959127,0.5744138204836232,0.5260663257148596,0.6803739491814057,0.9562353710778947,0.3347090991534384,0.18705997367015273,0.13161853188564876,0.21004309319620276,0.361769470848328,0.09630261775188538,0.12440237733446571,0.14596381187065036,0.28435256408516263,0.21632794376555947,0.12192575596748938,0.08170519286463451,0.06194704677167565,0.07304518627287121,0.06175946018750416,0.09192723614659802,0.09244891896659146,0.09350061562707565,0.07079555168774357,0.17376436300328915,0.09413983589525339,0.08562129752998077,0.11271958230440468,0.034190092701715386,0.053302961929341725,0.03139586895061015,0.01890058730995045,0.02722940486910908,0.025576728550243885,0.043788704937614706,0.008725575591009602,0.0024162143782937876,0.001081119126577991,0.0004824065239872509,0.0006353617725057222,0.0002147844486062776,0.00037673781616998504,0.001227846226404875,0.00023024168036644277,0.0005242043929110861,0.004212413288392333,0.02284181198004391,0.023065529291281132,0.009880893384798098,0.02492961480453574,0.032424451166958024,0.04137278650904413,0.06727371947446531,0.08735877665978142,0.09278883796930361,0.19546464677244813,0.33488393933365396,0.20571642285620148,0.37453563195470635,0.1721311917898216,0.5794642152038522,0.8271551342040495,0.7328902341794743,0.9925239804177305,0.8911898485559939,0.9799330123753136,0.8372626618439508,0.689638932717993,0.9696035773605625,0.6883079415847834,0.8991106140374745,0.7517110811422613,0.9750034348885559,0.9553358593864887,0.8959950257207832,0.848910802424773,0.7703141048949402,0.8093330964021064,0.573174728677598,0.6350309268689242,0.5255188414888141,0.6138572446535999,0.6963279204040633,0.5548684506929865,0.38932911001372394,0.6218171514179761,0.5983933467642548,0.7894919050537962,0.47672029911903824,0.2209352059083533,0.20184086455495096,0.19511761715728235,0.35911719457122154,0.3987734456766057,0.419401594235803,0.53752375826391,0.4840768985545498,0.41463903970832766,0.5196045556069123,0.6663535467854337,0.9306175700847628,0.3207477552741819,0.6946587801619567,0.2585257691125503,0.2448597197742907,0.4849518649343604,0.6083392760773525,0.6824377756416049,0.9930891107104923,0.709416207920765,0.4881771797456202,0.5658562501151401,0.4936393146817821,0.9347902837302497,0.8321855299511587,0.9251655293356383,0.9995976930808881,0.6671304668589592,0.49035314019408727,0.44200683631806315,0.6466030609120871,0.5070703824891505,0.8385039655782007,0.2415894854222137,0.07940119382375906,0.07652686302121282,0.11191371839142632,0.41171526142904197,0.11944209078153495,0.2346443210427767,0.35181149578239285,0.29865178968051903,0.6227100381231163,0.33042031912571196
-8.900000000000004,3.582659173420354e-23,4.2251632888953155e-26,2.386533759220294e-29,4.838134154407319e-34,1.0317221004112926e-38,7.814119666557921e-47,1.5366164204431482e-52,1.8160797526525412e-62,1.3427508870529955e-82,5.431063867339281e-106,5.792121671531092e-138,0.0,1.3176816055291762e-144,5.433526530904553e-108,7.245886904424249e-83,4.869263349137377e-68,6.493787368279204e-59,3.544483111072341e-49,3.147738893844449e-43,2.4197723673203664e-36,1.3420238707031215e-32,3.196022656389232e-28,4.193779630313142e-23,8.79456000246404e-19,9.802552537281659e-15,1.0775901039080883e-11,1.4703648816665128e-10,9.895391127723232e-10,9.485789433912054e-07,6.372113976841739e-06,0.0002349353029231072,0.0008319447354997416,0.009560068870472562,0.034040957380903854,0.06268966686969925,0.27967773431572457,0.60176972193655,0.9532595575392518,0.8378484998814132,0.8179860692064831,0.8821816439423887,0.8513280388105902,0.9743275608530211,0.8745005434788663,0.7666012629378763,0.5587295816554679,0.48510287793028667,0.3664685664199088,0.32678577338793124,0.1903863111584925,0.1643201320946201,0.14641818142650015,0.2314638012164056,0.24222617360602647,0.28355216984039205,0.31089418683176967,0.1315668681133744,0.029466096613758215,0.04005596394133302,0.01832478389246331,0.008379523489477717,0.0022057027982057536,0.00026209548927431714,0.0011234898989589076,0.0006527715473633636,0.0019581045464114456,0.0027237061183404895,0.016427104916173253,0.048662353021692806,0.0987342278865604,0.08366011576448723,0.20216615052997985,0.25009984392554047,0.2809421908872454,0.3072054978879477,0.3388142622088882,0.4829384630126471,0.8343657311601942,0.6673144022243009,0.7052597930358547,0.5392488542876338,0.7599817644427769,0.9702252513853193,0.7488000164769569,0.5156234600012476,0.6153701548962099,0.6692699434593932,0.8780473260969639,0.6957723168866924,0.7526933236462816,0.9970757738325026,0.6103895918512434,0.32969074980410396,0.20683513157180292,0.06754605929501863,0.036399700591336986,0.014406303201528145,0.014171154307321902,0.021954184409255822,0.03481093071212271,0.06485477030720092,0.0730265851171813,0.06146268759299885,0.0457217748761443,0.03176148121401091,0.012356836041629017,0.030015245325000262,0.024065350182424255,0.010066339526389242,0.018181205850049512,0.015337361182433378,0.008978957379295962,0.01172642272630514,0.005556553069375975,0.007745258769398333,0.0035019971340494874,0.003648121876724989,0.0036069582049890964,0.006936674117854693,0.006101954703849693,0.0031310216997339577,0.0028162581737483624,0.004720232428826704,0.0034787214479859775,0.0037831299137963312,0.0022595068725111732,0.00018239442876826937,0.0005851301905683748,0.0002199737238777192,0.00047980545037716913,0.0008123473980800332,0.0008580298955306097,0.0007126210903275557,0.0023276528305116438,0.002882416209152164,0.0025251157222079333,0.01142172774496748,0.008656183559409846,0.008125067915242012,0.00976193925861426,0.03994356840349483,0.06603794656342092,0.04007144294806724,0.03130108337209166,0.054411928228611954,0.06341101037713771,0.042080159833137766,0.10176903832840659,0.23246287129447019,0.29920844056997076,0.3072520158267434,0.6695769259011715,0.6460602883528567,0.534505540561492,0.5744030353519212,0.6392487233957506,0.5282941369631106,0.5398096675011889,0.7199274637286419,0.9296436871886637,0.48678470978261507,0.5098710199019227,0.323337666984382,0.4686588185661079,0.41737770414748077,0.7949522629309248,0.8299583856234357,0.5424711005659449,0.442561823649465,0.5733477237876072,0.7774792945430761,0.23296577727873274,0.10987702967816142,0.06639752883193085,0.10343692970169012,0.20168990500982018,0.035490400606682286,0.050304932335384286,0.05057006269030296,0.12784330201872368,0.08369989592441267,0.04274079904769302,0.028084372127067044,0.032261247536050155,0.057877803319607825,0.05029809210800646,0.07676676928926537,0.057542175751321235,0.07913771560752648,0.05751306117716948,0.14777180614140795,0.07599965609928647,0.07958053870086385,0.10966479748857778,0.03974542055106278,0.06658227318248984,0.036985578741144894,0.022782399739197955,0.028165753242254427,0.025832275493349804,0.04561333437241764,0.007865671660236481,0.0017866151682460149,0.0006470132290933981,0.00017743434033987057,0.0002836775563268716,5.290038577946707e-05,8.737517421803935e-05,0.0002557292706177839,4.579401111091221e-05,0.00014717425766663374,0.001267296421106476,0.01043296718619179,0.014739035896456032,0.008783236096657609,0.03318933526260039,0.04200336769923993,0.0539818734709701,0.08872149891945404,0.10194842111212622,0.12153680501798171,0.2421909834400015,0.3606163400189017,0.24857039252394694,0.45163148827308286,0.1945834400613527,0.5282082366186515,0.8702453758370917,0.757823871709381,0.9586875441740854,0.8909976572088513,0.9551521105047281,0.8647192811923209,0.6388694487150479,0.823768320872221,0.5477186174269251,0.6600026547138591,0.5983190897962642,0.7619606696439579,0.6332999971256982,0.6032226138347567,0.8734434859975798,0.5055880473173562,0.515282162971393,0.38483699774624086,0.43650180171272285,0.3667148247347891,0.507432150165626,0.5770468334481424,0.45833282573048895,0.3919740231852169,0.6448344855846668,0.5701166397514303,0.718146772291037,0.539224066528172,0.3563528360866853,0.3188757437227992,0.2939402372358791,0.5162981922738858,0.6443205505096933,0.6538402781889298,0.8400539181583426,0.7670566218200152,0.6373952594372567,0.7162897088438168,0.8136016201434687,0.854861799282869,0.2614927741044135,0.5771442773476607,0.21707012099589676,0.24538492662317649,0.4718922962952885,0.5864123757154583,0.70900991657436,0.9195264969344596,0.608909776250882,0.4160053830074662,0.4637903588953493,0.4327267734345103,0.9155220522800875,0.8289271845058583,0.9357555191606096,0.9969372274968232,0.7734645489868923,0.4107815156064745,0.34625945706010736,0.5355170242701478,0.458084326401224,0.6588869003251723,0.16658661523640075,0.06453725051478652,0.0502733623184852,0.07507007529911904,0.30632201512473567,0.10257386053168029,0.16459234077448864,0.311983264141546,0.27236205947717623,0.6286802896912963,0.38690332303404246
-8.800000000000004,1.796570487981198e-20,4.8961702461422103e-23,4.673748221556144e-26,3.54282247250279e-30,1.5651221180803166e-33,4.103066920445901e-40,5.231971960298909e-43,4.9672970871839946e-51,4.473312009891477e-66,2.6530054770834397e-82,4.716796690808027e-101,1.3176816055291762e-144,0.0,3.508515986107843e-143,2.9833046541802628e-102,4.35617546680145e-81,6.305399656327402e-68,6.283713107036112e-56,2.2772196274599e-47,1.1284979529235848e-38,2.1256324741419085e-34,4.465945487473621e-30,1.462733728595486e-24,1.9136460546368667e-20,1.2587205690265912e-15,5.853225930559472e-13,1.8805761132891428e-11,6.658466512506698e-10,2.86266547675288e-07,2.6347463023951777e-06,0.00011571290841107926,0.0003722588954700837,0.005027620473481327,0.014905981158983318,0.03809621410018625,0.23441958217294093,0.4031124209782975,0.7656009426370615,0.8417247503209206,0.6412100472467802,0.8267217712101839,0.7431748335582966,0.9133684379935457,0.9117273087799664,0.6866992396304139,0.5346231276357165,0.40468125352092943,0.3278181644630808,0.3389458889101039,0.2151448356216622,0.2041444791016815,0.1872671477123598,0.2587122118919144,0.27126436418416133,0.29580992540332607,0.3435710868802102,0.15570413945489736,0.0435081223242225,0.04744183984849697,0.02063763986478564,0.009560869641754422,0.0023082055234910238,0.0005167075884030083,0.001124306314394233,0.0008867969121801733,0.002015642686641597,0.0018977314407555045,0.016374373930932,0.03639388042477742,0.10608571719996378,0.08359584080958953,0.2123428795445379,0.2898736705657427,0.31073174892712857,0.4450370941815199,0.4461342333869402,0.5865827042312322,0.8513843184142246,0.46680633661665866,0.4802772280871291,0.3843518422996761,0.5712544743084672,0.6914242455246432,0.5744076298211157,0.37757259294765116,0.4890590663522164,0.6472698636371258,0.938865049228757,0.7563096969061054,0.931248441325147,0.8707762555769273,0.5313340968649598,0.26130678520114287,0.16003524852548973,0.06282707688777259,0.0338442195881548,0.016532091700862332,0.018012747227001105,0.015188200895364816,0.026776813231059893,0.04805832022179616,0.044991008824570286,0.06384330023628453,0.03396873243915583,0.04422228680165197,0.012647580114374812,0.03025234613688597,0.038046492502772304,0.014095878310030181,0.026818177551846886,0.020058579321172946,0.015601452169045009,0.026837240307454532,0.013800338056621496,0.020906229069115462,0.010203795538551752,0.010171516562757468,0.011207482143885653,0.016925350281013316,0.016234114249522046,0.004258501660041019,0.004871640941848703,0.006348182414524802,0.004098575107482267,0.006247718641707804,0.002974976302462682,0.00018122648425591658,0.0005002146372615215,0.00019131031011931874,0.0003972802278798209,0.0005269431237920014,0.0005930780625185757,0.0008884503579861038,0.001995699270212985,0.003206628483593326,0.002697356102190326,0.006305739545770589,0.004541069841003775,0.002483196421089103,0.002150364193270873,0.011571211580234924,0.018326314432183154,0.01177518718114589,0.01412037643181174,0.022066918543485355,0.0318611809562134,0.013266079314013475,0.03385533953945569,0.09986635336026874,0.1445447598874617,0.15972090131137184,0.3458231211579976,0.9865360024605412,0.9450311441049591,0.9720567165381577,0.9138050973912689,0.8551248850905289,0.7908002434576713,0.9895328910915983,0.7194127254121067,0.38575530408165876,0.43726513078903584,0.24978160883472866,0.3126116527548805,0.28227140095097225,0.7149148031020002,0.6928269130070706,0.42777391898414846,0.3257289124125634,0.4190317693393325,0.5333483827620742,0.12953047713405724,0.057756280258520865,0.029023206112108572,0.04034076945891093,0.11416070262090562,0.018784465043259202,0.038114783230487885,0.039249307056164875,0.08890846774691225,0.05496048279930827,0.024317386194118655,0.021154151080776794,0.02459859278145516,0.03670355083434854,0.029862603444893596,0.048011064210779615,0.030471416472823868,0.04237600835229528,0.041054908036938606,0.13394078812017082,0.08180612542167348,0.07738855766858005,0.13069112128514723,0.050205125604455184,0.0776849922522467,0.0480651806742761,0.03761040406545408,0.048060199461252326,0.044531810503983096,0.07190995851408542,0.0210174073537091,0.004860378226409832,0.00227608283591677,0.0006012314203745833,0.0012813988765772936,0.0002888998079739615,0.0004095897931127074,0.001264890816781571,0.00021266194918952944,0.00044560002773234153,0.004075549503336125,0.02439342035224061,0.03194564300076399,0.01748979479569906,0.056664604484787044,0.060280868573455014,0.08643240537201682,0.14289946704142242,0.17423990507371218,0.2148168242952024,0.41279884669156286,0.6397614896652751,0.4669817167850754,0.6747998910361757,0.3233367558555127,0.6733529577853717,0.964520813247613,0.7861458133256872,0.9572812478512781,0.9513194527883605,0.8824694689942361,0.6912698485663635,0.8903262338077265,0.8897256981625855,0.9331947426519168,0.8420915465474739,0.9664040548750642,0.809520792941476,0.9102362549833048,0.9627400890384804,0.7611320626097066,0.7883922059179299,0.7885111179951628,0.5245298260649767,0.5706481342080488,0.47900461128786914,0.6629728079002578,0.8269268729926631,0.622657092239734,0.5386965153198008,0.956069260609621,0.8412395466137962,0.9251108698683743,0.7455147323058098,0.5594226539120287,0.46743456339478895,0.4604973719867635,0.7927882435012148,0.9690401093146142,0.9108781898167579,0.9223456248171424,0.8970037004558222,0.7347386699946213,0.7473999930744567,0.7598539293637879,0.9565791543350148,0.3964587077712054,0.7869589528007038,0.37773966152986777,0.4079760083144626,0.7203094956601978,0.8594527272961434,0.45711901496367163,0.6536656576743332,0.4646146170013843,0.3201820951891783,0.33679557870845495,0.32925164533738815,0.7679257909660903,0.6535386330209149,0.8815270179176246,0.8247676181844481,0.6879320298224099,0.5083316851769704,0.4721819052583875,0.7216799587843946,0.5991392473066225,0.8910689559921615,0.25014362139878926,0.10185178637368786,0.09541774286201997,0.13326796688998327,0.4142167771997782,0.17217268160348867,0.312184776013154,0.48231829029485035,0.48689795720016776,0.8843229585364961,0.6236450164693488
-8.700000000000005,6.967260716484055e-21,7.81391360522441e-23,1.3579363755107552e-25,1.7867420252814385e-30,1.5786928986575554e-32,1.1216787110779338e-37,1.7323644651954358e-40,2.973083176034677e-46,2.627195232488527e-60,1.0875051911932448e-71,4.275261873572411e-86,5.433526530904553e-108,3.508515986107843e-143,0.0,8.392634627513521e-141,1.5418135219242782e-103,4.062755697261822e-83,8.645166137385472e-66,7.49853988828117e-55,1.0463084820769348e-44,4.639111254533223e-39,1.987522898344564e-34,1.0443010291397512e-28,2.401917601876398e-23,1.4773030623452438e-18,3.1234250283616693e-15,1.4047909474232684e-13,1.299529043149622e-11,1.131425434313398e-08,2.2380323057543268e-07,1.8609078678145515e-05,7.997021839567474e-05,0.0010239159884556767,0.006391835472808164,0.016893106109764435,0.17720693187019632,0.3193968693830016,0.6153549667071883,0.6776239174181458,0.4697447546490838,0.7007532404650899,0.5736914148473412,0.7135482976115579,0.6990951648316404,0.9720642295397224,0.8099920857541191,0.6646826334871394,0.5804224095174847,0.646354400611294,0.4060586380402587,0.35893980282722465,0.38042533587500266,0.473157096297797,0.463341740676818,0.5369930127784736,0.5803432657377807,0.2824966307729678,0.07671010412071935,0.06988234449589083,0.02568914775131505,0.01344282000757415,0.004397615857030193,0.0006343500333443002,0.0014004678326446126,0.0024067193055862836,0.006934560190271313,0.008639895954807972,0.038980849200907594,0.0779741687492782,0.16787574997235183,0.1336800861884859,0.27820756028304894,0.2792142174831499,0.2196248473263538,0.4286117410979754,0.42513648006941857,0.45890178053256225,0.9154934229507934,0.8080297468341944,0.8041283991004878,0.7104213821846548,0.9995974094446468,0.7879658301207967,0.9842671128572454,0.722820284660571,0.819758020324058,0.9789137883319774,0.7542520308643221,0.932851323034519,0.9100866228212886,0.7110080485424026,0.40468613343493287,0.20465235370552645,0.17268651694375187,0.04742811497395909,0.030352614336498017,0.01671951292985507,0.014286985416133057,0.014270979198127677,0.013760963893905484,0.02505879500577517,0.018565653333812156,0.01651544564281855,0.011149104965919542,0.00917718327505664,0.0037869856312240484,0.00847736761734599,0.005776063930694671,0.0030418519043506616,0.0035152014459897797,0.002871427361038118,0.002898307706287875,0.007202855869052313,0.0035245912413382624,0.0045722384694987265,0.0024191731400086272,0.002196444027425262,0.002218712742461498,0.004073422934887849,0.0026775459782433157,0.0007562524183288314,0.0006230555388687821,0.0005144864139249431,0.0007021649821398512,0.0010006974648595574,0.0005247390417692371,2.645026022939134e-05,0.00010794293173013112,4.717173865475388e-05,6.426134029663312e-05,0.00017941361191085221,0.00016040066152996587,0.00017239329502824794,0.0008116275850830213,0.0009839859807151076,0.0008455070600982707,0.0025399892280828034,0.00277429450527243,0.0017609811415456285,0.001426167320249501,0.005828584179742297,0.010842206950727578,0.00830145016547516,0.01666485991490396,0.018921072852414223,0.028964609367929488,0.008651321339965427,0.01737590137186852,0.07602586305978602,0.0742008623251747,0.08353215697754397,0.18258046652354593,0.696494717169347,0.8886901979804781,0.7034050340210365,0.8473878336217237,0.9495965119618561,0.981734088276394,0.9612899746012646,0.7271627965211603,0.26947636005723147,0.29400505217096695,0.1710490309361698,0.3255336959766732,0.24131719865326767,0.6427219281203547,0.6536931934532955,0.41368901302918554,0.472513982260618,0.452567762423041,0.5816674300117626,0.197221547225581,0.1083526205345799,0.053728008971736935,0.06390989175288886,0.1276810440600713,0.028311556605859288,0.048510138971650824,0.04707779193291776,0.12350444948115882,0.06618513437381968,0.021887515172175943,0.024267553989993786,0.026279186844534334,0.03517036461037344,0.028314938604933004,0.04159306698741166,0.028419151338332536,0.031012633302118942,0.027182404757923453,0.09128431070137545,0.0530485934093147,0.043690247671183007,0.06702358247585484,0.03241668735997802,0.041642018883320434,0.03353357522556976,0.03164303932031505,0.04320945199546247,0.038180890704705685,0.045895984370376765,0.017755173323403352,0.005087928271075153,0.0024474513539121732,0.0006309122271809352,0.0007176554764660134,0.0002811029294903959,0.0003577688270345276,0.00143379987977631,0.00030945188704347587,0.0007684115713148077,0.004835232360857994,0.030161192313096965,0.06533489882645019,0.03941031532660327,0.11453156710813432,0.10439201926880874,0.15739866185399198,0.2663392422188923,0.360957465260488,0.3953419641271484,0.5607855730746427,0.813678088399903,0.5845551459306529,0.7158039257737814,0.36428165130211326,0.7052057359627233,0.9926824396771167,0.8913607301763311,0.8450288844631687,0.7517066631472498,0.8615260405935123,0.73398378489487,0.7670938874883309,0.9957556389782847,0.7621955047590923,0.9233191275312463,0.7315348236200288,0.8397195401595376,0.7413685992099037,0.7335883290042462,0.9557559815940425,0.5251544827364459,0.479271135111271,0.3258160815807349,0.32930834527379516,0.2852539685862915,0.4979116463312431,0.6626960172558458,0.5180244495373516,0.48990718433832553,0.9137671639286954,0.7651091339525471,0.7379679254943514,0.5224810260372447,0.30634246014962246,0.2150069256711917,0.20076324240293583,0.387225519807312,0.5732817206669364,0.4588790944026768,0.565223956381075,0.4093206447104258,0.30928555295230115,0.32069020428495826,0.3637796794849156,0.5916374272328524,0.7932951851565012,0.8868446891159255,0.6692734889783676,0.6934953985936266,0.9727869638691692,0.9544943576227132,0.4015399490634536,0.6404837995473025,0.571007303987019,0.42153741467886696,0.3758352254734357,0.41285157972074454,0.8787365419208766,0.7089291946630321,0.9906664369055611,0.9818029372982326,0.8377738615253145,0.4082352278704232,0.3881751046065406,0.585946696876065,0.506624232416913,0.8180105604366568,0.1945538740327919,0.06718341373104576,0.058535321388277,0.07074070088647792,0.22818717885611028,0.06196950854640858,0.12663482897596726,0.20012617373136474,0.17215502846237749,0.468360228061491,0.27682704152599713
-8.600000000000005,2.2259426811108566e-20,4.0219112949351847e-22,5.252353287311771e-25,9.630307014014003e-29,1.5268043868878328e-30,4.522511098696811e-35,7.176643687268934e-37,2.7604706780635364e-42,4.1013964398494806e-51,2.2489395688830502e-61,5.328781942341417e-70,7.245886904424249e-83,2.9833046541802628e-102,8.392634627513521e-141,0.0,1.4558532791117096e-136,6.785045305148408e-99,3.58733164036898e-77,1.0028467974925062e-61,1.8245216365344154e-49,3.3824333208118734e-42,1.182283259554344e-37,6.0134310169369816e-30,8.384253115414766e-25,9.735520613292302e-19,8.917219269480307e-16,2.0073918571937587e-14,6.476642509968172e-12,2.9686760908382486e-09,9.196216840403063e-08,9.075469580631192e-06,7.864431202897175e-05,0.0014842911834748586,0.008033885685079099,0.03293066866776183,0.23696614924964476,0.4734537136276943,0.822410562800925,0.7190801460015804,0.6185863405055042,0.8818042324437584,0.6681411802305401,0.7699248475627605,0.7346258776348437,0.9779895861526117,0.994096676939329,0.8369939920432461,0.6340936696287071,0.583453529243985,0.3996629233985977,0.35862196495593374,0.3284081481721288,0.36174259013817944,0.33670615998611747,0.32757486445131556,0.39260056367106133,0.18159997567554706,0.05010927443564003,0.03680766658648621,0.01543558901736954,0.004126922791639898,0.0011196009777342474,0.00029867869620863586,0.0011259995222606236,0.0015811202291530632,0.0029829037626879426,0.003918246032617613,0.03746990935845884,0.081299555766716,0.158926434518209,0.08314235683282287,0.19986492359149796,0.2459590879536073,0.26231838267722335,0.4941548000855094,0.4462355638614056,0.46929061625370694,0.9987739318869898,0.6927124820503419,0.7347653152827633,0.7122720789961029,0.9533978337836421,0.8617411579484353,0.9534067039461975,0.8228445581696556,0.8813441314357735,0.9474775909070235,0.688577247162205,0.8764867784543012,0.7274883447614108,0.6203519840223537,0.2983811961887481,0.16096042320472087,0.12970577185176785,0.048072219863665284,0.0382352828047685,0.020510252426351305,0.0183858771284765,0.014787741501616393,0.023129994114881862,0.026718133835327028,0.023701323823572658,0.04315095323120574,0.01600738254558596,0.023905737087158953,0.0032422868581129284,0.009365205405517465,0.011951524417243953,0.0025922014766447533,0.006394226389334922,0.002260613995337037,0.0030335443206395063,0.010077385944737583,0.0044726680713324295,0.01247712187721049,0.0047926089293094465,0.005014266239838878,0.008249112767641552,0.009901925347299938,0.010021542220897772,0.0021629263190304977,0.0017206786620338724,0.0012470097501899504,0.0020080865598688987,0.004392081493813849,0.002535354890645018,0.000161515870715379,0.0005347997525274247,0.00012310756755057954,0.00034270598122067676,0.0004620782322248209,0.00029130927634173916,0.0003841808466276904,0.001140225204862368,0.0026409788013515645,0.0016302167727020353,0.006029003480986261,0.00680702188116637,0.003090754667090516,0.00333055470369587,0.01285183582743103,0.015168119650923382,0.009330561767050093,0.010328408210339753,0.016968181708742397,0.03734972893843558,0.009834329336908981,0.016260042850753702,0.04608016816338246,0.08550800558234277,0.0782687000896324,0.15349039192570454,0.7091016425947788,0.7077376800974525,0.5905191050268227,0.7625445002331792,0.8438848521879312,0.9842275442522491,0.9748396771621326,0.8355977978138236,0.4192793437402114,0.48814908191534,0.30451306873941825,0.36509060545152683,0.35138754920580967,0.9051585516251586,0.9328552960542135,0.6379718948026502,0.5620781485059363,0.6416992387005986,0.7731452840729781,0.33014741511756956,0.21303682706870045,0.12044922644739578,0.10134094314769451,0.18014893585347194,0.05321005461592395,0.07647736892438313,0.09130896412404349,0.13051265663233777,0.06028241623652789,0.024592123508145686,0.018699878115384084,0.020787122822181446,0.02127353764707597,0.012331330319928228,0.03290506703446048,0.018451552745709403,0.012182503691683074,0.010023918340291883,0.02788225489594153,0.021289170189050508,0.015855770473060516,0.02794535257419528,0.015491995072446892,0.020940570490684596,0.019253414985477574,0.013275945318981991,0.01543283152192648,0.011260006239718335,0.02563472708524279,0.006005762410019827,0.001475287867020924,0.0006625155976766782,0.0001411344827114801,0.00035089273213760857,2.9475229327415603e-05,5.125974400665534e-05,0.00030662345370242086,5.889076727152801e-05,0.00021328457528657763,0.0013897906702237414,0.009793352275756891,0.01895188346242016,0.00855169558346035,0.030756507690206526,0.027094685503072792,0.03147276970228515,0.06670984664843808,0.11376886594854792,0.14716058396456685,0.26768968242185726,0.4372955528647326,0.27898773003000643,0.5257425376345126,0.27902826597359065,0.6438201495664938,0.8991473707452527,0.9953967441647579,0.6345874432944587,0.49360757715474396,0.7373195313759808,0.9367513159309347,0.38566880557902233,0.5024596600853483,0.2910182440056169,0.45478864753163495,0.30371208199080263,0.3864779585148869,0.3754611510270639,0.36610979747004174,0.5761561613479338,0.30970147528513187,0.35211818107048987,0.25749558390101673,0.35992746740660186,0.30144972818995147,0.5336919842163087,0.7596405473269541,0.5123675655600421,0.4465121632947651,0.9922158845973025,0.8933755019813728,0.830098991805155,0.559959131657147,0.29753130056011234,0.1712087172503687,0.19568136374949643,0.4261723382976964,0.5790143468522396,0.6558317085344602,0.7165939502957619,0.5770154988115188,0.5415051644618694,0.45368103074823635,0.46468839245520654,0.7151638263365764,0.759197452464992,0.9010437212918365,0.7256158123243915,0.6808177820181772,0.9693186751622744,0.9267777589062008,0.4394227147083476,0.670882337038551,0.5465332139837885,0.41690762210852705,0.40196456253857454,0.4772056781443467,0.923720902583185,0.7487550600788375,0.9946379704125384,0.8865882876725146,0.7545105484527611,0.5480717427257844,0.5794220926687512,0.7862945936503839,0.6328184044519409,0.9780271782256074,0.31078094320801414,0.12956335474723704,0.10546212631129924,0.12481017786691619,0.2884450889235215,0.11888995068868682,0.2504020204116788,0.3541180353848051,0.3446241765772353,0.6021229515271218,0.3958510354611986
-8.500000000000005,3.181815214433351e-19,4.301259308350674e-20,1.7909697923119326e-22,1.5765304515361388e-24,2.240550642897834e-26,3.749050313177918e-30,1.0979691261802744e-31,1.0525702418797558e-35,5.42345477788071e-43,9.107578633293121e-50,2.0414902263469234e-59,4.869263349137377e-68,4.35617546680145e-81,1.5418135219242782e-103,1.4558532791117096e-136,0.0,3.883085111995251e-132,4.7133286862379944e-94,7.675660248272848e-75,4.270915040588519e-59,4.232564510000088e-49,6.227261679414819e-43,2.332222811082707e-35,1.455345299958865e-28,7.376384230736289e-22,2.634130231122976e-18,7.592642524781397e-16,6.671887079948322e-14,6.172431967744726e-11,1.5763089984247574e-09,1.72261538796777e-07,4.704436777797877e-06,0.00012788435605141736,0.0013356150530709706,0.004647609840588343,0.06373098307922179,0.15887447129688972,0.33753576744257957,0.30714832110646617,0.2243508945037382,0.45739137280222675,0.3270141346464776,0.34574389546349965,0.3237475234438804,0.4393855325217546,0.49840219969268523,0.6535753102696931,0.8725328449350781,0.9188612330045345,0.6756294702649848,0.5987493464299304,0.4864089755718198,0.5331475592389616,0.5405629681178638,0.4989443383811602,0.5573626366038552,0.280114120047023,0.10417735963568282,0.07630124933250529,0.031467824572083886,0.014400568383692653,0.003985522980323517,0.0008694817424836871,0.005408018691496218,0.003119883248216663,0.011690569090506848,0.012444482611977425,0.05827413423445527,0.1836025651407033,0.22611279677937712,0.14369277092229055,0.261740903577151,0.2748713408323707,0.33478171552664904,0.5086882072771055,0.5290759387871767,0.5042980219300729,0.9238353490996764,0.7561865334815097,0.8850024125310946,0.7354763217758449,0.9980054901565073,0.7119627452737163,0.8474276048741631,0.9755050042927201,0.9881440894109987,0.8736278549128631,0.586698230918646,0.8520871188622876,0.6931399558991882,0.5464430982049299,0.3174220204220582,0.1791570280297603,0.13596883919991337,0.050932367990047286,0.04155252688701429,0.01916721209842356,0.008459898028952495,0.011175548730294997,0.013265967600487594,0.02202079877068089,0.016967102927528222,0.021414642017752707,0.013874730200948877,0.013926793060636027,0.0031758022906480483,0.014529697850279303,0.0075795305663898735,0.0031696359497768484,0.004889077568941466,0.002725939611219379,0.003575754370703513,0.009184983530502051,0.004530344370756434,0.008433892387976608,0.0054415889302194854,0.004668815246995312,0.007482745226418849,0.011506677605686601,0.011043366905681355,0.003543023512040084,0.0025765690185114245,0.0013596420785646263,0.004219709463358418,0.005546383391841617,0.0032685234705799207,0.0002069362360671257,0.0005038346588337751,0.00013456084591488977,0.00019794294119857296,0.0004032800617616682,0.0005005457429119345,0.0007342749444068464,0.002583698799653477,0.006653284626169182,0.00674412676244297,0.018295711187878053,0.018007460581546467,0.007384713402288475,0.012131944738435672,0.02835180871907634,0.038119735593427774,0.031804441245860654,0.022265240841912008,0.04445995196085686,0.06522392689198454,0.019640350236101303,0.027724806561098752,0.06939707259486616,0.12630644823939585,0.16745090434672194,0.292536670436662,0.7753506214203444,0.8178933550929134,0.6660076187309313,0.7955538208130888,0.873591887298121,0.9244444977499634,0.9947164411761447,0.7201000706077548,0.28348886037878945,0.38385845312975364,0.2463978275034781,0.357109156159886,0.34406466231546845,0.7772276070875823,0.804840673467562,0.6031927110667606,0.5875573839027529,0.6700636455204724,0.7419238673440586,0.3081779284939014,0.17588127225121059,0.13604913966704482,0.10822468694146421,0.1985967760109558,0.06999268436922886,0.09893262574942986,0.11139229511689212,0.1782815467652377,0.08090156611958652,0.029613144462015822,0.02741575369118514,0.030061752852844736,0.03548067186106842,0.01827992254014677,0.03972301207012432,0.022503096131185066,0.012171153446242347,0.008888289629905342,0.029750866033429926,0.017248549630508092,0.008757060638234261,0.015776103597811553,0.008870035142177308,0.010925239540676009,0.011724689372749104,0.008679187434331046,0.011206813169781707,0.01044790861603595,0.026338118665022708,0.0046225844465816734,0.0010577736840038114,0.00036621157812913524,0.0001263199872750564,0.0002608120005148368,1.2384323171345315e-05,2.3828012509988003e-05,0.00019022832807983275,6.01486388059253e-05,0.00014237916955193988,0.0009939573246176515,0.007452475684783497,0.01415156986690423,0.006786256592569208,0.021245454996605146,0.017532213712654225,0.03157508913390543,0.06878176362605665,0.10657571561101575,0.11868975930561305,0.28508575936206676,0.43714709082490566,0.3066787528289807,0.4514030204010758,0.251900676681683,0.6942509774560928,0.8587314773121307,0.9990953990909496,0.6638844990085607,0.44146264961697257,0.6702826778331733,0.8742967923656901,0.33305725167927885,0.5085302329768211,0.22756826509297257,0.3691250491729589,0.20004964397898428,0.2975612176523719,0.27095295180498963,0.3015774786688903,0.4761402978909221,0.2546101373834102,0.3024438821060705,0.2109926813486562,0.31597319153046427,0.2512710320607926,0.527273184082641,0.7280002763664378,0.5855064476563299,0.519241756495648,0.9117202729180711,0.9356521699284438,0.820415557336406,0.5715926764446008,0.2717233961397529,0.1262385397983995,0.13695643753977513,0.25378080060355557,0.4257640296526525,0.542532823781121,0.594397737603024,0.5578011358234204,0.6140578342740364,0.5773637789567162,0.7769444534758467,0.8736747221779914,0.5502378822212372,0.7341396596124021,0.470602981464698,0.35828558941902644,0.5636187660325067,0.6804377126198335,0.8873579341925232,0.8569858527078822,0.9327443012323681,0.9093975087083871,0.8952703896297619,0.974369905870181,0.5405856921768346,0.640091116040666,0.4999225523531493,0.613096417237772,0.7993959184736061,0.3047828423617856,0.2986374076476874,0.47037384410074223,0.376117536380085,0.6117799970060809,0.11993849795592328,0.03451689581824823,0.02211637731727411,0.02729956547820065,0.06405405640997971,0.015764172093486677,0.02858831201375904,0.06232177226315903,0.0666465984612864,0.16155351140026047,0.09804963580436923
-8.400000000000006,8.564953900801885e-16,4.333570906878758e-17,2.2478876611901824e-19,7.629534767221945e-22,9.59724554987325e-24,3.7131419998264405e-28,2.3453247541876406e-30,2.475099809763328e-33,7.726254655015962e-39,7.693539105828319e-45,5.643760815728064e-51,6.493787368279204e-59,6.305399656327402e-68,4.062755697261822e-83,6.785045305148408e-99,3.883085111995251e-132,0.0,4.065171432801695e-146,6.051799875086812e-106,5.80760106046059e-79,1.7290315912110863e-62,9.303196053622815e-53,4.887188538810737e-43,4.723820110980128e-34,1.2304819634299314e-25,2.881789941828954e-20,6.082376372349473e-18,1.2737985806157736e-15,5.8193629326993095e-12,3.852550642842202e-10,1.1613541112836282e-07,1.4691633375782575e-06,4.093103224281856e-05,0.00041013459960971793,0.0008374340277750327,0.015322931438067315,0.04266274811451263,0.10532768352651715,0.08983692786151748,0.06356719320205757,0.14055001039247267,0.11919074300385606,0.14640334537747737,0.17511389753054643,0.23058265017868307,0.3044846629873327,0.4957490351110633,0.7009083681740274,0.9821934247761647,0.696660266083182,0.6446031293919717,0.5128442530137338,0.48810763178505,0.5386062673883862,0.4203730773872621,0.5333189296008325,0.2720863730634308,0.0930140362502236,0.06673213172508824,0.028996553821538054,0.01472635176962006,0.005813440326203625,0.0013740527809331898,0.006151376086316474,0.0030619271384398064,0.008736014769216939,0.010286411304285979,0.05021780468215184,0.15655805265820047,0.26149534726840723,0.19141459571132657,0.2987131163972754,0.37555595613351156,0.4800452269254597,0.6801576881950335,0.6409985733695028,0.5315536910263178,0.8566574180713683,0.831334218771369,0.9299281313319476,0.770428471110301,0.9970727720311074,0.7185173666447493,0.8609463000158825,0.9540215090308521,0.8499955156587053,0.7774381225400432,0.4696544925553277,0.8404006358584516,0.7021634172850287,0.5646737921276774,0.39128818975003526,0.2325370097103553,0.21415619860783913,0.0912202045878164,0.0962269884673859,0.04784051448723304,0.025286340661986314,0.028640656137055732,0.024887702759221288,0.034133339038361896,0.018822583625081723,0.02356128316310074,0.019328108306297213,0.01739843638033034,0.003222385847879442,0.01618450517339091,0.005387598578813388,0.0037256611597381822,0.002947847714663026,0.00153001063677536,0.0015861632691331247,0.0036414858303202347,0.0018567036458154854,0.0033009559842053318,0.003329423422450709,0.0019070481143236867,0.0024296562213986374,0.0032967388498400694,0.003572079291959652,0.001560696286705273,0.0008800793919421582,0.0005145035466589342,0.0016139669128835033,0.0025417797863453244,0.0015817257283824615,0.00011721413688706143,0.00013206803918510733,4.2028148356437146e-05,5.5845673808933946e-05,9.252438095584881e-05,0.0001619493938727991,0.00016634748549251247,0.0008409355927018686,0.002432838848067568,0.002741286329835375,0.012508341822494006,0.011734241293051699,0.006221490259249205,0.00957021285341809,0.020645994542718284,0.02643554393085271,0.028042515567042018,0.028107341108392508,0.04364400612420824,0.06105478284609724,0.017870923411609087,0.03162933952041409,0.07103944719297818,0.12046729536489147,0.18939559426664482,0.2695577257495526,0.6381359663232472,0.6143525177225067,0.4911520287256767,0.6201249176404859,0.6498427823189425,0.6355738989235811,0.6747590829069853,0.457950963520544,0.11621458254806838,0.1467556935136042,0.09579120974864562,0.16971836728431436,0.21581633172391543,0.6962780040301365,0.7076171428196268,0.5467287402980501,0.5029846705913245,0.6916558502079028,0.8015508935808305,0.27697594574203294,0.14240764055066674,0.12025471497775457,0.07451967699103536,0.1275802287250259,0.04183233701566218,0.05658474415909604,0.0780374738092047,0.15763172362804795,0.08197241496758609,0.03714936135240313,0.03479054515881685,0.0425796207557357,0.05698597935650976,0.02730370726754449,0.0339354850967842,0.01759813258548667,0.009244645767071633,0.007051586074745695,0.031402532534625396,0.026196096168271232,0.014435596832682496,0.02427220150535551,0.012136349358080256,0.013118258617110409,0.015077976117968997,0.0124484696883412,0.01300759113774574,0.011684995234178208,0.020370413175743753,0.0030314755794299333,0.0005164520307263679,0.00019258904715156947,6.487105327210836e-05,0.00017613348937895978,8.792718277900955e-06,2.5741918302201085e-05,0.0001506395850181719,3.1934368514094e-05,8.207987611787565e-05,0.000955135142187812,0.00918995055202555,0.018251681949158723,0.011056324366878992,0.032383075566323,0.0337993563898224,0.0652098861129804,0.12289229878836837,0.16294802692632432,0.21783358407698636,0.439365579616457,0.6844606737116348,0.46185875875815086,0.6689221658573496,0.48451772857689973,0.8820048493513718,0.67903418932419,0.728674044368485,0.4166183837359968,0.24664838081333193,0.4362425265067769,0.6126293580322655,0.15630429395489262,0.2833477470760944,0.10095595143394158,0.18999198369407075,0.11347982193976519,0.2050255205973232,0.24499746014290052,0.3009514312386629,0.5708995196088172,0.38152959044573614,0.549927892089706,0.41154838204208793,0.6293307618349918,0.47369200474371925,0.8642736918165739,0.8840259577798217,0.9572143718678167,0.8624168024587028,0.5306638601472958,0.7247358195345777,0.8728212458919536,0.7876084577021751,0.5102513174368437,0.25503791569365175,0.27778350306908606,0.503111902600012,0.6444053171402644,0.7365232891820643,0.8206194574907605,0.740567248390236,0.755366547879722,0.7794321309002029,0.9088020544675771,0.9050456282611736,0.6324379817217619,0.8287713776167503,0.5676506832194577,0.4083460351133964,0.5484339399116972,0.7140180903305355,0.8373983731282394,0.8505524311958526,0.8831652428227206,0.9600649800212656,0.8959320814459814,0.9979984770880795,0.6031627781601695,0.6767504330882923,0.5585904832329162,0.5980152206266418,0.7271931924690874,0.2396697120329597,0.27126601514984494,0.47124947462685235,0.35887938372939493,0.5617817289445082,0.08478010266266905,0.02319527065404529,0.022186189437941498,0.027352540128091192,0.06811627068057033,0.014626259816948166,0.033789299459321194,0.05876944564068018,0.07429924906613342,0.18667345405659244,0.10744221121706458
-8.300000000000006,1.4174292391964855e-14,9.063460070184956e-16,1.2706368898432861e-17,1.6602825454139548e-19,3.941327852289677e-21,8.556863640673848e-25,2.5360913992663005e-27,2.1644780370788544e-29,3.380674525259198e-33,3.7975577702422225e-38,3.020895107900309e-42,3.544483111072341e-49,6.283713107036112e-56,8.645166137385472e-66,3.58733164036898e-77,4.7133286862379944e-94,4.065171432801695e-146,0.0,1.7598821064109838e-137,4.300235071190655e-100,5.101471430222418e-75,1.5888618801673014e-62,7.095259816488503e-51,1.803257253181491e-39,2.425562678479474e-28,1.6934089615321146e-22,8.364035782555802e-20,3.469264979501011e-17,1.697767335125316e-13,4.328961727052311e-11,1.581116742724313e-08,3.2147717332109236e-07,8.098798758707918e-06,6.976265397379051e-05,0.00014290781297573497,0.0025340300977748126,0.013212815516472052,0.0421913086134343,0.02944630426036195,0.015754514467631212,0.028890115893300823,0.03418397700165506,0.04763765615601494,0.058394716116321264,0.08670187235342179,0.1504815291903431,0.2830542453833684,0.49041786841552487,0.7271636172570648,0.9465373126063155,0.9207506884613246,0.7234796048156847,0.6590509087122981,0.7948089427299522,0.5840112252675737,0.6416154601554305,0.3381907009927304,0.1099533612673894,0.06296586644043796,0.03321367011452177,0.013680391197999223,0.007441105763802682,0.0036072417550189104,0.007954227521553068,0.004888867070878202,0.009856368793949705,0.008951072902205188,0.04687426149926881,0.10039626289313919,0.21237074583582133,0.15946179703766208,0.2762755293851882,0.3823964775739448,0.4212137507202248,0.6156551701688434,0.4790001100479696,0.41571762495660647,0.7261102851476073,0.9668080588308733,0.9653954257971159,0.9969977071783503,0.8004886511141917,0.6300627127278443,0.6895746536687412,0.8176735153964598,0.6516533855636055,0.5241613232505709,0.30349658043713373,0.6312803994248825,0.5264503983057762,0.46841633672797545,0.3746480925599872,0.22091318976357133,0.19183158640049233,0.09256868990338123,0.11318432467113682,0.03503865122101835,0.021657661741495242,0.01962551874788148,0.018485420721281284,0.017269465286399728,0.008024713844259507,0.01930432845126392,0.011599897926746322,0.02026437610374133,0.0031686518800756115,0.019588145821134915,0.009512525591435323,0.005108773353273111,0.004830940110254463,0.0021982588310590157,0.002539736107471657,0.0058422065864588285,0.0033588958117102196,0.006368187543200423,0.006338687819837074,0.002921597533316069,0.0036389075560356696,0.002978591673327937,0.003916600624925962,0.0018829217593116497,0.0008274284482754968,0.0007566129185011178,0.0022740953494948335,0.005060037167448715,0.004204643956080736,0.00032264244566891984,0.00033292003804308805,8.634473504627616e-05,0.0002120148890630164,0.00025041213677630804,0.00038376641979826924,0.0009719220959190404,0.0034124911227728827,0.009274715526372145,0.013033686281812567,0.03142461745843424,0.026365946569085363,0.011277389740765859,0.012977810137750165,0.026662248159665263,0.03386452170855218,0.0359907777671233,0.03083535079443362,0.05011288601912485,0.0755756858468603,0.023189186261342493,0.04678512659574697,0.09614634924520594,0.16609560505175605,0.23724555816661705,0.302508919349865,0.7311128565419456,0.6693653078307958,0.4793417664216007,0.5565799384996045,0.574658290831576,0.5500710129812607,0.526147230424862,0.33572835167185294,0.07864231982183782,0.09779814905907384,0.06647079586252924,0.13216237048381632,0.18367061426027545,0.7280100722436786,0.7193993272171788,0.5503953800225119,0.5484724732891981,0.7415399171966216,0.7830386395862136,0.2722639818951179,0.11725661458884809,0.10617375269172795,0.0705423381573665,0.12801842289916915,0.03955860313626611,0.04528208351329474,0.049515971471077364,0.09944412738766487,0.05135353254286418,0.017629019803618036,0.014330653427200706,0.021530236475979018,0.03588776308134901,0.018398980838638307,0.02395728004628055,0.01089993343541765,0.005566873971286816,0.004165627818948185,0.015703223748511654,0.013262353378564382,0.007585698777507982,0.01465740060749357,0.008041677193990654,0.0069737961043898474,0.0087936497110266,0.007873201597623085,0.009795292922102981,0.007354511230306039,0.01574450833607749,0.003040822370918325,0.0006132764071484225,0.00017258078946294972,4.5959218282461616e-05,0.00014957729646275267,4.21626451034315e-06,1.846732882380262e-05,9.580992168316103e-05,1.0876007127940794e-05,3.384161660380471e-05,0.000576867785565958,0.004610900282002697,0.011658790741259003,0.006796591727320971,0.022377983431972535,0.020188463097446867,0.049101542779762676,0.07842300103392652,0.08457392087006314,0.13029659495518003,0.3244028591864773,0.5488202824017574,0.35746068801278286,0.589467830461173,0.4732219909330701,0.9005189234482018,0.6265086832387721,0.7010748877253231,0.34791870665023283,0.251514418762135,0.40020250587495876,0.6027466205640994,0.1703828145678306,0.29777775829528486,0.15474119048124332,0.290885450624443,0.2141504044216252,0.3502393100011208,0.43727524900203607,0.4957278414912362,0.9017672842166369,0.7176662640424752,0.9084520821693993,0.8138630426622707,0.9123736832529117,0.8175865368573154,0.8852102156033456,0.6223213787816189,0.8549727355079016,0.9756577433724413,0.43669756089193273,0.6234568686720966,0.7432648924351779,0.9335707939008713,0.6616452982026308,0.3163504337973893,0.3770358441843772,0.5843063283822024,0.7750870123243091,0.8938333251507683,0.8752001174052066,0.9694325571761455,0.961072941568545,0.9940966115344293,0.959435938305327,0.8801186132280978,0.5676034776885233,0.7537688014381337,0.6046844212267327,0.43693722137625207,0.6416827140826343,0.9396296871991989,0.6322037142982831,0.9161081818310848,0.9075363662941859,0.8003134581430522,0.772770162842828,0.8448987868436081,0.7741125878984727,0.8187692347339675,0.7078346305139157,0.7257782515662788,0.7807541758398577,0.2710155664049617,0.2954508780786649,0.5471821418094688,0.3952300166065475,0.5148228236385715,0.11270463807964205,0.04450095408648472,0.052331040276604866,0.08198267385078918,0.1945493546855316,0.08633772968785033,0.1981452685648454,0.23878863518127724,0.28657125311527,0.43727897212284866,0.3444667908152493
-8.200000000000006,1.164525357475885e-13,6.235547911267792e-15,1.9268770839206494e-16,9.884653785438895e-18,1.1703706320353216e-19,2.1770811786101843e-23,1.9194786171055914e-26,1.4011157883295797e-27,2.0349359653962206e-29,2.2469351409812633e-33,3.038565226494389e-36,3.147738893844449e-43,2.2772196274599e-47,7.49853988828117e-55,1.0028467974925062e-61,7.675660248272848e-75,6.051799875086812e-106,1.7598821064109838e-137,0.0,1.3917714412246033e-132,4.892847235216571e-93,5.599325274800452e-75,4.245775334312173e-60,6.722351530233437e-47,9.43274079543096e-34,3.830912284252764e-26,1.3362716459906807e-22,3.401514624228012e-20,4.132664957573361e-15,3.6540305600122436e-13,2.957784713654174e-10,2.132608244981975e-08,1.0109040811536876e-06,3.510504646592249e-05,3.91036988985665e-05,0.001744156784359554,0.012301511123133121,0.03263523839686699,0.02743471436611357,0.00941883205003197,0.018909812278010026,0.02312408975641839,0.027864986278002612,0.028533270171833124,0.04878465782581609,0.07591102358788963,0.162460821620716,0.28645016703681203,0.48145964140717273,0.7312311816065616,0.7168621761738704,0.9830294876168763,0.9459558733268898,0.9292352150356868,0.8709954625544059,0.9149172199510054,0.4306289864374467,0.12921878291367103,0.0920186271154935,0.05541766698900905,0.02558755375403434,0.013837030488119842,0.004242702327344795,0.009340974528384869,0.00453667081666375,0.015748377070420948,0.013794836084962516,0.05636529307751636,0.13496741909229026,0.20432156269818932,0.17017814648903665,0.25204917945753674,0.32926937405804585,0.3359607522123906,0.44466685771279935,0.35530685670444323,0.276475185591385,0.4861430253147046,0.6410768322174367,0.6503845810991152,0.6480169212701626,0.5027721915715486,0.42245868014692006,0.5029051907420596,0.6126750620835186,0.48152147439796916,0.43396048688808986,0.18822285299303393,0.4713343414539371,0.3573387310684478,0.242571294903259,0.17689028088988476,0.0958189761307669,0.10131131139068421,0.04286176476842063,0.0611200032530045,0.014840791017069664,0.0071532815595381155,0.008412032824355842,0.006963229000440189,0.009810563491757783,0.003580408123734142,0.007941052037947519,0.006440873386774732,0.0066126760475233816,0.0014633142184855008,0.012681154270864846,0.003969930422177841,0.006715903232433046,0.0027124301354752873,0.0019135742792535874,0.0020659432723791767,0.00416380436298564,0.0028626126836673155,0.0028148306423948833,0.004111936873360553,0.0010264948344921464,0.0013358956253425832,0.00204732377851003,0.0030668058029843103,0.0020105387155273497,0.0011742315617756952,0.0011918410483850042,0.0024703520361340063,0.003230198383789013,0.0034342268962428376,0.0002343963172529959,0.0001830714881574454,9.110982943901344e-05,0.0001762763769280692,0.0002987316662470944,0.0003284266258645267,0.0005205334053570177,0.0020610241183062787,0.0043503512174878755,0.005553370163812668,0.01203588365684285,0.0105865766861747,0.007892324108474473,0.007216143101351625,0.01682854681067214,0.025251719511233988,0.02304855800522305,0.019145043286116083,0.021340442280686774,0.035350886387683356,0.011337110608482972,0.02206488197249116,0.0670642752031319,0.10976774069548996,0.19823255948064267,0.19169253496792973,0.3909014581547278,0.3888830351824823,0.2112863771941542,0.25290424180103344,0.28035661785931876,0.23606443942968547,0.248940825485764,0.13876742546752274,0.024625229174696207,0.033524606529993756,0.020741234200294452,0.06029220023439408,0.056454993085092234,0.2761293066326702,0.24885340094321692,0.15655312622852294,0.20150722845231392,0.26081198253903776,0.27382157468075646,0.07345503056209221,0.02858729045023363,0.019588442029838407,0.014453706869133413,0.03199894376180007,0.009805027222316494,0.017563005316426936,0.012720480431967026,0.039031814544482756,0.021437072196707777,0.008562839704777711,0.01249856875597379,0.018040658871345594,0.04543159363853167,0.031110118472483253,0.04549571910644754,0.021488447527727557,0.014416983955967074,0.013062829336898183,0.03582170915713407,0.030722449309350315,0.019771231506800636,0.033505032082166444,0.02822999780367563,0.023635499168973815,0.024836822962931535,0.02525620694446005,0.029615415614317575,0.02420184614565388,0.04988460078281421,0.011357262720568783,0.0020973918772834825,0.0006008553649560734,0.00013225233286953694,0.00034822289286115966,9.012257809218263e-06,3.1876796779308376e-05,0.00016896185571834397,2.3640367178048207e-05,6.210023572635524e-05,0.0011222650073127245,0.006299250939931243,0.027490419844734177,0.018016888657886875,0.05222250445687472,0.0646741389837749,0.1428889247495068,0.202270584343438,0.18493464856257666,0.2729940070951511,0.5681013238000783,0.8257323606383561,0.6277836877145955,0.8357963323705524,0.6530836888407326,0.9889641756807197,0.49270387750465783,0.4572854255133116,0.1779726778880299,0.1171617685488415,0.23037304961084362,0.3939210035784765,0.08461012477639372,0.1383029090950112,0.05218310099241375,0.11776550914986014,0.10096745937364171,0.1639723193795623,0.19630498916640973,0.2866991488311895,0.6224434979225442,0.4615869658085931,0.6066353111239998,0.6044384954117048,0.7629797557830461,0.5576393164556264,0.901471149102523,0.8959290509184524,0.9044882456850879,0.7120162890948184,0.7082538753462708,0.9288188845347776,0.9951713304648699,0.6924048483733976,0.4221137433750628,0.16991587997323598,0.18628540087537862,0.38797755281698476,0.47660969700335315,0.530248572743605,0.8635234301873546,0.8352005496612847,0.943669173365941,0.9787791007160266,0.8861052601249135,0.8422452158665463,0.5581925992068715,0.6860181572913131,0.5896239337844457,0.4058784910884201,0.5704007021752542,0.875121382228725,0.7355484143280183,0.9087122012915606,0.9183016440731978,0.7584500567980986,0.7411960461575365,0.8070908342472215,0.8205588479066124,0.8215863802766412,0.6227097369228616,0.5933806439669351,0.6355600980170409,0.21987239998327135,0.2550550627951095,0.5004589816088797,0.40796492279776697,0.4422644460289776,0.10965727004489921,0.052597817686391435,0.051167427242211856,0.05557700277610462,0.157955490794853,0.07289565336672264,0.14533999849147353,0.23716505510710265,0.2708481019274672,0.41867946616626506,0.424339301210617
-8.100000000000007,1.9913222165810827e-12,1.1576740897179965e-13,3.4504245155899462e-15,9.075571829147369e-17,1.2367542504996042e-18,1.7036097765752625e-21,1.1891554424201015e-24,9.340332726033662e-26,1.0715852574284947e-27,1.7609233104563924e-29,1.722962689916147e-31,2.4197723673203664e-36,1.1284979529235848e-38,1.0463084820769348e-44,1.8245216365344154e-49,4.270915040588519e-59,5.80760106046059e-79,4.300235071190655e-100,1.3917714412246033e-132,0.0,8.156795171887548e-136,2.1912052921077444e-102,8.102561312589849e-76,3.655879837624626e-56,2.7219365824027536e-40,7.575894999259428e-31,1.4810906930764062e-26,1.555208689320832e-22,7.853020528099943e-18,2.0831851765796136e-14,5.281813596701611e-11,5.584162041155907e-09,3.550165687863828e-07,6.197967250648525e-06,1.0975498685352358e-05,0.0006285993092321445,0.005301083759073668,0.02007397303656438,0.014661730714823674,0.006275386959347866,0.013368496351477967,0.01662122710726813,0.020738569804678673,0.029696346515099024,0.04439155298752583,0.05276312937038554,0.10038514139589828,0.17593643700860884,0.34383307212058906,0.4354005103358386,0.44870916497258606,0.6978502405054754,0.8149609986391044,0.8027874493531354,0.9950249200419037,0.9848241790968175,0.4847093448508241,0.16964360877347232,0.13302979101825232,0.0862406345779703,0.04403890513384883,0.03665254124634957,0.010478734671655623,0.021942187838132114,0.006910878063047047,0.016703948980610183,0.017609497702592614,0.06803120824715604,0.13182610651187238,0.18937810378379505,0.1511096081920336,0.22889413709106057,0.279710507196773,0.2846755424383912,0.2736244113902175,0.24976685198285858,0.1723926393557399,0.36312068665103886,0.4977993292640096,0.516339452316752,0.5207205619013796,0.3211688624268594,0.26326260148081704,0.2705367127762964,0.30450023726815606,0.2118161154403346,0.19296077707365814,0.0809319274205824,0.25981242837090246,0.2220224233695335,0.17430196202860446,0.12822495021793073,0.06597533917583333,0.08246298075460318,0.04812691633620291,0.07082312333693758,0.01543534283529876,0.010560787734248388,0.013085747158584805,0.011647735885775936,0.01340399852158436,0.003763988667811905,0.011996715425741735,0.008937728924435026,0.009816945787005836,0.003269378746442113,0.02997800108065666,0.011558848723763252,0.007097545878409309,0.004486929810117904,0.0037569266907098364,0.0033565322656025067,0.007311872922183576,0.002579946854678281,0.004432133973501407,0.00785779897782836,0.0014775601717848578,0.0017142081217116814,0.0022315229737265557,0.004995297512875799,0.004203548898102361,0.0030114899727584736,0.0030762560044706763,0.005016815606538193,0.00488152096160369,0.007358911079510738,0.0007183383279102251,0.0005852634330376412,0.00020402466414522506,0.00025261088807350054,0.0004707259705057735,0.00046474329771138624,0.0013156488994882601,0.002838936122874149,0.004463893306550342,0.00657252842787682,0.013218615060864686,0.012865649805623972,0.00657166895250221,0.0055438447096937335,0.00890352594472899,0.018487558465164453,0.014723997915235612,0.011235460493645601,0.02492317040266004,0.04268070133837493,0.013709038220392902,0.03241454707754573,0.05784444149928248,0.09669074119393264,0.14969351823119378,0.18280482726593603,0.3577257468990627,0.30381589538399395,0.17295716607060505,0.16706256587204998,0.21824186016560054,0.18355005402905714,0.1870069834811791,0.0941709894929306,0.0138609399797601,0.019548003427003992,0.014506542019482848,0.046380091069668894,0.04144740276547145,0.21324939479119345,0.1862882071207626,0.10653859185670438,0.13781891092207035,0.2061345790028718,0.23242106397533746,0.047417470934669734,0.018935240314734383,0.01747405134723602,0.012116018090355778,0.01627793012220864,0.00282089811078238,0.006192521044127042,0.006478856727228778,0.016126191275873634,0.011357247803893855,0.003480721039143009,0.004496949786174763,0.0061272221458653865,0.013602232527338434,0.0069878935995701065,0.013684522524593583,0.007496361698805088,0.0037028035197889334,0.0028534963150821766,0.008277382602149086,0.0065506965776815996,0.0038881396338913935,0.007712592457758043,0.007948031767306268,0.0075682152777031275,0.007727145395863253,0.0081417302592554,0.009469870720187434,0.007994388351405065,0.025313407501952715,0.004217484004330782,0.0008370818865242309,0.00020832596537183847,7.00950980051569e-05,8.921634138388016e-05,3.0716825898031846e-06,1.708976252132524e-05,0.00010973096108777471,9.95010344611245e-06,2.688264596457857e-05,0.000687971392728392,0.006113228303148245,0.02466311915191339,0.014868901986546596,0.04578275949191254,0.04375483897441343,0.09667928073397099,0.1612773549295372,0.13992222575209676,0.22545645599848868,0.4850910392516888,0.7123073716597826,0.605611954511447,0.9065612559904327,0.7372339931866279,0.9129982928725756,0.3939054626740356,0.40416867582037597,0.12041604439139145,0.09870164818032859,0.2530536739406369,0.44499326440175935,0.09578541919235814,0.12785269621711268,0.05796983251154224,0.15358323545863548,0.15378889517238745,0.21801186542726053,0.2788048314565796,0.39228729553936614,0.7998828481900254,0.71355884229931,0.8100233057119183,0.8157061353899026,0.9380444280549195,0.869414610207126,0.8182755846068462,0.7022543903179822,0.9438354875146135,0.699370750959815,0.8672689253102316,0.9062481694151162,0.835520690857881,0.5288057936622858,0.2810157374729437,0.10379833624611838,0.11251607714217507,0.21027640566872885,0.25149466599473147,0.3260077078254018,0.6171842314632486,0.5679121086637087,0.7242757924441252,0.8421612142696235,0.9703852703053811,0.9692240728255332,0.7484429704039924,0.8790059026280791,0.8193248094968426,0.6241846232735175,0.7908946108214462,0.8481506159464273,0.49564298639966664,0.5719126952568491,0.5297603800252331,0.4443709511604535,0.4906055106595279,0.5943666176080902,0.955418462354827,0.867974162037414,0.8921293847558828,0.79480613686762,0.8783943740317295,0.44214900150058895,0.44680702360862345,0.8414234237381446,0.690480098269632,0.6528572046622867,0.2598391582756464,0.12420385613993738,0.1522336402139723,0.16334394949080325,0.308441966026588,0.15426405489281936,0.19854249422861323,0.34812581245663843,0.3701171202220124,0.5309235394203173,0.5677612669897628
-8.000000000000007,1.4086769422252538e-12,3.3811489943057835e-13,2.3064290125368305e-14,1.1631720897360948e-15,1.6986524970501588e-17,8.312998307212195e-21,8.979671226398171e-24,5.819530118917441e-25,9.489711734224363e-27,6.635633529804542e-28,4.085022873783392e-29,1.3420238707031215e-32,2.1256324741419085e-34,4.639111254533223e-39,3.3824333208118734e-42,4.232564510000088e-49,1.7290315912110863e-62,5.101471430222418e-75,4.892847235216571e-93,8.156795171887548e-136,0.0,1.5164802461583975e-138,1.9844698399746572e-91,7.084995896640614e-67,6.420187189876352e-48,8.800570584889083e-37,1.3024124841147697e-30,8.501054302795538e-27,5.1441384517226e-21,2.522173818508298e-17,2.0126496147424016e-13,1.2494535029205688e-10,1.4646863642570511e-08,9.48141358060047e-07,2.175863860723298e-06,0.0002104030014226916,0.0017930208101413936,0.005514173457649678,0.004333745407232181,0.001894983430547924,0.004665886463845214,0.005693597755239013,0.0067394708912376965,0.01414959457701068,0.03270571677369508,0.03233619422529702,0.07558707798247345,0.12552230328446773,0.22029176318029028,0.24153409694514166,0.27719384978254413,0.39523287523247863,0.5101506117248003,0.5089231085786463,0.6857307683408582,0.7596231703481134,0.6065265624326858,0.22202074702378954,0.16261559700351044,0.1123142346982529,0.09090088820048205,0.09147721452720321,0.029803723607010838,0.0320258042048497,0.018343584588316416,0.04426620822653617,0.05028204116438269,0.13145447343214914,0.24026365423556983,0.2773317032103564,0.2889280292713956,0.45938064533194317,0.6145577363780962,0.5875589826549493,0.5786083233396414,0.49819464796464247,0.32231264974419715,0.5600616780492611,0.6496479129884698,0.6538029867316388,0.6747381742367061,0.4519529902796033,0.36367612616924305,0.28821639860202675,0.3213299634688856,0.18366196878184846,0.14849686577788157,0.06330275870502658,0.18536294530795525,0.15331683360219933,0.13709748971492558,0.13114116259094197,0.075452420306088,0.08239550165302485,0.0504948844824445,0.07681390882813503,0.016296819545455563,0.010883673098301705,0.01183230131549961,0.015166334959264812,0.019053360120778087,0.00480051718776638,0.01614741335830366,0.009162086154885164,0.011506763959842533,0.006906652810054912,0.0398236189031946,0.014561182909593448,0.010134710570380668,0.007943196594993951,0.007957687540001849,0.005171855012008638,0.010008139097202476,0.0045432485660178235,0.007625206019970371,0.015205358418652492,0.0017107094210806614,0.0016294334676967047,0.0022483615924136324,0.0046746231734793664,0.004937988005599425,0.00351479443881731,0.004437404866186739,0.007557554448976976,0.007629254260144456,0.013694597155747149,0.002194811844157708,0.0028953163367261164,0.0015961621510561233,0.00174218231775264,0.003129610712715367,0.0021156852416339767,0.0048529907132566,0.005999084544951598,0.009162835032738972,0.013438485679241144,0.01669760800728934,0.02083953197615644,0.009501003960741258,0.006600278625617007,0.010761018229334897,0.01971133300095171,0.01604541926202014,0.011640250947761022,0.0286623287140049,0.04514198730713866,0.012609961521118708,0.033404118968294434,0.055222968550884495,0.08836236601736558,0.11229424588553877,0.12127520982574176,0.2031872470627967,0.1569888934151498,0.08089002198943787,0.07965894315385814,0.11732492859620926,0.13386489957156628,0.13292172078761152,0.0785950999050716,0.01791061277504276,0.030278018005296316,0.01864314365985344,0.07187928840293561,0.06359089023562815,0.2602974323869223,0.1881099181337185,0.11689650048496023,0.17250713359216457,0.31693607739777496,0.3542902201010495,0.08869416892586975,0.036595844117327574,0.027638845827456293,0.023464572524178728,0.02141141941206949,0.004068686433133593,0.008375939452397485,0.007411266767257671,0.02422006633532669,0.01671385143184001,0.004161512511925151,0.006687285355047042,0.010156741421817219,0.020350076729199456,0.0105863172071942,0.02382144007516313,0.013621613948411103,0.006980539689149424,0.005109137980404172,0.009934328947946495,0.006315338839973041,0.003442777458684106,0.006445921850317323,0.007246145431622421,0.007017389454676489,0.008304030359044891,0.009385235805034371,0.009089649902366189,0.011563280868425589,0.027508252304959617,0.0042653913464862124,0.0008031671685012049,0.0002630025417270297,7.229191624146997e-05,5.5981523529935676e-05,2.983373536539024e-06,1.4179462553114413e-05,9.165374354900973e-05,1.1072282254350021e-05,3.617539760172054e-05,0.0009524363379714449,0.005944837447906718,0.01866793898910303,0.011822447287142577,0.04475952306092603,0.04220291138994015,0.08426972782069395,0.12370907327214596,0.12538217322882086,0.1467204419146003,0.33330659195311313,0.5009861010391747,0.43186857419935376,0.6213882370087741,0.521781990878357,0.8646411470446417,0.50278071877889,0.45353230998750943,0.13173015885544334,0.10685222913958654,0.2298225102252119,0.484720552444934,0.09758004468754067,0.14434205916513584,0.06639501998463088,0.14080237291463651,0.12733364879937678,0.1730800412766265,0.20927203614822762,0.28105535941857496,0.6910412754401856,0.5804757361099561,0.7322132334466027,0.7369469475573003,0.9916477344595582,0.811989801445386,0.8886179093509913,0.8628243403820517,0.9952279041943314,0.5919263759811026,0.976123160347706,0.8072486339556629,0.8044004494400222,0.5146330177228997,0.2682409024420211,0.12083659949659094,0.14625375127886078,0.31660121498000915,0.38678866210785584,0.5112281816829918,0.9920891354090914,0.9790185436197854,0.7190268412473386,0.5683693512768124,0.4043262579254264,0.33115640228837934,0.17216287262641522,0.27230928818157946,0.2503070044894326,0.1583977812040478,0.21608598583421557,0.5078936373244396,0.8580022127749101,0.7895238414695134,0.9282805024839736,0.9878704962654266,0.9953239742778293,0.8596758765215425,0.5254522495880349,0.6423219884421887,0.4866624570788771,0.45555945334925113,0.494612330176315,0.2126904896424433,0.2311269260848622,0.49031356402382625,0.4472830259025868,0.4615796858506696,0.17287654273267894,0.08067182544231961,0.09596328690770586,0.11114079719417222,0.21405520098887856,0.10186603594305174,0.15580253588389678,0.39698662461780004,0.3590509244958087,0.5265336610836459,0.5091841355152739
-7.9000000000000075,5.744299448911491e-12,3.3530729761251644e-12,4.4282464115284673e-13,2.7808760658079685e-14,1.3570129951355724e-15,3.605892262128563e-18,5.59409321310365e-21,2.776180604237847e-22,9.129290873738726e-24,8.138620565809091e-25,5.053133016107148e-25,3.196022656389232e-28,4.465945487473621e-30,1.987522898344564e-34,1.182283259554344e-37,6.227261679414819e-43,9.303196053622815e-53,1.5888618801673014e-62,5.599325274800452e-75,2.1912052921077444e-102,1.5164802461583975e-138,0.0,7.95248211785726e-130,3.77238096844022e-88,5.626498254939675e-62,2.5332226462892963e-46,2.200185494158763e-38,3.7203310528030196e-33,1.5338472537216278e-26,4.273180435096514e-22,5.0656620392317697e-17,1.039439261988186e-13,3.890110193855516e-11,5.893026039402374e-09,3.449465470300042e-08,3.568094409156866e-05,0.0002747746577049168,0.001525925250909882,0.0016158101310166785,0.0009500251264662874,0.0020456002173848517,0.0024204834815972852,0.004024107529562405,0.007160389926005961,0.018116317971899297,0.01986868134393614,0.04916464426510301,0.08935794838902172,0.1465955836404774,0.15822309358283476,0.1857539569497539,0.2539332271707872,0.3574481585128585,0.3759807532179295,0.4366593089345183,0.558805904283494,0.7192602830585614,0.30337091133097577,0.2107690661825327,0.16245643916822974,0.11267574855047681,0.11682049198110896,0.03689959052087618,0.035924791121474835,0.020340174286159304,0.03190674439785529,0.04730947220141053,0.11712474655543169,0.2394242457009181,0.32538103146256325,0.3628645231361674,0.5396882056764263,0.7482111121750117,0.7569064908669586,0.8032395767979698,0.7210622541116579,0.5533489988950103,0.9304471544723734,0.9294010483169005,0.9290274157567249,0.9543789771208268,0.6405787248189226,0.5243033928931445,0.35674368800362927,0.3914024299014333,0.21460683839485237,0.15714093693496362,0.07906709742295737,0.1552435752703266,0.14352955051479996,0.10423147817081282,0.09335141445115461,0.0540625765886662,0.057354546359895495,0.025969354250944324,0.0551626748967538,0.0121258754123956,0.01076381586450184,0.009099391131080327,0.012849565524645282,0.013220091430580436,0.0019736377195366567,0.008867620589603697,0.00420315611806508,0.005986058624439988,0.005263028994408511,0.0336367132736353,0.013513800268899848,0.007146053564056367,0.007539413707232798,0.006828414782461668,0.003929636991098829,0.0064376902984211205,0.0031918236289723585,0.007755319241036826,0.012418791316823191,0.0015489471178290336,0.0012464349423907289,0.002000319431124115,0.00392210472766551,0.0027174987515399046,0.0020430733462390637,0.0033159897835909804,0.00858331956762645,0.008959884918067908,0.017634221581946483,0.0022196868269932202,0.003913747206071248,0.0024324340392353574,0.0020517425483587586,0.0026237441864669004,0.0010618579453575178,0.0028711971395165375,0.0050771892871596695,0.0047889863922472185,0.006325898182640073,0.004366420797920243,0.006101949445575894,0.0023184744881596642,0.0018999176864631885,0.003989644886695147,0.005493920397808862,0.005506582629961487,0.005532610150503384,0.016075228852077583,0.03271048578860964,0.006513945268291114,0.016937144677800494,0.03562715950421944,0.05616886297155938,0.05895182759325288,0.06158878667985304,0.10957497485889639,0.07508617305869207,0.042475947966304814,0.02823016703663136,0.03407538450545381,0.041428132859608974,0.037340360344049826,0.02271941010279938,0.0048236234257018635,0.009358424528181355,0.005823608452888682,0.028365002236727627,0.023168061849183682,0.11714166119174539,0.09663406143758445,0.09208816538731769,0.15789729467329724,0.2915857606516275,0.3526068131119623,0.09921721648622121,0.04238015280002405,0.036326503677993185,0.028707336525650447,0.03178351540371906,0.004674413341544248,0.008369476029439353,0.007673652893335218,0.024107552022520202,0.015201539837362688,0.00554492234745342,0.011827011622730895,0.019335984791035654,0.04106097648940421,0.029269714589063838,0.06574548418160027,0.04402124571849571,0.02140769696156204,0.0166814301662907,0.0247134827387418,0.015904896837975847,0.010250217459737882,0.016014614287108264,0.01736314258413404,0.011867143779856633,0.014625867683318262,0.02302736308208777,0.02145566584432337,0.02813179760449079,0.05005142027472858,0.012256273212355924,0.004456043574746615,0.0017270025647665313,0.0007719139769404012,0.0009167309307759162,0.00010569832663530453,0.00043004314240632807,0.002012372210020263,0.00032644193959986353,0.0008448963495894782,0.012278076553271159,0.03755989772089777,0.07863381256796347,0.05373104130754945,0.1402476949935776,0.11301776256061756,0.19351367566331779,0.21531010505196413,0.20944073429072776,0.22480483834056306,0.38092655849910906,0.47435921068574216,0.37590237109372476,0.49792764208089935,0.3908182457869321,0.7961066329487807,0.5746080310168163,0.6351462366763109,0.29158182764281865,0.3044971860815355,0.48615607258775423,0.7829126200496669,0.17598473900089404,0.25679884496592054,0.13573237727845872,0.23324485665673517,0.1726223181397564,0.18472716153012014,0.21894945225452764,0.28817234492182453,0.708014316958326,0.5483879666265177,0.6098711246127774,0.6108366168740738,0.9567000112497843,0.7544408945492879,0.9118178848045793,0.8405084560256257,0.9705005733557774,0.6371603377644195,0.88651267275662,0.9746490814402003,0.9186713413890143,0.5667835247293485,0.22304307277713095,0.09448798246054434,0.12902066982610239,0.3267026473914648,0.4026812683137337,0.5555697707555932,0.9397288166449325,0.9574308298876916,0.6036300334727258,0.41018480352510245,0.28237500940153754,0.21081117075314393,0.07800855179155215,0.11655884067785134,0.09394319412758824,0.054181359667529336,0.09647470207728928,0.33782083688531916,0.6594454206996897,0.5782395854334436,0.6998816735899646,0.7734211177993213,0.744519044311979,0.6268765888505494,0.3461290729447794,0.5031905290564513,0.4250923020743845,0.4000126112087436,0.4117149206308176,0.1504089679935924,0.13387728176981245,0.27858349301973523,0.20953241131761596,0.2549628514764696,0.06466536957227692,0.019783594229332978,0.030648599112602273,0.04552317211502088,0.11557392155907394,0.05118924206176652,0.06523145276140078,0.21208771164135326,0.21650432156612087,0.30468114652858924,0.30645557737618473
-7.800000000000008,4.706037568248743e-09,3.599556609961588e-09,3.029248211580315e-10,2.6644783268251044e-11,2.4483146336498256e-12,1.5871097832168417e-14,7.010451638838475e-17,2.2174562566171988e-17,2.0728214346785448e-19,5.464991736174356e-20,8.535667650247474e-21,4.193779630313142e-23,1.462733728595486e-24,1.0443010291397512e-28,6.0134310169369816e-30,2.332222811082707e-35,4.887188538810737e-43,7.095259816488503e-51,4.245775334312173e-60,8.102561312589849e-76,1.9844698399746572e-91,7.95248211785726e-130,0.0,5.551132798165529e-127,1.8834635393022694e-87,1.5785282608427733e-63,1.378444481205188e-51,2.9210260882383515e-42,1.9822541187709982e-33,3.459596483882869e-28,8.130644176743968e-21,6.013705799664425e-17,1.8731064970440388e-14,8.80399546605059e-12,6.90174300699923e-11,1.5164564704560227e-06,7.999403509058077e-06,5.7717838766331425e-05,4.351045963240661e-05,3.2261545349145015e-05,0.00011742924649552384,0.0002858767288292208,0.0010226108839217287,0.0026674987092716465,0.005396403263062264,0.013403431153333594,0.038471638519570306,0.0734714860674757,0.09252838728873432,0.09952631423701991,0.12447070522135904,0.16405379245023638,0.2336314498704705,0.2357866108247824,0.25488701605838104,0.39011516941409136,0.9240101301183553,0.43124835412638807,0.34418568223539303,0.18787226564090737,0.1393960417952454,0.12787221523743525,0.03523259741227026,0.04341136233240731,0.02348006479026546,0.039282197421304316,0.08043842576006971,0.11202821272388938,0.25683435400765703,0.2973369961774355,0.44103013534330165,0.5906169853023353,0.7856176732460585,0.8239360074597699,0.8913358227255807,0.8374180136598637,0.7322038656185867,0.8161063331670447,0.7548587458028903,0.7683125468518311,0.7983303703768199,0.8223555110088465,0.590663023173855,0.4021355491221321,0.4357647290628077,0.27172175712488417,0.21054391753600046,0.13406328248868102,0.19389034393136168,0.15581149238903555,0.1175242087211159,0.10559916617563478,0.07002602639530792,0.0602019225805854,0.02179908130541332,0.05923813409607758,0.010842016654885238,0.010402665180201177,0.00758224031817625,0.007348355329834157,0.009458046712361584,0.0006222714724252725,0.002481725326518071,0.001404784411733861,0.0020998489653019,0.002896238271233264,0.020568224871394078,0.009091755556402948,0.008578032130848309,0.005605677268697053,0.006247630032736876,0.004571692901763553,0.0054947424152698,0.0049079032208221894,0.008211238607770458,0.020100266193446046,0.002238908923386048,0.0011659657914525016,0.0019607466706891637,0.0031970277428045703,0.0018113308829069187,0.001495494629961163,0.0016773066769912744,0.005652364708554314,0.006090445719270938,0.011775670416047292,0.001873781179083139,0.0025661711829052087,0.0022285282336831137,0.001379597834812788,0.0011863485293484661,0.0005508006012977249,0.0011166430925670452,0.0037903191528830447,0.003102143237032197,0.003608010676649406,0.0028225165336017554,0.0023674742922033445,0.0005865594306938372,0.000763982012698561,0.0016527989132580853,0.00213034556699203,0.003700773326871835,0.0028680947921043594,0.0109096375504432,0.02300318899156284,0.00443112570974225,0.012417842664327872,0.023025378731129476,0.03625491054974538,0.024955331880761274,0.02512193170991652,0.049340722238791206,0.023694562011766198,0.010136847564662786,0.004136772821991267,0.006915510866676887,0.009464619990428275,0.011721882440576236,0.008586061727430873,0.001784049996129819,0.005564432640190101,0.003680350946166978,0.01664322427391786,0.014867479071377952,0.08112890045383306,0.08003910140099117,0.08569219958959357,0.15789664795766603,0.24167869423812188,0.3146608631533558,0.101393976443125,0.04846001186632996,0.04751626180401795,0.040008268160093806,0.05035373189122937,0.014903001539202449,0.02445466504650833,0.026476885063855222,0.0868668580270103,0.0816432391174894,0.03496196092743304,0.0740631410541055,0.09528817319449741,0.15620873044896272,0.12243132027533242,0.21578625572769,0.17425884577387799,0.11591114876110939,0.09875740389706884,0.14093215131128292,0.0983179213023731,0.06679461502172465,0.08805032473123725,0.07237718806970819,0.04368766790086431,0.07017790549707978,0.07241678763760265,0.07747796414411676,0.0978609558569371,0.10585639588094929,0.043349661468688225,0.023006085214432887,0.011401329295857883,0.007246442006489023,0.009384153059328673,0.002025086131462187,0.005312146476621361,0.02087322065885055,0.005165027386704694,0.013076142605860454,0.0696937877936137,0.14447553010627806,0.22006788506107325,0.14763208125349406,0.22301610812433986,0.20579542760671962,0.35730837787134595,0.38333427515374163,0.3565246674076372,0.37026422206411164,0.6127832780713988,0.582971220452477,0.4886952689082299,0.49948801370812873,0.3656817393477921,0.7679073916476373,0.7065696661822308,0.7327124190255586,0.43463539379451477,0.567720984383803,0.7502628538749989,0.9652959274136489,0.2888713502152295,0.5270862242358278,0.35728825805559855,0.4993449242141842,0.427595028428525,0.5052504786151066,0.47795190146418387,0.5541372314618913,0.95588406688763,0.826311446430886,0.9243762379449809,0.8571080728423154,0.8971472675348734,0.8472685225530595,0.9855696618525867,0.9001416089921584,0.9529038270737265,0.6384183908130421,0.7979713128121921,0.8997921123647685,0.9841620886678343,0.5935677860401036,0.21725755199881966,0.12304543096272434,0.16897644368454007,0.3354769907905448,0.4094168764917489,0.601315637444377,0.8890147885529265,0.8825937135388794,0.5922913204325296,0.34520547688812786,0.21115319331591564,0.14639477797456646,0.038428382575540036,0.060614733409928324,0.03424752008794306,0.01618345886480454,0.024950694810053606,0.13401943208233408,0.3569028170949754,0.26694758011850733,0.3354060697765548,0.4222456337108696,0.382896629212032,0.35278571971759887,0.19991169704077494,0.30049579096334605,0.3164077804224202,0.2563661826352414,0.25153229219226436,0.08295654938103011,0.11233966441615617,0.1557043251466786,0.10275623209230797,0.1446579053666487,0.022959362344031377,0.008355445218944456,0.008335996606535003,0.011018097776962225,0.033240536285696225,0.012888138700666425,0.029995380701181875,0.065751639441547,0.08809450758087041,0.14199569167446446,0.15202285068890975
-7.700000000000008,3.502552394877058e-09,5.731949633606314e-09,9.50457544674532e-10,2.1839118010848605e-10,3.302107262831037e-11,5.618340910190772e-13,1.7690335721471246e-14,5.678182074731099e-15,4.739665798473394e-16,1.2166001565940154e-16,3.1100845813535166e-17,8.79456000246404e-19,1.9136460546368667e-20,2.401917601876398e-23,8.384253115414766e-25,1.455345299958865e-28,4.723820110980128e-34,1.803257253181491e-39,6.722351530233437e-47,3.655879837624626e-56,7.084995896640614e-67,3.77238096844022e-88,5.551132798165529e-127,0.0,3.766883249832201e-132,3.234369535680148e-93,2.9000465085969906e-73,2.792740965412609e-58,5.4557692137606746e-46,9.282424891966195e-39,2.3537937493058098e-29,2.9287314165050933e-24,1.3163979907330571e-21,4.168721761690783e-17,1.1744367341523948e-15,1.154156515901854e-09,1.4192970972400034e-08,4.93655083487465e-07,4.5931492374346365e-07,9.311225945434959e-07,1.2031291217364976e-05,1.4489602293367447e-05,0.00017820319342994813,0.0004480982692300792,0.0016837914293213593,0.004838423756021022,0.01821776312803793,0.05143887269444072,0.0475885309795882,0.07049181383412458,0.07348181832499857,0.09856659854536745,0.15237891546562152,0.1566582637228113,0.18081371661197576,0.32497566561097135,0.9713199086307862,0.5367450097598537,0.39182125348055424,0.2129512396922464,0.16593145151734207,0.15986251060758525,0.04789331701382462,0.044908788076146115,0.027664315533046133,0.03924522489445858,0.11215136451744324,0.1708177540906874,0.29017027152643,0.35510279297080843,0.4658779558234494,0.5694159737419301,0.849692538464591,0.914418370146167,0.8970825049938257,0.9864259695931116,0.8231167153652836,0.7705932881882052,0.7143806213041233,0.7559340318703148,0.7270924873920885,0.9408226124558698,0.7163934387801053,0.5102204512703516,0.6281361115730459,0.4496127418829802,0.32700350560594776,0.24773791917420065,0.3767991459043405,0.24463996723313744,0.1719699273242088,0.1915324601123403,0.10737866196988038,0.08470211699727048,0.031621671794770365,0.0834494027137212,0.014757194121494791,0.011886392466782438,0.0062007795789304635,0.006028915689358804,0.014229268432392151,0.0005709831041164122,0.003375540617275723,0.0013118798265588402,0.0036699026748727753,0.00549534525557498,0.027888696237447264,0.019007046719331674,0.01741081373793067,0.012721010444846163,0.012447907154224468,0.009678645952609704,0.008254125540289642,0.007493770926006951,0.011895212207056234,0.025410343840408783,0.0027745248080117226,0.0026363801616065136,0.004246057713940985,0.008682383136826602,0.006172712779151179,0.005503535686701472,0.004832993027731254,0.01022124341417723,0.014405143433228575,0.02154774460509143,0.004952744430323889,0.006594983007040936,0.006238101914502317,0.003710297536776744,0.002338603619600775,0.0011990659234801366,0.0028207552399454228,0.009727485725996264,0.006624630347455569,0.005890182279968394,0.004965718046324998,0.004924480743286027,0.0011096223390823555,0.000825863756382082,0.002538322844272754,0.005239101871371613,0.008137876378613672,0.008953480649539573,0.023306681110137745,0.05666019837790358,0.011253735509149803,0.022518769615343485,0.033047109163784213,0.06430614783333292,0.03383555160012351,0.041980036865907615,0.09333756429305046,0.03899657669530596,0.019621278349309927,0.004470093342269511,0.0055414329430167174,0.010976869407232219,0.01435118299946594,0.014973523956779049,0.0029816085543435578,0.008161759593177784,0.0040902351884862884,0.00819632615456653,0.006218593120626011,0.05268459875143752,0.04154442203033912,0.05715122523318752,0.10418469447751298,0.17468578808307347,0.2419493619797518,0.11841541396506133,0.07615481594098514,0.06628329092965562,0.054472067959833836,0.08133364450598835,0.04622362940456728,0.05550000155408954,0.053250713350660416,0.17136686375013266,0.1729239870245667,0.08204444430341809,0.14074612634516628,0.17117880838951727,0.29167430254975046,0.22066574479785214,0.41407851980598404,0.3454775884033426,0.32612773999221345,0.2600078178309412,0.32807262027736045,0.20123936634330206,0.1440558914052665,0.17816150948319087,0.1774728374037278,0.12307327204449316,0.198948130797982,0.16633825517445552,0.15944621414772933,0.21955435447362465,0.1795198317886632,0.07258247866521164,0.04407015115381958,0.030333132187911067,0.01576702917304752,0.026570918024023137,0.005978277473801359,0.011675514582056378,0.03788617226219785,0.008070837278659542,0.018037498318670155,0.06775524012525805,0.10582003197274586,0.15649775334637417,0.09821416704149688,0.11476915916448076,0.1027067699168131,0.1581324855508679,0.1728438553344267,0.1195882626946808,0.1035658577984484,0.2515229606632438,0.23853116197676982,0.17557176476846706,0.19088517185828632,0.1553430298565018,0.26929865960182386,0.6506529205604986,0.8102191340538657,0.7924700423203932,0.9672650752576892,0.7755699798750638,0.6580351235468793,0.5733470499341257,0.78961749930897,0.6142653505766046,0.896928518234044,0.7195495979683422,0.8329802306561699,0.7903007256742045,0.9347865289393789,0.46977101455388837,0.7260381172304672,0.6100297489095021,0.8090612199140003,0.6725204806792207,0.9898493395582122,0.9708209457835668,0.9276093737851089,0.9847074943514363,0.5800168690398552,0.7832924095318716,0.8278126610502051,0.7858473097905443,0.7590962836883199,0.3097588179588791,0.2008625438825133,0.2501714756176768,0.6610097130715089,0.6138593129811019,0.9434017307980163,0.49946461999535957,0.5559896513077108,0.3475022950486664,0.20659904252796774,0.135021970289659,0.08850700352751267,0.014468831327239931,0.030629058871100352,0.012014480508757587,0.0044297979778710125,0.0054572458665871505,0.034898451321204726,0.15623905106269875,0.11049858841168907,0.10978619612440971,0.14775487920709993,0.11729102149848745,0.10453458352703641,0.04505074711434636,0.09742188100573283,0.10211420563421546,0.0813423344667549,0.0728139883160526,0.011358025214084824,0.01570057825127915,0.02984601612776213,0.021341829486399202,0.04480259398082597,0.004266232855728537,0.0015319490815865371,0.001921164206933829,0.003259752371835884,0.013356489866571506,0.004614333152480679,0.014807855772946377,0.04606850737526378,0.06845657087341887,0.11634050070923026,0.12995884850905337
-7.6000000000000085,6.195197034810632e-07,6.795397492570901e-07,5.8234368226447226e-08,4.88972257084117e-09,1.3524844116484122e-09,1.7456061629345177e-11,1.5508065299059886e-12,2.3678304017294075e-12,1.0795254088641688e-13,2.5253188785741494e-13,8.507708886696887e-14,9.802552537281659e-15,1.2587205690265912e-15,1.4773030623452438e-18,9.735520613292302e-19,7.376384230736289e-22,1.2304819634299314e-25,2.425562678479474e-28,9.43274079543096e-34,2.7219365824027536e-40,6.420187189876352e-48,5.626498254939675e-62,1.8834635393022694e-87,3.766883249832201e-132,0.0,1.7824825420020527e-132,1.0896656333534123e-97,1.1366547671159528e-74,8.520754657060906e-58,1.8726993933714786e-48,2.8659011701620316e-36,1.2852619391304576e-31,1.3408493104600066e-28,5.1288829174140815e-23,1.794621919368225e-21,3.0048572728812266e-13,3.09549116444561e-12,3.087859104252388e-10,5.085570876824922e-10,4.644844507745348e-09,1.1719687608564729e-07,1.1324528064181778e-07,2.4264672915534022e-06,7.596942214424028e-06,2.9114049407355454e-05,0.00016299542313760065,0.0008724996495004521,0.0041687688944638856,0.004139413779155289,0.0042572962487171075,0.006942888100925635,0.011457965080911424,0.024644943698419505,0.03592753273796259,0.042933387220387385,0.10423836229653241,0.42320053692338166,0.9652223094494511,0.8906003392012917,0.4488145391360983,0.2927387624303972,0.29610870498101594,0.0643173465889076,0.09394863622558801,0.0416603734523265,0.04980971825822198,0.1797178587449792,0.22720624131367612,0.35049887958544,0.36310622225477135,0.4774473643535077,0.5614003026517718,0.7072749110510708,0.8221425918756302,0.9723643921978163,0.9764931511507499,0.8310793005242629,0.7544804097898793,0.5717345465121605,0.6103495663280681,0.4588552132278162,0.7024435225271122,0.9278370505581345,0.9573816575587372,0.8055923111142151,0.9807148398931123,0.8582592049924934,0.7529504072624723,0.8960277560046158,0.7244425813015504,0.4579247766732169,0.483459366267599,0.276007620642673,0.17615732695946557,0.059794064431798175,0.11897725650866693,0.01987475189423292,0.017816238569773338,0.020471545544415177,0.013129949137982733,0.04244294537509751,0.0026219772087872494,0.004921178447176757,0.0033447101943024555,0.003502343314358424,0.008342122197167068,0.028690957242332886,0.018669648144483693,0.021890868861140146,0.014378952104339817,0.025622769222666025,0.014414860484275177,0.012586088901593396,0.011850205986928791,0.01530978101272738,0.028923029098450917,0.0033286433885698764,0.002783120393086747,0.0038868730786656997,0.005411236171104737,0.0043272720304151835,0.005938419482766589,0.0025465281844368583,0.008672600571026319,0.009159332254802668,0.010732633909107829,0.003699613131104667,0.0038145610827881233,0.005154419802803402,0.002704200347123895,0.001256382174195522,0.0004910966317885726,0.0008268006242554489,0.003717181837619172,0.0010622434108664327,0.0010440556139810523,0.0011299187653220036,0.0012010190514450893,0.0005203968353269259,0.00041536868590833534,0.0010542070263300713,0.0013501860655382315,0.0064782969858462065,0.011546167697840741,0.02507979055651867,0.07342169482088284,0.027994125440825773,0.03319105093501646,0.05229062356099018,0.05793719838056993,0.031975582364523414,0.045853814128874265,0.07728877471845359,0.02802340599103312,0.01480820790571158,0.0028246133753033124,0.0031963942910128943,0.006289152158365472,0.011619999576088608,0.01291755660932273,0.0020644608976590957,0.007768637831810372,0.003057560125043063,0.006000545015821285,0.0037848317919560053,0.01648030250377706,0.010064990294016465,0.015257827808386363,0.028814110742626384,0.05915258084719134,0.09392836274732834,0.04234626150839195,0.029520891954566947,0.035575508261348705,0.038057778254098965,0.06787705812540164,0.051727660117663395,0.08299491929257867,0.08582160562789773,0.27524760843737295,0.273125603919432,0.20424016563675707,0.28604447756061613,0.355092980641995,0.4908298645160186,0.4433506486420221,0.6947514300896389,0.6895840817910139,0.6554379717052771,0.5472040960498389,0.6355408203210341,0.44903430317598286,0.35633143007740903,0.3526561463560808,0.3322700129219938,0.2002266918619889,0.279746343264875,0.21745514545613626,0.1962221915773823,0.25984381988762667,0.18519081193176185,0.09825414955735458,0.06708114645542707,0.043053345503778394,0.019658798961120626,0.050511096266232104,0.01344305588263783,0.018490893993596803,0.0635506396940523,0.01200235754922646,0.03736228640854008,0.08891891013845098,0.1339043745389391,0.19881632721179307,0.13150025359416895,0.12713381045129032,0.10967624812478476,0.15214405019096788,0.15530259694313578,0.08560995458063472,0.11142065272580379,0.20190137869274016,0.18556780547763335,0.15889729273999573,0.18878699405585325,0.11484936911563685,0.19704116573265787,0.39998019145007646,0.5496043470189003,0.8557780797017099,0.6902153740621791,0.483737810106004,0.3382342933518904,0.9614567720176349,0.7493168146561183,0.9331621800495953,0.64424905702116,0.8355854165380853,0.7380747713913437,0.7341286143040489,0.49510058729571743,0.15477607107228628,0.24882025465368246,0.19049481631161244,0.2668926799252465,0.20891894141643313,0.37033611781088377,0.43865862251927007,0.531680947382079,0.6374249315578907,0.8630905776665095,0.638245306472586,0.6836572299946775,0.6407853132256761,0.9666930193373652,0.387856986904228,0.31336490388959853,0.32850588594315655,0.708550893941818,0.6946902044412692,0.872729963207565,0.4156870986520047,0.4200487718676498,0.1898618110493317,0.12444170534859823,0.08205649195309622,0.049300781404028056,0.006971646672747339,0.01661903053646035,0.008113150307696609,0.0032552987951263834,0.0024503923649063274,0.018703063033312012,0.08295665238717535,0.069154868244171,0.07990620346695516,0.10448080002266596,0.09332713048828274,0.09346183915733446,0.04636025686631025,0.09575705355978342,0.09073518744186243,0.05488795976729333,0.03717633341455288,0.005006043201535493,0.0058076428670017465,0.0156809167911785,0.009177435888757907,0.028785608590291195,0.002907125759232803,0.0010525731533209282,0.0011549865730922423,0.0019357146719036033,0.007054975348659284,0.0038943497319373003,0.009127044160057596,0.026894474812531717,0.033667481415736285,0.04945788568012135,0.07273457784240073
-7.500000000000009,1.6968937916261302e-06,2.194863923750823e-06,2.4432942757620475e-07,2.32472857555756e-08,9.76472299905411e-09,2.2244761423184965e-10,7.5241107320694e-11,4.6144420554769255e-11,8.012526136850267e-12,3.760226310351518e-11,1.60092200565035e-11,1.0775901039080883e-11,5.853225930559472e-13,3.1234250283616693e-15,8.917219269480307e-16,2.634130231122976e-18,2.881789941828954e-20,1.6934089615321146e-22,3.830912284252764e-26,7.575894999259428e-31,8.800570584889083e-37,2.5332226462892963e-46,1.5785282608427733e-63,3.234369535680148e-93,1.7824825420020527e-132,0.0,4.477620049512937e-126,2.9641854695579318e-92,1.7147723275581234e-67,4.5632132180359317e-54,2.354022943822893e-41,9.257965517906318e-34,2.760855933444527e-30,3.2465755300331125e-24,1.2477713142143152e-21,4.45763365919551e-14,3.1900182120112457e-12,6.245921957191741e-10,1.1751792917563898e-09,6.833059225832805e-09,2.311371435648051e-07,1.6383039166096945e-07,6.989385406190954e-06,1.3164780254407325e-05,5.082589832045714e-05,0.00016514643984656555,0.0013226762191110373,0.004067321885398897,0.003186688078023482,0.00288545703300926,0.004168715199377832,0.007048946126013355,0.013277993950082102,0.022082678380140074,0.032401095845336104,0.06227792322589326,0.2552699987018563,0.7573301410688476,0.8381521500585862,0.6981801544820202,0.40599550342610763,0.33928889856886746,0.09152156636356244,0.08453207981642524,0.03668864945864067,0.037103019875028245,0.16033846813445504,0.24833849906125527,0.3271224494524046,0.3718667461945651,0.4321345830463055,0.482405931009678,0.5668800588345458,0.6184789186555167,0.7796681607906712,0.780649192290028,0.6100665588336107,0.9147639947409834,0.7624802783329434,0.6573979799774479,0.5157920736455603,0.7430657086251152,0.9215883681327299,0.8413471231451388,0.8614292835727557,0.9417227949068269,0.946684932570773,0.9591505156833107,0.9582375464618216,0.7224229478510871,0.5106301063090397,0.5687645359777406,0.26801323980239883,0.2055833261874463,0.06804519211277524,0.1295622736981685,0.024110837137107786,0.019776367674147977,0.016821008611620756,0.0113828880723424,0.04021440145176445,0.001729366840514803,0.0035308692310620513,0.0017676838016083716,0.0036999408038721794,0.007836328364619612,0.02922374095228311,0.03894693645405826,0.04906216447463615,0.0494171344643446,0.09230889956514014,0.06152131816690242,0.06703402665942501,0.05537285610759779,0.04077471111779257,0.06568835684649144,0.009609083263802425,0.013577107632136504,0.016131086287481586,0.026519760210910882,0.014099238046734958,0.022546403692901902,0.008343086185699029,0.02799629936998415,0.029470367328052603,0.02278476470545103,0.01099454770265799,0.011663401281830158,0.010366943339795976,0.005481791977231007,0.0021290796373343206,0.0008770889426141815,0.0014561145369196016,0.004030065183987047,0.001877815928981967,0.0014983814398496355,0.0029174426822926635,0.00503137567527291,0.002341643954750336,0.0018089919352945684,0.004764171251299543,0.005252099748723684,0.017073293539659196,0.03235214976404043,0.05473609153918159,0.14311961843482257,0.06379841014194358,0.06995929058164843,0.09042599988152165,0.11468241184324482,0.04345562525139824,0.061207282903883053,0.10229694712892357,0.0384083912136685,0.01598671084961291,0.0015115486589283203,0.0023806007867819496,0.004452521159757629,0.00820106613116888,0.014290396784852865,0.0031692791513361165,0.019607717307212797,0.009072585677362528,0.012421083647987882,0.005552063475327284,0.0298991885893317,0.013911444706460642,0.023816972996011525,0.039183786913811885,0.0764493239675176,0.10657005665231602,0.071014434422815,0.06359179874036161,0.08097815268280129,0.08519072699658423,0.16295494844328928,0.16450573200043486,0.23437083031401557,0.25565558620044265,0.5419219380968858,0.6189333627805332,0.3979842655376898,0.5150190237224398,0.5966239964533084,0.6977945072797396,0.726944924354509,0.9287059534284612,0.8691481233509324,0.7554733206965885,0.6672521634621957,0.6869805755738749,0.4970289566035988,0.3762939640315698,0.37720923287939906,0.4020355669218293,0.20406132711148986,0.33856339495742993,0.2775008693372205,0.2840913508433788,0.4173472153047059,0.28260694821895155,0.21134238747718614,0.1531698893542417,0.10684925093331188,0.058774695449628725,0.12816063562533295,0.03755106028614389,0.04977811439128233,0.13228377041293515,0.030236578509443106,0.0839737941354816,0.1753667136902493,0.21004176004775463,0.2515367664534992,0.16452069419237006,0.13468388671284706,0.12821231127309032,0.21090946429914964,0.21385626927619014,0.12275359681518737,0.11247832563740687,0.21826943534438084,0.22251229030304867,0.24275286489980394,0.3114101670601934,0.22354133363444006,0.28650045271140134,0.4681668657878281,0.7441378451260576,0.921615198518278,0.8317326625978263,0.6035967364577217,0.5123060848609748,0.9690205311360639,0.8032391160427734,0.8629084299360723,0.500045842311372,0.6589066122792884,0.48387084247492884,0.5565758445294006,0.33630547487119955,0.06188098009730756,0.10609813683938417,0.08949880150866325,0.11141462638011501,0.11725211122617253,0.2515670018824557,0.3630164309441973,0.40622095181333207,0.5551654321928837,0.866623681786474,0.630839409538504,0.6030781150409771,0.5573533890862508,0.9255308452410146,0.5076970345818217,0.4624442773715072,0.5866149286802964,0.8978402155997189,0.9945750634170866,0.583839622603644,0.27168986126692496,0.2958873108376886,0.13340237644555542,0.08314268959850715,0.0561085329051817,0.02709815989960511,0.0022186021635244137,0.008329195856217721,0.0034505147500509103,0.000981877055667155,0.0004120395535939299,0.0021940759607946294,0.01890667804787197,0.011698053652648789,0.01298417114672268,0.016055261394018326,0.011574323692550948,0.020635996542693033,0.008180824744646879,0.01819296081678499,0.01772172994491708,0.011772508999551342,0.01088078228467389,0.001122114788784442,0.0018370513455991339,0.004885855466465845,0.002619343220417893,0.02405746800898573,0.0018736395207436187,0.0003638825805436055,0.000373996920208589,0.0004974338010546669,0.0021145581352484634,0.0009665028097489574,0.003140073055057036,0.009103679376054696,0.014776236164447565,0.01983602296076351,0.034846882750013325
-7.400000000000009,6.97152575084119e-07,2.080784522803888e-06,2.834236192881552e-07,2.2550595874610597e-08,8.312528604265944e-09,9.586154888545082e-11,1.0632751009167876e-10,6.648875394636028e-11,4.6220327328517014e-11,8.14177457359868e-11,9.050849295524088e-11,1.4703648816665128e-10,1.8805761132891428e-11,1.4047909474232684e-13,2.0073918571937587e-14,7.592642524781397e-16,6.082376372349473e-18,8.364035782555802e-20,1.3362716459906807e-22,1.4810906930764062e-26,1.3024124841147697e-30,2.200185494158763e-38,1.378444481205188e-51,2.9000465085969906e-73,1.0896656333534123e-97,4.477620049512937e-126,0.0,1.19749359647176e-136,1.268458311252477e-91,8.180809811246377e-71,6.241245681668528e-52,5.270942313726134e-41,1.2260312140142132e-34,1.0856880085119483e-28,7.497484184707544e-25,3.267138673601304e-16,2.3417925402672557e-14,8.840892812019385e-12,8.073621980292126e-12,2.725460255227686e-10,1.3501071726941555e-08,9.624146767061752e-09,7.26381474928275e-07,2.552782311467506e-06,4.729928449371513e-06,2.2271368491156697e-05,0.00013402786477568468,0.0004932374058711432,0.00046430282012572025,0.0005023956391396657,0.0009193063683331425,0.001570478907314335,0.004580473328860174,0.010260540606513166,0.018535747606471368,0.03823474919752846,0.19957126641351472,0.5351485768406182,0.6380126230721719,0.8506517047289897,0.6536511648342977,0.5425248904876204,0.1544711579832382,0.08872597002714688,0.03992341316848714,0.0424959628063828,0.19404322043181574,0.3499474311944576,0.47332457936229566,0.57487808558491,0.5732259076238773,0.5849741134613506,0.561619557693504,0.5787748787206036,0.8761868778299657,0.795168450596073,0.7052592884030818,0.7920566866882467,0.6166137130846007,0.5038343607495005,0.34810243258161444,0.527097795634096,0.8412639089514482,0.913660821628726,0.7731368585128784,0.8672120953051612,0.9550124883015382,0.9061576764801211,0.8301230862606865,0.7698715780789496,0.5653176496070691,0.5081676683086507,0.21647015113805324,0.10494997591897233,0.03858574361904269,0.07970017918706715,0.012282777674692906,0.010100002962438355,0.011397819484591272,0.012074690471040409,0.04747963979732861,0.0027949319797075404,0.0061902066658599784,0.0036879723501495446,0.006798241948654204,0.01616011525424804,0.037907584829483046,0.03405462160973051,0.03792680986655737,0.053434476214345356,0.12983002020650217,0.09461505370326176,0.08276505151289336,0.07532730107748266,0.0614567648345819,0.09426653222005325,0.018059899303093034,0.019894005514272277,0.027105073837891486,0.04867212050732177,0.04009916323101761,0.05939185028489106,0.029704896088853815,0.08562865892979063,0.08557856110031709,0.0597434455629356,0.03177230769210112,0.024174537575426827,0.016714252911661506,0.010654935668295474,0.003861319252231618,0.0017321484558241937,0.0028289298846823695,0.01037226025811435,0.003566966347363787,0.0030164942877539563,0.0045505340858980475,0.005646396379447346,0.004263300761716362,0.0018487531109496495,0.00550827618832592,0.004393174137887193,0.015364096862225878,0.03079355206230019,0.07557308388370153,0.1967873072382051,0.10492282354954374,0.10250544516649476,0.13519544264883304,0.15494375106874625,0.05404184223947968,0.07823618084021551,0.1619760289175637,0.07576827770798716,0.03609061851289418,0.004237414438403107,0.005288139879347973,0.008148809461981089,0.0165157419263187,0.03154578519025866,0.011605217150584471,0.07058428968971721,0.0432459452830124,0.051425291730825544,0.02917466773469331,0.07992753130987097,0.034219471319044424,0.06455725432313418,0.10885304373994655,0.1660738942255605,0.2566506672124032,0.16339650416897014,0.14464202337165746,0.1367307122546839,0.14612978269463947,0.3072258028474917,0.28737815739211736,0.35416670059010824,0.42396078695261596,0.7105659151010201,0.8037297353945769,0.5564021636166866,0.6169190020437831,0.6260571296000077,0.6707574475348512,0.7892632724848062,0.9886025508421155,0.9604166626844207,0.8450666126562476,0.7718230198102171,0.7095045730597019,0.44112604836654257,0.33439785558380397,0.2855710761034043,0.2970076667377356,0.11522148251032041,0.20086532594891082,0.14458058030100307,0.1583534153413309,0.22700976893917096,0.13516113243665023,0.11108392721920937,0.08968894322868769,0.061509745046497484,0.03781974155782277,0.09581366432254033,0.028609429963297867,0.04384939492837967,0.10806122151134048,0.022957626304798705,0.06110972801827194,0.0992117128829771,0.07969180279702814,0.10628995468155208,0.07317286893453262,0.054203221319738384,0.05595727366243062,0.07764008911718832,0.0692009291979441,0.057381031501538234,0.049692937509420436,0.08197428925817854,0.07688429850127992,0.07686161326856397,0.1464322361749921,0.11477999646238973,0.1378084398285495,0.2739607508983885,0.411401743932888,0.7375376362022845,0.5061615731752351,0.3183316482389698,0.24433748692768983,0.6042866524886266,0.369677827869713,0.41821570630316557,0.1730357302700706,0.2799304000836706,0.20654000846182471,0.2512463086379708,0.15246429563513733,0.01723875791333077,0.026635215982812703,0.0246135035105827,0.02850730508987462,0.024714155260169235,0.04481151118662851,0.07046697704179074,0.10311183133366525,0.16162899574483955,0.6131937923510828,0.3109191809795218,0.2558250293583612,0.22986185676121348,0.517608327320602,0.8892671861517861,0.874489342047537,0.975810689342505,0.6545656033956695,0.7713306355925615,0.4275499114418648,0.1859150383081072,0.21952667360334552,0.125703335136582,0.07136254995615313,0.040618510576025384,0.02046971702434558,0.0017969349187821667,0.004650610330746322,0.0015818149542986058,0.00033866176647385647,0.00024613403699927193,0.0014544862716347783,0.009023094521317738,0.0068252722736221755,0.009262176107065638,0.011117192320256692,0.007621723114900084,0.01235236683228467,0.004723084484569757,0.010995536561728293,0.008932460909803503,0.0058603534760726704,0.005447608127021238,0.0006435999254230301,0.0007612495601508383,0.003708409658253757,0.0014790693659265004,0.0135813939325253,0.001959902124903925,0.00036078135108274427,0.0008987924206498028,0.0020093489860572404,0.006461766858514552,0.004111029386941168,0.009033715753079171,0.01838857852302098,0.03158097492143374,0.02753100203647306,0.05943186896905481
-7.30000000000001,1.7149828869485403e-07,1.2898096130169446e-06,2.8757224392517926e-07,3.358614276882482e-08,7.29150598512788e-09,9.512247975782642e-11,3.502949637480182e-10,2.4654139521965783e-10,2.846330808539837e-10,1.3658701403950643e-09,1.3865126870176607e-09,9.895391127723232e-10,6.658466512506698e-10,1.299529043149622e-11,6.476642509968172e-12,6.671887079948322e-14,1.2737985806157736e-15,3.469264979501011e-17,3.401514624228012e-20,1.555208689320832e-22,8.501054302795538e-27,3.7203310528030196e-33,2.9210260882383515e-42,2.792740965412609e-58,1.1366547671159528e-74,2.9641854695579318e-92,1.19749359647176e-136,0.0,1.2742297600480956e-127,7.634684023943063e-91,5.026722319167993e-67,5.84893803447604e-51,7.779351246699965e-43,6.870338327828085e-33,1.140615729372866e-27,2.1980105015882366e-17,8.197651213678191e-15,2.42336230620059e-12,2.1713455157286835e-11,4.58462649304656e-10,4.649807653071869e-08,1.50827260187002e-08,3.375637527823365e-07,1.0661689871358653e-06,8.139385222316586e-07,1.422127911987979e-05,8.874661060441244e-05,0.00025237859494501273,0.00047146807218118443,0.0006232421848418154,0.0019032451415107378,0.003062308642322175,0.006686824363433383,0.01673119707097522,0.02354740593444735,0.041456021343412405,0.2058194630545035,0.5567078761992621,0.6838562050230229,0.8318601495382979,0.6247699415008192,0.4871962629761477,0.14151479085831367,0.08320140880127692,0.036665338111844595,0.04037596052260525,0.16244323796849502,0.2665916614917553,0.45020044977390067,0.5014645032223386,0.5255411945032988,0.5112032671205243,0.41313216759632465,0.46296403257277763,0.6443355697074955,0.5437129606639213,0.45589650997880976,0.7774943077113711,0.9531466884795989,0.8881044560270854,0.6156588722383025,0.9199550927623412,0.79329306486068,0.8165716280557533,0.9264259863075123,0.8402228349315567,0.7411297490240553,0.7819379190736627,0.914080348897533,0.5485742826100902,0.31196742841310465,0.2920329677477717,0.10527737471199025,0.05259528448829489,0.017682603455922364,0.03782176390987677,0.004657418783519836,0.002637111271170114,0.00349512772146649,0.003907838895927276,0.022352446341185907,0.0012376678500043096,0.0019805363833605466,0.001529293987737141,0.0023155241053699157,0.007585653509057543,0.01618466005549717,0.00922678555524245,0.01890289380309295,0.026630022711947213,0.08457709769683835,0.058706706430255245,0.04900113010748837,0.05120893866486341,0.03520882496318965,0.06251049349394994,0.012189898710363745,0.011586792224236798,0.024611825231633286,0.03573665130624164,0.04398666929332936,0.062109222966188544,0.0312748748899937,0.10305420500954553,0.09294808095554488,0.060398808052945056,0.03350400451127449,0.029649039979839205,0.019738698330822924,0.014277050997884785,0.007604455681994583,0.004298461640772372,0.005109491016583182,0.02228732665925684,0.005835862916210179,0.005465923605565225,0.0063092043161283706,0.00764844609443029,0.010527710493366638,0.008627273245595623,0.023404912390027382,0.016376821116570107,0.05724426420430105,0.08043290438107648,0.21041469582586406,0.27793079814210414,0.1699934001997985,0.16019019116425992,0.17826084736820733,0.17265578414701016,0.08405547621026563,0.10059985521784368,0.1748207969289415,0.10774165368107075,0.053376328031420034,0.007379535650020334,0.00569775928404256,0.007908677835869024,0.0142589609099102,0.029414237251643733,0.012538524161473295,0.06608373363994244,0.0373544328450165,0.05652649134968281,0.04303787639687307,0.12011551766835638,0.04646802640539573,0.08238807750595759,0.14122702552518024,0.23377980247405208,0.36460672484041756,0.22917655029136386,0.2516854833136631,0.23727836154389753,0.29597993274501777,0.601139229774288,0.5358550223372823,0.6564346824975582,0.7634027533905341,0.7743585209874356,0.6602556157749593,0.9195966895279938,0.9073909568572774,0.8312492885496696,0.7191827151983012,0.655337408791376,0.5521746556865964,0.6322071893527533,0.7229256549400339,0.7900738517198109,0.828199407868969,0.6916248527136386,0.5331616865781339,0.3898731690568928,0.4435032028320009,0.17802314022392127,0.28223310618415126,0.2518215416447692,0.23740986450260557,0.29946564692602623,0.1858222209705385,0.1573603158090248,0.14439361978252757,0.09466647419233044,0.06987046689242189,0.14675368454644644,0.06790357559165552,0.0884998121615095,0.17514032586409395,0.055923143496622724,0.11290054040560348,0.1330470591121351,0.11124394532396258,0.17204644492687415,0.13985803676593328,0.10813653660546566,0.11564570590311256,0.17494912566021042,0.12999066653058264,0.10892176332754963,0.07376460295770466,0.1326671590933111,0.13223717765991158,0.1288518664368427,0.23568566287382245,0.1894092769688566,0.1757195379921971,0.32648326994730725,0.4931102543945876,0.7958128716421399,0.6247055909650769,0.43070523217647544,0.3694565657564129,0.851759075818538,0.5667681007208297,0.7685129256201204,0.35966688747433184,0.5269749967862427,0.37627029358451913,0.4505524742945157,0.30284826328684655,0.06050579868161773,0.09225318730817228,0.09459630029443894,0.08468128186524913,0.07792959176290151,0.1403021880390223,0.20816496530405912,0.3330187007823911,0.40759371156160956,0.8905475341950211,0.608002096144152,0.5615744229850873,0.4405435027939534,0.638223540540665,0.8986597575125506,0.9657393181976607,0.7596468133836224,0.43071204675210223,0.46727181453665584,0.22700898543281633,0.07985212835904086,0.0833138780754108,0.041349396591230894,0.021559524094485288,0.009397126123608993,0.003379254772356878,0.00019951208842127792,0.0007321296317385518,0.00018318783204690007,3.705669818809213e-05,2.21794717486967e-05,0.00011732823813644157,0.001022102126316074,0.0008371058739509334,0.0019390580684826837,0.0017045674939210336,0.0018059113499825266,0.0036207000759168697,0.001353011293095992,0.002286288321374473,0.004027395328877353,0.003162898475878789,0.0030286943913640225,0.00031380985006737377,0.00021811355685874185,0.0016425982311111527,0.0009319156221097296,0.00853712311182873,0.0011532913855551593,0.00019253896817299644,0.0006215081730374563,0.0015633251331396488,0.003573847775391494,0.0033898090173115785,0.005494354856816153,0.010315224462608828,0.018885783813649724,0.013803756177793492,0.035434407030845855
-7.20000000000001,3.966155750803495e-06,2.6287966643377838e-05,1.532761623323653e-05,1.3768618102442105e-06,8.801098818898468e-07,4.3255548553133494e-08,2.1656456666122713e-07,1.3026938129601887e-07,9.748508530813442e-08,9.046445995356192e-07,1.2116681374877736e-06,9.485789433912054e-07,2.86266547675288e-07,1.131425434313398e-08,2.9686760908382486e-09,6.172431967744726e-11,5.8193629326993095e-12,1.697767335125316e-13,4.132664957573361e-15,7.853020528099943e-18,5.1441384517226e-21,1.5338472537216278e-26,1.9822541187709982e-33,5.4557692137606746e-46,8.520754657060906e-58,1.7147723275581234e-67,1.268458311252477e-91,1.2742297600480956e-127,0.0,1.3979574491574975e-132,1.2126169916032815e-89,6.61548590364015e-65,7.087732325697793e-54,4.801604499730622e-42,5.567484992932114e-34,8.458265513394117e-22,8.88276283385099e-19,2.1590500133862744e-15,7.758856486272578e-15,2.2157681309964e-12,7.402373373452387e-10,5.599564817190765e-10,1.6994425253352802e-08,1.7513727772991914e-07,4.2801133192806207e-07,5.261049385953366e-06,2.150690860052416e-05,8.254883920564312e-05,0.00020355129140071414,0.0004178908626697237,0.0009977576977781176,0.0014447352288552613,0.002673012816130405,0.0057805469822619976,0.005829285920151497,0.017476910202887993,0.12052489734530608,0.3195765352696407,0.5467558517166868,0.9962938930585823,0.8136503452810272,0.6390080162645123,0.23145466925052066,0.12660441094125072,0.12222568346781862,0.12167520685556901,0.34632560423561665,0.5064006920727296,0.5951967897205078,0.8133469298934,0.8411880365892093,0.8062822331885312,0.6860296763734565,0.6168018516152665,0.8737174335883637,0.6903901337162615,0.6586549528652282,0.8919139487312523,0.9512333888169113,0.8106301536062706,0.5674141036310453,0.9623467601617417,0.9671013587123309,0.8108690951247446,0.8850700132832088,0.8678712473540756,0.7799434612554602,0.8684152765444658,0.8801604244624102,0.4943707693795535,0.2695935277313455,0.256441438588649,0.07504431381658973,0.051869070939249314,0.021596871306012223,0.04996229269378634,0.009637144709215433,0.006341755112345922,0.008381396047752999,0.008798659637331691,0.060254373393295334,0.004235794561747153,0.012976803664956855,0.004242200245127074,0.014575325348635015,0.04349624683668475,0.0889237610259341,0.07405612579398885,0.08266335621508929,0.18590612621786776,0.3120389492758167,0.268559670647238,0.18922605526392436,0.1367183128903001,0.17146555004022462,0.2298094950376375,0.052590353515526815,0.049220936490297955,0.05865399904396674,0.09529741809783665,0.08690579696647059,0.1119805025738702,0.06006319852142159,0.163674054986747,0.15692468381604968,0.10784492868175177,0.061559024732486325,0.056367238411201344,0.03858723274980717,0.04206308962419771,0.03505043518618615,0.02614823493476525,0.04248792503371069,0.11756727191611067,0.02974328265950139,0.031122958284224133,0.03221608509458548,0.027082699052475824,0.020838555458766592,0.012869597589541364,0.03823854504130174,0.0511663378625922,0.12414199344383385,0.1306881157213942,0.3510295052336753,0.41358697292140023,0.18887526829954138,0.18455539360705578,0.1648574327784106,0.23738749007882315,0.06349538945766851,0.10262630013910004,0.212787606453175,0.10231283054760545,0.05417658155733669,0.007855667347159064,0.006659011859087107,0.01616081303459401,0.025646112352659952,0.07611929218930437,0.04245484742952745,0.1743700796170151,0.11742729067940917,0.1556672802016328,0.1451570145575993,0.3561681092822825,0.13156785543569685,0.14440469463724626,0.22061731576803634,0.33151915853103586,0.4589838304650713,0.4054984692849139,0.5486936235794729,0.39839700077121215,0.3907108364025863,0.711800293593207,0.6785182616614236,0.6795603023100818,0.7782463090711998,0.9343203214625292,0.8144285195765726,0.8837605860943528,0.9878237285784742,0.994670280820453,0.8889850841161707,0.9592105598043013,0.7282838572810628,0.8652548178318599,0.9948198587669532,0.9677126041379158,0.9382612661391827,0.5283049638587572,0.36111066172035977,0.2529763893044932,0.29830256186820503,0.12003790155907375,0.1842559611388762,0.10820507837057823,0.10264107820219011,0.11149681532461671,0.05734965870049716,0.05349662352246226,0.06027239671422008,0.051239941696337055,0.04540200599869995,0.08195202893408565,0.04310608793795513,0.05181100437097381,0.11664481589398534,0.026164288947145297,0.054148890811759165,0.0645188681782881,0.06886809663641928,0.08396562012112589,0.08905040655203238,0.06563038088200031,0.0781365672359128,0.1596802283925891,0.1135233420478497,0.10281481739606473,0.03371143184536151,0.05834814028185666,0.04821409830753623,0.05118712760720094,0.07676734092397511,0.06950023568288413,0.05808528787899277,0.11018930218814353,0.18099481715765034,0.31252098595077854,0.18888882210672647,0.09123750272879316,0.1091541888841734,0.31039181685908646,0.14814927959350938,0.26528965262706244,0.1109950566286481,0.22330375889488385,0.1649111312276382,0.20810071242072167,0.14500079237160435,0.020829163680868578,0.02622143084755115,0.035645542111936414,0.053204106416260895,0.06667139245330567,0.12494735787130772,0.23429740997626616,0.356228190319669,0.5160609757338128,0.8831083969952496,0.6598603989527743,0.5608291093836675,0.4764947786603273,0.5602399438654023,0.9507015323381474,0.9464764663063262,0.6993379147473909,0.554938871609782,0.8176543411854307,0.49760562203341596,0.214074089799394,0.1940143608856348,0.09018385270243719,0.034790404621881744,0.012722888497488224,0.0071856350847796435,0.0005461743245304075,0.0006663390674470176,0.0003137994603689686,7.287205175809232e-05,9.804256316384761e-05,0.000284143371779181,0.0008484751383763787,0.0016181915152396918,0.0022633218727910027,0.0009932027583614102,0.0008814577527226529,0.0015625948574320217,0.0005065160157052297,0.0007419254558013246,0.0007936378853118899,0.0007577496354891885,0.0006456447572965148,9.511105757332098e-05,7.739527923621309e-05,0.0006139792940477938,0.0005166396412382452,0.0037089035053827447,0.0009533760915119251,0.00013090486106182256,0.00038320130018299354,0.0011813824489387689,0.002170138740887606,0.0031477753921714635,0.005264157793896283,0.011156212069061979,0.027460930312577927,0.015597382446221738,0.042784006406892075
-7.10000000000001,1.1361578089351794e-05,3.513072097150507e-05,2.6886008749840906e-05,4.502780819269908e-06,2.1689528669077472e-06,1.1888335402948889e-07,8.666844706497789e-07,6.321769256691167e-07,4.888957422764283e-07,3.099091698937963e-06,3.6964860271221175e-06,6.372113976841739e-06,2.6347463023951777e-06,2.2380323057543268e-07,9.196216840403063e-08,1.5763089984247574e-09,3.852550642842202e-10,4.328961727052311e-11,3.6540305600122436e-13,2.0831851765796136e-14,2.522173818508298e-17,4.273180435096514e-22,3.459596483882869e-28,9.282424891966195e-39,1.8726993933714786e-48,4.5632132180359317e-54,8.180809811246377e-71,7.634684023943063e-91,1.3979574491574975e-132,0.0,5.83261570853918e-126,5.721102867372744e-87,7.679948556406362e-71,2.47190137112309e-55,1.8208466387251137e-44,7.797494864781519e-28,8.217232435555638e-24,1.488498340601629e-19,9.402670758838202e-18,8.591705450735215e-15,1.191084237350864e-11,2.207690893658608e-11,8.189592273290742e-10,1.5166315798493793e-08,6.411172437993361e-08,1.3741161947351867e-06,4.192840815244624e-06,1.733779164115539e-05,2.6897735409223586e-05,0.00012199602042090602,0.00037767731435236476,0.0007671496466136952,0.0016547377063899614,0.0037483613537131165,0.004525306400437493,0.01564198511406188,0.19347876528531155,0.47994122802086586,0.6256420890886433,0.7689087443781357,0.6206302088716069,0.5002985531743375,0.18581513487469145,0.16998499735811298,0.16438171853940714,0.1841020528281517,0.34965887325032097,0.40608325054969435,0.5431104614151192,0.7048611032182979,0.649898590311458,0.6600351640402775,0.6435921681487363,0.6273622664579476,0.8608188036054337,0.5776879336550026,0.5874832200289898,0.7717238597723186,0.92025256176418,0.910547732767768,0.6462668032247004,0.971849587997583,0.9318270291409917,0.9257848232503336,0.9742254326716457,0.9735461247636882,0.9518962234918669,0.8720175668126204,0.9864998563327633,0.5019689500413854,0.2901232813309542,0.26906988030014445,0.08850372353068603,0.05228864588698128,0.028051008111562463,0.05699460843829507,0.012043109054354633,0.00845040743469976,0.009489432887744207,0.010946652259520498,0.06530703687656446,0.0037079768807073577,0.007217034243483152,0.002073577629135862,0.005142507679855592,0.022001133483841927,0.04799013676087689,0.04165750046141375,0.07426437850429536,0.14879563774225357,0.3468604766221066,0.269586807477307,0.15363305246512798,0.15533745700728188,0.11244264559683428,0.18433592165779983,0.043655136124435376,0.03210905903405976,0.05295843824680929,0.0838648663906473,0.09663596804950186,0.11000497336972889,0.06128064867144769,0.18753793317425685,0.13726641972462042,0.12219030949375329,0.04558132156500253,0.032043030873102715,0.023364753471091806,0.020541885595164882,0.018070616158749594,0.011048808280810226,0.009632644046362179,0.03548251129744487,0.008338978106249586,0.009666080279318118,0.009575646385269124,0.005582675025333182,0.006144719259164133,0.002957390799794188,0.008659901200599552,0.006701818857092004,0.032550778698694854,0.022991423714367347,0.07956390372854825,0.09368033392372073,0.03731563515585778,0.04255799687731101,0.039265400049959105,0.03336743063807985,0.014981238892150833,0.017659733854293664,0.04504139431186189,0.027575605632982253,0.02284176726810245,0.004978690440166349,0.0029716865505923563,0.00596554803659849,0.010996758675194541,0.038272936181466786,0.03929347336478667,0.1622512089976414,0.11275638483378078,0.1867346275475035,0.17308865812392424,0.32587614282824967,0.14237821942384934,0.1886586275214367,0.27339995242662346,0.46619592117076114,0.6041213432994984,0.4851274816419103,0.5507342117806853,0.33780484814834805,0.48222571331626873,0.9338962107070368,0.8864845358284963,0.9116755260017156,0.9941250882039486,0.6239476382723153,0.5032861533469655,0.7913618708254867,0.6490635775395868,0.5560566491660875,0.4064830596182756,0.4629013054521035,0.32532359719304876,0.4024952812123485,0.5077799180044806,0.4802121756867196,0.42499951673824593,0.759020834939224,0.9867191433437765,0.7964605324350051,0.7859481434334974,0.36462019295772624,0.4456703324507377,0.31002029558846506,0.2700270531910581,0.3033102642690299,0.18449384275972053,0.18767705525784156,0.20552821079624045,0.20144877795893282,0.2122817677469714,0.38703631065822314,0.18872795372157558,0.18602556907735585,0.40870173578790137,0.12949274619830572,0.23346453880860918,0.26452222460198527,0.26334872958574423,0.26884904768302553,0.2900509263859813,0.18482413551221563,0.232140643130185,0.3802092196749518,0.23434245928611883,0.24509401032209405,0.08321204277626783,0.10702310719743377,0.05922597168142037,0.05019870196568467,0.06341091570525233,0.04191313423313558,0.05038188647635603,0.10464451329311451,0.13314727766616072,0.175529919364145,0.07790215948120584,0.03233243702914285,0.04070927029958929,0.15169619040345017,0.06357995150553442,0.1414355844860348,0.06309588203974573,0.14453603909243967,0.09267738420566578,0.09853798236744389,0.058004701896329225,0.009487241990587628,0.015593696087378187,0.02661284561944666,0.03698263155957449,0.042277973093470256,0.09637737676738432,0.21315046052118966,0.3897944254777741,0.5519773507047392,0.7771273504092785,0.6928169820868528,0.5373610519098516,0.43471910169874006,0.5509610788362536,0.9887652545786206,0.9055421924075444,0.9394969230550952,0.7925496692053292,0.9667491685898678,0.5899202388068762,0.26232062819540714,0.21097480116505446,0.08460722919973296,0.02720003541686141,0.004794528833175613,0.0014915164197543173,0.00017923482436318217,0.00013901235658098812,7.091046766942421e-05,1.8497121445724028e-05,1.909850537793193e-05,0.00012308100530133696,0.00014645891972889997,0.00041032090432427095,0.000814149043428153,0.000429859508038318,0.00037401404563796984,0.0003214427727311207,0.00015785925995283781,0.00010539503002981867,0.00013782222052727253,8.862244240617632e-05,7.964431913338573e-05,1.1495435947973246e-05,1.611092656197827e-05,0.00010236530981058304,6.678729655349627e-05,0.0004759029395978117,0.00013567359087926476,1.5426848978845088e-05,0.0001179028679746135,0.00046393123924695845,0.0010528005590502416,0.00411480246869492,0.006349220383953581,0.012682165304414145,0.03151408948999953,0.01502585004488874,0.0456974862997095
-7.000000000000011,6.499005825738202e-05,0.00011566777108173833,0.00012099503198637491,4.533119583542788e-05,2.0566787873371686e-05,2.573149328804905e-06,1.3834264391048422e-05,9.914238939095737e-06,1.5557845428551978e-05,9.987101204493716e-05,0.00020313434727206006,0.0002349353029231072,0.00011571290841107926,1.8609078678145515e-05,9.075469580631192e-06,1.72261538796777e-07,1.1613541112836282e-07,1.581116742724313e-08,2.957784713654174e-10,5.281813596701611e-11,2.0126496147424016e-13,5.0656620392317697e-17,8.130644176743968e-21,2.3537937493058098e-29,2.8659011701620316e-36,2.354022943822893e-41,6.241245681668528e-52,5.026722319167993e-67,1.2126169916032815e-89,5.83261570853918e-126,0.0,1.3359709914425705e-122,1.2471518580667369e-88,6.412724506771016e-65,4.2556293694922504e-51,2.0166702072744265e-34,1.9253235350329714e-27,2.4862342699582035e-22,6.775119216307352e-20,6.603610297139904e-17,6.336002029791561e-14,6.934497457629959e-13,4.194911406352768e-11,5.289135622191423e-10,1.5361686762391801e-09,9.786088201677591e-08,8.985920820834183e-07,4.694223936931277e-06,1.5593302600465255e-05,7.534517503605622e-05,0.0002657700971106075,0.0007384451603025291,0.0019141395676629594,0.004620865433688281,0.00807000027084349,0.026409106083980283,0.23088316907491008,0.5448827130236101,0.5769454766643608,0.9000809401883177,0.6924066131569322,0.6104988096986668,0.3208112080002683,0.26184083788709134,0.21431817215590598,0.2650534004772416,0.46756011103027284,0.5468238414703331,0.648185843088358,0.8522883208030919,0.7444448615743083,0.7621730508598358,0.714163023433921,0.5657575617812608,0.848977170875867,0.5076332712445248,0.5019860198364637,0.6344193666423202,0.6886742530900914,0.8576138915906456,0.9395976457490011,0.639665088513229,0.6209324383733036,0.7147778733301255,0.827114158284111,0.7457207590624381,0.7900908123150285,0.6635796389554224,0.8527121922514057,0.41125126565867065,0.23816929114336058,0.2767600776097176,0.0882761461079749,0.050977785367632006,0.028095686628219065,0.06103344518767401,0.009108780153644289,0.006580297008974955,0.0054656750815232705,0.007833415263650688,0.049772979502201914,0.00420142742655836,0.007965664628833255,0.0031189460295787566,0.012263952335670611,0.05071128703318895,0.07852877286975851,0.06863203368104717,0.1223329407858159,0.25844171544241523,0.5939604917334766,0.49537510218193304,0.3174222712737784,0.3156334580003189,0.2669494282427575,0.36775856974408455,0.125358748524352,0.11981757502157331,0.2062276250762614,0.2898004898665412,0.2575156469493667,0.26798139878702715,0.1820325291088692,0.396542165686922,0.31894510429860184,0.29510236505462945,0.11027369180299686,0.06643822937426345,0.03440286364236995,0.03199424387808061,0.02500663643517876,0.015507831882229497,0.019006296855326232,0.056814696942549425,0.014460628659935188,0.021286809224666324,0.015625971270709194,0.008933146100162536,0.008859466675116084,0.005921348110259991,0.017462290386605447,0.008849214140303662,0.0350285462020701,0.02557444988255212,0.06970327638038172,0.11819604274737971,0.06284988844410136,0.0368612777257068,0.03413819417366856,0.039103776793944604,0.011953130810328545,0.010084152751634205,0.02834680027772996,0.020333504115907668,0.022251800420251728,0.004344861943867113,0.0029091534948058845,0.008958574515007178,0.022250534821254102,0.0663616028470775,0.080159416373253,0.3084084047190696,0.25027262692734764,0.33438409066996844,0.28031480089875926,0.47494169056961105,0.169096362167432,0.20163660591882906,0.3528951520491595,0.5879937095878651,0.723377388080977,0.5945056921295379,0.7165841181537026,0.4695033061976637,0.6038119118900219,0.8479445901072346,0.9651688662713521,0.9189499059726832,0.8798923085721757,0.4704083293139207,0.3264789570368207,0.6036127167380654,0.5143113818559287,0.3953121082769012,0.2194855639917819,0.2343753777980461,0.18192468667673975,0.24506468628523448,0.40739135847432023,0.36110176882931444,0.29829972270111926,0.5898433949688398,0.8548698447957815,0.9137556314945358,0.9618613538542329,0.5571937275574396,0.6884786399008449,0.5690899610345881,0.48447253377999716,0.5943646661369885,0.3795328340066694,0.4115250935478144,0.43304016704657666,0.4155068959537934,0.43198937051520453,0.6839595640089282,0.38568202859974615,0.3966598522685352,0.6729404906212235,0.3145603918951623,0.4059309210198656,0.4691356645560396,0.4263010396601974,0.4325244030797186,0.4723561001578485,0.2981528400359066,0.3238476618986596,0.5228357055672472,0.28783612409447057,0.265826636966337,0.05420416135967136,0.06412532883739383,0.040088716856175634,0.04084471672041374,0.04524976351141675,0.03615540998940627,0.03533056195502859,0.06333183801342093,0.10359312393413264,0.14208349720962693,0.05784152696678014,0.03210390091435143,0.026567615972284155,0.082826149125808,0.03215287412903904,0.05079681708824214,0.018953577890595603,0.047135998901206115,0.03639651313191847,0.04342826758573129,0.024317608687539034,0.0020715824817098493,0.005379764896410191,0.015859957991201858,0.018624148345777605,0.02925574758510182,0.07235573330746403,0.1465409764562804,0.3576135444768008,0.5302724867618196,0.7604972594634587,0.7095629435545151,0.46148813207459827,0.336234894263293,0.3383832639973914,0.6652454098067363,0.7157854852718089,0.6856598436752294,0.5587348745116005,0.7964162703658002,0.4127734204336011,0.17169889843564975,0.13551268942708802,0.05540093946715304,0.012976751106256047,0.0012250783657807656,0.0006473223098436798,6.671667127528636e-05,3.2897872034502754e-05,2.3909005232930884e-05,7.150884351827342e-06,1.0372998376536476e-05,5.0430514249242266e-05,8.100498834645981e-05,0.00033667498121114345,0.0005224183173907095,0.0002699742803583908,0.00026318192945808176,0.00022288113298597902,9.959237079243699e-05,9.013382766224195e-05,0.00021508570184914795,0.00011049615707995848,9.921259113278062e-05,1.2706682895072784e-05,2.261322692506059e-05,6.830110428775317e-05,3.1686094802142456e-05,0.00022818801441194648,9.84691462037164e-05,1.422770313033972e-05,0.00015237675544867502,0.0003973200931284746,0.0012232867214572076,0.006117182970952083,0.007420839096778675,0.007738233921779922,0.021616147268194247,0.009292509926634086,0.036538141450002004
-6.900000000000011,0.0009091540259974292,0.0009949264371588102,0.0008172569570190803,0.0002927572221281058,0.0001950506760220885,2.9378812929426105e-05,0.00013618091706670276,0.00011588920519965246,0.00013085183125128484,0.0006203319634377119,0.0012867559445226395,0.0008319447354997416,0.0003722588954700837,7.997021839567474e-05,7.864431202897175e-05,4.704436777797877e-06,1.4691633375782575e-06,3.2147717332109236e-07,2.132608244981975e-08,5.584162041155907e-09,1.2494535029205688e-10,1.039439261988186e-13,6.013705799664425e-17,2.9287314165050933e-24,1.2852619391304576e-31,9.257965517906318e-34,5.270942313726134e-41,5.84893803447604e-51,6.61548590364015e-65,5.721102867372744e-87,1.3359709914425705e-122,0.0,4.480364017742027e-133,2.980065024962427e-88,9.742980736808804e-68,7.810174812377185e-44,1.0482511489747372e-36,3.71407537281333e-28,8.752507404465684e-24,2.3595017346515357e-19,6.623036009633896e-16,3.6891356497949586e-14,5.693286462777797e-12,1.506873861274934e-10,4.4600002039847554e-10,3.569076925671643e-08,2.091943671737225e-07,2.664891540817238e-06,4.583783976312001e-06,2.890593416067369e-05,0.00010087602428734239,0.0004004084839996718,0.0014748832184114673,0.004489620093214899,0.007764112301586777,0.03127242462951979,0.23561468841287578,0.5916892379061448,0.5652796574390156,0.9148277332900998,0.5972575634378633,0.5653165743583892,0.3175208499060908,0.3891979847586563,0.32767617144783784,0.2956341635882359,0.6446133830069528,0.5442825777657502,0.49444457613260107,0.7859065263063877,0.5279939347575366,0.5025736846526957,0.42888843757503214,0.30057198879711416,0.6290896091137681,0.366726752586568,0.44451285423812587,0.5440595405252251,0.5089753192551988,0.739993109804822,0.922074343528282,0.5911613874490946,0.6880539317670649,0.926094351209743,0.9378598774444957,0.9093869445167906,0.9841855311900524,0.8451615297066445,0.9615681854274452,0.5642231162799194,0.3322228183002193,0.401670518939243,0.12511946149807573,0.0825103143946336,0.0493092456516625,0.10021289400743418,0.02001754341449583,0.016714382441360667,0.02629348906290632,0.019670686635432467,0.06410734840726039,0.00869681047824746,0.010680148250907602,0.0027164418370973346,0.008251556146207845,0.034096205591829326,0.055260841548096296,0.05424035628436302,0.07824939689731322,0.16772572416407572,0.4542414993064982,0.38218093584282803,0.250201535289991,0.2575381545146866,0.22109859735192075,0.281403485800351,0.10867183880487535,0.1027378052990623,0.18340772611010836,0.24162711307058665,0.23417996814552194,0.28063711912623834,0.17817377121631706,0.34006403325020146,0.28227207935120396,0.23972605627883048,0.10613548132494272,0.07259274556138866,0.0429093659328306,0.05018593837725929,0.05075974422294727,0.026917107152274324,0.035323884405648244,0.11087163570221525,0.027291810883045227,0.04691117825334815,0.052725240654504894,0.02911741099650249,0.02794640770888384,0.031691321869990734,0.06433049926679686,0.02263503171366453,0.1031529502772968,0.10384267930481196,0.1761911006979413,0.1951766832556639,0.10245893971261506,0.050422252067145235,0.049066368278536485,0.04919746783257536,0.02561832618295391,0.02493723665404123,0.05996260591627873,0.04227672724966646,0.04501676147895624,0.011474552181631719,0.004122985793310891,0.012687448168633311,0.022989519323945815,0.07866005211541045,0.05340143657543531,0.1444704127573396,0.09034157912611386,0.14570513960950435,0.13040302037234994,0.22532859775899325,0.06921194635732264,0.09380280008506033,0.18134173809838633,0.3244926958539196,0.4023743436483047,0.35606904292831404,0.45843957085513987,0.27826927429579085,0.36549839483248464,0.9426768677264415,0.8830981362796996,0.9243879402274081,0.9718592407881096,0.6422574342364795,0.4571640672305366,0.7540807158161625,0.5625969675016727,0.31592292689227086,0.13731022366567336,0.20226153453697576,0.15941117781518138,0.21077528167476484,0.34268622582301334,0.3405651035928128,0.2787392899368737,0.4822681530546412,0.7665505004168333,0.9704000441138305,0.9426523099600664,0.589144923454371,0.6234933054444646,0.47168117518566516,0.4554915760966573,0.5614493511896841,0.31522363050173596,0.3890886262216784,0.3547234825743966,0.35740787337344054,0.3225873117650359,0.6355938783880288,0.3363762219125957,0.30462535401931295,0.5197524165339512,0.24230605051630963,0.35481594694523677,0.32420507738324617,0.30390772954862655,0.32499060883806563,0.37934699358491997,0.24420725009815578,0.23599408091320925,0.40952643716692005,0.2867064290662677,0.26076530027398487,0.06389705868629864,0.0708319951944948,0.04638589767631763,0.04657324209741656,0.0674270116188771,0.055749123913961335,0.055878477644116735,0.08595078302929159,0.10559484473229667,0.13508522898901157,0.05054251507021187,0.026777520590950545,0.03211422628788531,0.0988901316924116,0.037289829767363246,0.04243937563095996,0.015483696205093805,0.03305068271410714,0.028769549173115406,0.033663911507719156,0.012234185965067187,0.0008101915280656985,0.0015913062806066315,0.004894881031842821,0.004104301896184343,0.0049464846082564,0.013859807258534779,0.0439016835756145,0.16868903681324238,0.2651352922697787,0.8232130135337653,0.44687865100923757,0.2842331986634911,0.2327471725078863,0.2638099754266268,0.5628162660122102,0.6817463859221283,0.7022776460829756,0.6360226043929181,0.8350732925710225,0.5248109846745128,0.29261709585658763,0.2730997216949249,0.14684086677538896,0.05132109484903218,0.006757660664383404,0.0027883993764703957,0.0005551493063588978,0.0001759155247015698,0.00022559177929433816,6.951862171301779e-05,9.268744801817306e-05,0.0004431357086956543,0.00029469972359841555,0.0015250176547973616,0.0022468484080111284,0.0008037654019957229,0.0010737957800595714,0.0006924849640363699,0.0005731317986020951,0.0006765378355066821,0.0015930519975129284,0.0006297870752937179,0.0003320130752933311,5.780021541721537e-05,0.000108577696397614,0.00028332395864257763,0.00014627542535339418,0.0003412689266106888,0.00017134182645282088,3.4003951105261145e-05,0.0003146376870593905,0.0008413836862605153,0.0016316564448608899,0.008652859545904194,0.006943731594499794,0.007495749238862268,0.027689073617050464,0.010813381058932503,0.053571747299426625
-6.800000000000011,0.028698226739554685,0.02600540115503581,0.020742295292874764,0.007425856690350879,0.005617864270947972,0.001286420717134975,0.004660777161718957,0.00571263166282031,0.003911103283988905,0.016240188101852654,0.017717483623313563,0.009560068870472562,0.005027620473481327,0.0010239159884556767,0.0014842911834748586,0.00012788435605141736,4.093103224281856e-05,8.098798758707918e-06,1.0109040811536876e-06,3.550165687863828e-07,1.4646863642570511e-08,3.890110193855516e-11,1.8731064970440388e-14,1.3163979907330571e-21,1.3408493104600066e-28,2.760855933444527e-30,1.2260312140142132e-34,7.779351246699965e-43,7.087732325697793e-54,7.679948556406362e-71,1.2471518580667369e-88,4.480364017742027e-133,0.0,2.7577907659975126e-127,4.474045858706724e-93,7.6359373278633e-58,1.6552774450776307e-47,5.754726105601732e-37,6.925344433951108e-30,4.9137055836312644e-24,1.687225283627607e-18,1.4752916454092294e-16,1.7057163794462522e-13,9.662051113464543e-12,3.204930283998558e-11,2.387788722020413e-09,2.2166334247225477e-08,3.2436123665780394e-07,3.7683701070469243e-07,2.2234382939256707e-06,1.4724961613779764e-05,0.0001147928168549322,0.0007162335000325549,0.0028523429976237426,0.003929793187976918,0.020071110785772835,0.15435401534857243,0.4572485450980169,0.45424146444840424,0.9087189916891528,0.593411866956502,0.6033986071438125,0.3649497381840803,0.6936569295553418,0.6231579312314665,0.5692468046786492,0.9969443310928684,0.788321177069,0.7616475983470603,0.9601222340541515,0.7371314887138346,0.7108437798339471,0.684857735627017,0.5416769874008167,0.7863277779968726,0.5146397782504124,0.6343278875401623,0.6771494459611209,0.6740590504068761,0.8743695601626689,0.9373409427460664,0.6587598157771908,0.653753056274745,0.8522754480330136,0.9058522896938391,0.8271841423981091,0.8629167199786067,0.7167127465679787,0.8539902719725504,0.5364305116607125,0.266911956054001,0.4469972273204285,0.16410362648854432,0.09879249045126154,0.059329784336556335,0.1236484813648617,0.03559060142489401,0.02882816286710159,0.04121429270332334,0.020369895328336236,0.07270360208031698,0.008635923272753015,0.008812187383777825,0.002874347060037037,0.007327340390456381,0.03633616363319949,0.06949947680880937,0.06681896460192113,0.1513676947083536,0.18189687732151222,0.5084546214169973,0.38972002213611734,0.25853425315037976,0.2964128716678004,0.23440697819854106,0.33525351302254874,0.14019155207715428,0.14644131014654788,0.2712346023625546,0.31341436136717676,0.33220220282687835,0.3648210058579245,0.2261648637483026,0.40150075556727477,0.33797444983074554,0.33951279277772284,0.16389974058680842,0.10969651637308094,0.0954241287375247,0.08771494903118986,0.09399410669334982,0.05910829802622,0.056798766455329636,0.20338802267154435,0.04895068376616966,0.0802584458982802,0.08837062781442397,0.035698210600260745,0.028172536693680965,0.03403728060440414,0.03825098420057105,0.011553783168895876,0.09128043001397852,0.08831818248172335,0.15044599033229145,0.1569584333953257,0.07509653484907647,0.042570970074381945,0.03080630805476776,0.019146496086755244,0.012008784265712637,0.01248926708439016,0.03290808772915425,0.020655468060846168,0.018242215804804514,0.007070297101754265,0.001479681312503699,0.00439111006656224,0.008025453752576862,0.037856232454928335,0.025467982653891368,0.06095194825160842,0.04062514816118392,0.0748741052724666,0.05878361130208378,0.13721464222227703,0.03558160638483147,0.0500765231344076,0.12071972592974206,0.2163234455960051,0.22601240151931334,0.2548772223084372,0.3809458993062103,0.23501133866509616,0.31785491118800446,0.7144787828730598,0.7463987365381936,0.8083211608519175,0.7662246687364946,0.8186498233529016,0.54091199774269,0.8450804929870294,0.6547576199770466,0.3841329949863571,0.191197569966483,0.30271427458014677,0.2575359040050849,0.2875926958664068,0.43101992646740767,0.39417623945826513,0.2994407203351554,0.4618352013953491,0.8084887293264449,0.9699653125823493,0.9869550733662866,0.5972201544539796,0.6919353389396243,0.5213480349219516,0.4282128815380113,0.5032450030375419,0.24034840644441705,0.34967670450916155,0.3478856674359294,0.4133100453100321,0.2924322790577351,0.6182459294108503,0.3638659185955407,0.3502144007364788,0.5268184149128837,0.24634340105993202,0.36974739225473907,0.3430368567080041,0.2938636043768416,0.3559275729968779,0.4170826993767611,0.26540068976957293,0.25600693890941956,0.4647645404633491,0.3189867374622854,0.23882644677731246,0.047620662945233413,0.0609273456663331,0.0385986962715947,0.03898530668844631,0.052588850419597884,0.03917951214676036,0.031176132973833814,0.06269738471031785,0.06776395100878456,0.09014331534484202,0.029001544327975512,0.013845335074464395,0.028000480496964443,0.07994891712467544,0.034042305310110016,0.041307789952700215,0.01690493431746885,0.03252377438768653,0.030387525130517488,0.026880944055860747,0.00915579168475487,0.0010529231070803755,0.002436307300241554,0.006403096297033119,0.008809309381078524,0.0159679422199606,0.04310144599752901,0.17441851002901546,0.4857065785916164,0.7196656336970956,0.6084261941914951,0.9962741907516025,0.88488999432244,0.7942276401995946,0.7362767872092946,0.9145812085997617,0.8166538655581635,0.8392961466795651,0.9600775428223641,0.7730532829333117,0.7857877345775762,0.46006548576652173,0.4582317847116491,0.2599320876648989,0.11479489666826063,0.03444808381109789,0.0066165752376359036,0.0027646961993146456,0.000983000823502558,0.001161240955418837,0.0007252963514251693,0.0006816517970448209,0.0024550628972453375,0.0015404083649413866,0.006897583011262652,0.00798671219048999,0.0022960917815284952,0.003277307601131805,0.0012452989644291907,0.00073157237611646,0.0011350581090127058,0.0018891287066709755,0.0004867207772770766,0.00019355869131235825,3.4139695200955965e-05,6.932088089795002e-05,0.0002048234175637353,9.217217776767234e-05,0.000178090235646829,0.00010430165296394233,2.5940701778071597e-05,0.0001859472128445414,0.0005118138044697246,0.0005525352786370523,0.0035615071944241202,0.0027095043647423415,0.002542165728936449,0.00871521164908027,0.0036875174176821406,0.02549590770722099
-6.700000000000012,0.11370422823787743,0.08360155208417627,0.07019055440403663,0.0349263776987523,0.02393452649799274,0.006742333146904309,0.017494942336650877,0.0177021615750729,0.01325598133565096,0.0344967512916168,0.03500450734172051,0.034040957380903854,0.014905981158983318,0.006391835472808164,0.008033885685079099,0.0013356150530709706,0.00041013459960971793,6.976265397379051e-05,3.510504646592249e-05,6.197967250648525e-06,9.48141358060047e-07,5.893026039402374e-09,8.80399546605059e-12,4.168721761690783e-17,5.1288829174140815e-23,3.2465755300331125e-24,1.0856880085119483e-28,6.870338327828085e-33,4.801604499730622e-42,2.47190137112309e-55,6.412724506771016e-65,2.980065024962427e-88,2.7577907659975126e-127,0.0,4.301047601997405e-140,2.767752681876807e-80,5.562738148059003e-63,4.383645591211771e-46,8.857335058697714e-39,1.5490261033715783e-29,7.277415505401227e-24,8.224139464840015e-21,5.0193553996020716e-17,2.2735785990208896e-14,7.254591231830163e-14,3.548852995734379e-12,5.615665518717069e-11,1.6137327209646664e-09,4.742273670925903e-09,2.0027098079428575e-08,1.229216181804819e-07,1.4370557126914851e-06,2.4212389728335217e-05,9.938367794886552e-05,0.00022532255631227044,0.0022315034027805196,0.028217467628725783,0.17283168208409366,0.18596026237482136,0.552220887492452,0.9590695675580649,0.8812000008403871,0.9042968169067185,0.7101764690100025,0.6301473887076706,0.8160060615844258,0.4285051111090959,0.5693208686472201,0.817016657120397,0.6387848850064369,0.9180550825511198,0.8406743330368263,0.9586607552256741,0.7318439372970459,0.9941422826309237,0.5912378569932556,0.8173489542132532,0.9206329620232704,0.865971283022369,0.8557325372517616,0.7093261466582493,0.8271500724617592,0.8168416427684956,0.9498984861747116,0.9376173062017403,0.9818139078417949,0.9098320219860573,0.9115542322244837,0.941791981469234,0.6571787828960558,0.323656861327723,0.5122207924051954,0.180180460051203,0.09402887091921319,0.05026710448052736,0.09202716660945241,0.027576136348103342,0.03903245475925651,0.06748358633777869,0.03755877706814406,0.06937632391454598,0.009417819479027915,0.008135256174705733,0.0014450141776070377,0.006179231123688696,0.02924874029012621,0.07140104517403101,0.10102046701357431,0.12530146211905932,0.250027157832687,0.5953095937220536,0.43894792666684085,0.307701387078661,0.2541866625240979,0.23086980519631056,0.32505267232718815,0.12789311455510025,0.15434315519124778,0.1572183247103445,0.23822471334337245,0.23256150000810683,0.22985511464396247,0.1414419909852013,0.22462762686887977,0.19257400745937137,0.2042026709784343,0.09013717217688756,0.07437243325028951,0.05353630213856126,0.05111951067764665,0.056114147570594276,0.03280715162345982,0.03288278694730664,0.11576029456817762,0.025627632231076423,0.04268290151912619,0.07816559157382583,0.029917343146047725,0.028743252435699064,0.027568347659648124,0.03297580249577848,0.00838034269086875,0.05188023883793357,0.05183926205776555,0.08905101202587554,0.09930171234638373,0.045031168002160775,0.023430192525749034,0.01743448247405934,0.02128808597583407,0.010691706320348668,0.015790521613885063,0.04802355879288352,0.01588886416253835,0.017022197613453843,0.006147350179157947,0.0012839760625923857,0.0029870107240958063,0.004001846608888285,0.022263262591782643,0.014794876617981442,0.04055586985868964,0.033778457192634934,0.0664273617880451,0.06258132143322914,0.14886671381004998,0.05573180902715916,0.07631611376722107,0.15961870177745277,0.3299071497227305,0.43562130517301667,0.48113745001801694,0.6586188411325261,0.41894540970046285,0.491098824396282,0.9670220316663676,0.8983670060622394,0.9330682727961127,0.9248898848092011,0.7555766967856751,0.43469063436331695,0.8201208484202769,0.6120051170957792,0.38382088554737004,0.18191347089570917,0.34476185380683716,0.30931786286585417,0.33201129338125546,0.5153294609914726,0.39439600673685277,0.2738096681012818,0.44424192186343425,0.8237173417704889,0.9670838511659683,0.976668874253071,0.6359716663783619,0.6318256699185857,0.46400158328265867,0.43682882199349027,0.5379900120128528,0.3101592931707607,0.3952774238472491,0.47587214647329784,0.5430331743033313,0.43456696773448916,0.8448279505005784,0.436500866227304,0.43659139480957737,0.5256448530733986,0.20963311961681297,0.2538517108124994,0.22837830752090685,0.2064094964360277,0.20239393482003426,0.24964541002921098,0.16622338895136954,0.11847048380172083,0.2514503896522881,0.16156257336681248,0.09070496574355245,0.017757649625007973,0.02054575449363686,0.009541239612626082,0.011710201040904764,0.016486409194451126,0.01009774585273006,0.0066824178667611416,0.009737488867186745,0.010719298893559683,0.016850615425855423,0.0028613741939393514,0.00179172153859379,0.006955250682265422,0.014752955168164114,0.005388483741745,0.0042633440685201154,0.0015953624707333478,0.003181502699516915,0.0036568556228725613,0.0034604195716846794,0.0018406645981653372,0.0001794928503902628,0.0003221401367204532,0.001642416541744169,0.0038636645926952455,0.0077955833352100525,0.016821678250095905,0.09431146221640206,0.3602993490718755,0.5634520661567487,0.927325872207667,0.7826855014365686,0.7389191968201784,0.6612643641004622,0.5517400051037941,0.973700427915786,0.9442921794394489,0.9681887005972577,0.9528444832973898,0.8425531315843268,0.7241717668335643,0.4786958937600444,0.5591511276583927,0.28498115374234567,0.12189492920420106,0.04645548464007468,0.008989113297201914,0.004200734896905032,0.0005710440561365986,0.0009838194250482379,0.0008696844629444507,0.0010012914753165056,0.004184466026749452,0.003032362150851029,0.02485275239388121,0.04364416788838983,0.017235688061510275,0.017099269817577305,0.012355344831945324,0.0058549204689733805,0.0035997888504489457,0.0031064876866063306,0.0009277525048849692,0.0005802471718051466,0.00012779095061908995,0.00017696527726488798,0.0006636023979705077,0.00017217613624713671,0.0002614139833947585,0.0002006955963300973,3.584754418347506e-05,0.0003584242619859661,0.0013922921863082282,0.0011953303679345406,0.007592007660864937,0.0032859953883892274,0.0024737962063236412,0.011212299087880899,0.005377582113457018,0.05389808283141689
-6.600000000000012,0.2003983254774019,0.17973590921389182,0.15024804803089242,0.09084765991311702,0.06740750312650433,0.01897511996279475,0.04470317199729819,0.06513336751831231,0.037003111596612806,0.11968570911514374,0.0724204989280456,0.06268966686969925,0.03809621410018625,0.016893106109764435,0.03293066866776183,0.004647609840588343,0.0008374340277750327,0.00014290781297573497,3.91036988985665e-05,1.0975498685352358e-05,2.175863860723298e-06,3.449465470300042e-08,6.90174300699923e-11,1.1744367341523948e-15,1.794621919368225e-21,1.2477713142143152e-21,7.497484184707544e-25,1.140615729372866e-27,5.567484992932114e-34,1.8208466387251137e-44,4.2556293694922504e-51,9.742980736808804e-68,4.474045858706724e-93,4.301047601997405e-140,0.0,6.597581492126429e-112,4.677179488383091e-85,1.540101375869547e-61,1.2107407647381672e-49,3.0680495571089657e-38,1.5256801718543154e-30,4.0432274476747785e-27,2.3238943215544926e-21,4.350509823041974e-18,2.4004393502868006e-16,1.9918437233445985e-14,5.09606066774515e-13,1.3630070871361931e-11,5.836831884474836e-11,7.806745175821288e-10,8.53255006103654e-09,2.7158733303671774e-07,7.789000422486938e-06,3.1555066293756704e-05,6.892038348821987e-05,0.000953681347083988,0.008464131474093441,0.07682577949623944,0.10085957844657444,0.3465942748150899,0.6094946559180378,0.46116548490517656,0.7183681617271487,0.301849291477275,0.2912041130994303,0.3597623336383,0.14052740230186825,0.2629662351674858,0.37887673910197034,0.29793220895616185,0.5491366220039136,0.5957621514732393,0.5382197647352646,0.7145736842216289,0.4796490979845505,0.871232623090702,0.7049369609888111,0.761124840895875,0.7410699339704223,0.6518310139988135,0.5538064637788568,0.9604743551330742,0.9849362912172719,0.7994376053772324,0.7178046502200325,0.8254700920500249,0.8078683522253237,0.998842286713332,0.9620956362446722,0.762446806865578,0.34028567909007623,0.6561259668452118,0.3147667327121079,0.15739394836390178,0.0994705759417366,0.17029978458343797,0.052370234778310244,0.05866093534820211,0.12300056581018813,0.051085331565125326,0.11421059625173542,0.021701417226045596,0.011736734723284209,0.006337035493612856,0.0077529855397270985,0.05197103389932125,0.12003830683357,0.12429328821707798,0.23175239700525369,0.2552459626299534,0.6467270284944816,0.42033880732513346,0.24074568536210428,0.2613278145861862,0.15136878254051714,0.23977282324617816,0.09062308395663811,0.09989120583918007,0.14686326023505192,0.18058521120557453,0.21451936458009346,0.22292917042854068,0.12136854000826912,0.1997927387437109,0.15057225550808795,0.1898968278005252,0.11335881493024558,0.06022775700273222,0.06836589791424144,0.052742686825650635,0.054279313932273796,0.030252554592670757,0.025822464971503832,0.11585265149284964,0.026870834816068483,0.07455987564880368,0.10577355177788823,0.04720650522771371,0.04112335896345368,0.03003894900720011,0.02524246940468741,0.0051252443611048415,0.04013444332359558,0.038586268648739305,0.053711875385500304,0.05120278441620423,0.023322475910719346,0.01290018876835746,0.014574012979369314,0.008623850161023287,0.004404253696771324,0.00915837798033208,0.01605351712301155,0.0065992440899931,0.005652670877860607,0.002628115045396618,0.0008429389549360197,0.0017454797987828568,0.002637394023222593,0.010610449250264647,0.005226656370572191,0.02263100320411953,0.021937600796417052,0.06771414759757241,0.05862780964612993,0.11285516294455945,0.041327828075450004,0.06601054219760205,0.1459124293057765,0.3119052222621448,0.36853862299461326,0.40638071631966677,0.5074948940745724,0.3718605549374176,0.42870525448450636,0.7473174718181534,0.8723476015542615,0.8207620965370399,0.8452672816760665,0.8602529885385563,0.5009532862819781,0.9098916007534315,0.6267745193751636,0.4244815060978204,0.18238947598202934,0.2573612146035159,0.25638398008480856,0.2579836059347601,0.39693462106059885,0.27612506620723365,0.18683089893433952,0.3075615641302501,0.7021179260015311,0.9328478989764356,0.9313171633379507,0.7589737290314053,0.8142399611407384,0.6161651739637323,0.5636071664258044,0.6854173871114938,0.3475458914895424,0.4865284063256899,0.49237604149893377,0.5521573129228406,0.3939282429814189,0.6914137089060769,0.4119974693777353,0.3932464444564103,0.4882006093841024,0.21265143945652043,0.2374686580915021,0.20636798423061758,0.15768743792319562,0.1779435664079449,0.21976004672862945,0.12168380489622056,0.07519892949948974,0.16637724308638,0.12006907162342305,0.04664129201260559,0.006150963548414222,0.008050253135124323,0.0036535619434774833,0.0033290027147439365,0.004683926521329598,0.0022687614582102525,0.0010552250572715461,0.0018071167399640712,0.0025816642840735243,0.005035242714145001,0.0009889605330691419,0.0004937859683405117,0.003369078735349302,0.00697949644107958,0.0032198704595116493,0.0021648927314605053,0.0012184285345780415,0.0013735542271137424,0.0013463347755384109,0.0008368228607119349,0.00019552033888443576,2.2017288606228742e-05,0.00012170862921892628,0.00048618579458255674,0.0011061989701846898,0.0027158189669399114,0.006858644048804818,0.04356059378764535,0.2124855562041523,0.3637403522985047,0.8195665323781685,0.7316255994045493,0.8310325246676311,0.8161960455307395,0.7623726994671558,0.852066183163954,0.6899639644079811,0.633481118107111,0.5072377117934922,0.5701272374070504,0.9059316722555889,0.7969620745422252,0.7630018255944542,0.3511210328867259,0.1740107712522983,0.07496469780814996,0.011879626584943525,0.00596875060171379,0.0006663371217199942,0.0013802813109016878,0.0011780316230347364,0.0006940751462766947,0.0022063350479489146,0.00246849559139695,0.01419577099819533,0.025593371327771907,0.008121193977953134,0.008719973587665577,0.0038265483602360185,0.0020920577376577877,0.0020309115989808326,0.0012498516814966202,0.00038376528557500944,0.0001734060029016342,2.4207266264083787e-05,6.0378454917556726e-05,0.00017452356114231057,5.321016479286445e-05,6.824410958433732e-05,7.747723709057962e-05,2.4629892347500733e-05,0.0001427182634492208,0.0005196578877230659,0.0005718769662787868,0.003937428721496492,0.0016728053504549277,0.0012945398320009652,0.005901716746329638,0.0029638791307852784,0.031129881233900723
-6.500000000000012,0.6265204990474511,0.5597752584233163,0.6256192228912916,0.5203396350128913,0.44708306551243165,0.17824555731994698,0.2195467566302388,0.19831196070019066,0.14332381540555766,0.30590276267843763,0.2535617980102625,0.27967773431572457,0.23441958217294093,0.17720693187019632,0.23696614924964476,0.06373098307922179,0.015322931438067315,0.0025340300977748126,0.001744156784359554,0.0006285993092321445,0.0002104030014226916,3.568094409156866e-05,1.5164564704560227e-06,1.154156515901854e-09,3.0048572728812266e-13,4.45763365919551e-14,3.267138673601304e-16,2.1980105015882366e-17,8.458265513394117e-22,7.797494864781519e-28,2.0166702072744265e-34,7.810174812377185e-44,7.6359373278633e-58,2.767752681876807e-80,6.597581492126429e-112,0.0,5.114259269769602e-123,2.8903597162207055e-82,5.9596253578048755e-64,9.331197232631031e-52,2.8570232855393173e-41,1.6551330693285875e-34,2.9140758314720703e-27,9.999508081854243e-24,1.9206521152140067e-21,3.548459912741785e-19,4.952663388798544e-17,3.810052656982407e-14,2.2675423147375944e-13,5.1961102354183405e-12,7.373843827811536e-11,6.899984782552638e-09,6.357046534702789e-07,2.6117392607288503e-06,1.9585823618501535e-05,0.00025806513611481373,0.0017051215108440088,0.02090912419449016,0.026315419035059198,0.09605991705191444,0.24288396267209517,0.1450601029760789,0.17528970092844243,0.06479417402497886,0.03514317754282311,0.061330907596807496,0.02083827976225829,0.041090078148867344,0.1467594052165274,0.0710852703822174,0.2656591388994794,0.27811401697038346,0.19350692800574731,0.40667207873056865,0.19062847934920604,0.47871184419451995,0.44319733755798113,0.5410551873030897,0.4956640114553596,0.3774337250150454,0.2862091311859223,0.5096075974629801,0.493351119061187,0.3189729942839306,0.28465588522738944,0.4096907178163108,0.3930105407681098,0.6488988149269549,0.6118483859311558,0.7917204021927304,0.7712492605049822,0.7856220859050727,0.7608576314254644,0.37411253766019364,0.3113220443387948,0.5054694466466872,0.19606521249521855,0.1657977270385994,0.27497284995378163,0.18279773760948953,0.3131251115857174,0.09720868701784424,0.07089554153953383,0.036064922090224535,0.048375846703996514,0.1205119609223933,0.23172742616432074,0.26999553891664785,0.30643376133045597,0.34228185023524255,0.6903712365522523,0.3995671497737315,0.24482017107746154,0.2588475868723666,0.22460354773648447,0.3164663019910136,0.12918149513160299,0.16298574286685102,0.19481890840120103,0.25534127343729274,0.33891031475710964,0.32035122699987506,0.25502920703511256,0.32383577582275813,0.26180585695156405,0.3170882149672378,0.20741529285741708,0.08759271959255449,0.0933582536782852,0.07686276458907915,0.05384065240746765,0.03936689106065551,0.05191025399041755,0.09876119706229072,0.026162380478177785,0.1090450778276346,0.12119238293236897,0.0597729049013567,0.07186197996007694,0.03644622947699712,0.04961017698821961,0.013068627871724773,0.05573894684859977,0.07135201958058636,0.1039922402223613,0.13197436158664694,0.09395552119807588,0.08740606597550755,0.08438244868406282,0.043654269526270356,0.018878153366096738,0.03770287344955558,0.04701810828391273,0.03497629224232747,0.03148749282644023,0.016492004796720146,0.004805919455400042,0.008055795137126127,0.009843251821356829,0.025642393570000536,0.02047737048104452,0.07059699947310531,0.08736521567254535,0.16807041945543275,0.12681202221146617,0.2102923227836625,0.06555452890184381,0.06329846972290389,0.12736663132329235,0.23473895085049967,0.2977403072076307,0.3228369829079042,0.33893573692137896,0.26817188986363155,0.2699729194624035,0.5580210067820592,0.7635067873830007,0.6428424194359186,0.7144703336971837,0.9709201511986194,0.586170958357672,0.9559235226396484,0.8351667569134248,0.6445076754792077,0.38715079222849924,0.4757559180734612,0.5974949198321773,0.5331495609722574,0.7216171407770854,0.5808977338329278,0.4086258549638983,0.5533342758358125,0.9949244953020935,0.720391124534768,0.7470494802066737,0.5767317708873184,0.6182283080587794,0.4339534377703042,0.45008017251901955,0.539594128029505,0.22583476085721663,0.2901790937625891,0.28678611863279974,0.33604689604905147,0.1816148718361036,0.37844479070420706,0.1930490717633169,0.20899576224877242,0.2707255458418162,0.08740237969435347,0.10775494426742822,0.0835385133439625,0.04967868320146685,0.04684853364324177,0.0616484122146589,0.048285683074109846,0.026043506403598992,0.07332330438170993,0.036737852618692425,0.013588515643044983,0.0015451150854699567,0.001980770289842541,0.0009573817884885877,0.0015772186994929339,0.0034878297984381195,0.002104410847876027,0.000866583305154896,0.0010910627533828562,0.0013698109575921852,0.006223812958442944,0.0008902553180012313,0.0005554475954420716,0.0020680647038248397,0.0029040082382981304,0.0011059695297452109,0.0002644817180557334,0.0003057731836921403,0.0004031829150349132,0.00038291385759712425,0.0001956605128109256,2.0393787588202764e-05,1.5694358202091973e-06,6.684751860723505e-06,5.2957762169553755e-05,0.00012635996048255814,0.000643215773712879,0.002089405841386882,0.020320004923467735,0.12788648218903634,0.25407732787886395,0.6302653203556111,0.5849460157406613,0.7046164897712379,0.5856548375626182,0.4053285877938704,0.6012010308294142,0.8505946124735546,0.9956955701630091,0.9321387029590167,0.9882026477277003,0.77533018945374,0.484599763780531,0.43169873331037256,0.14097766045623772,0.05697124931872291,0.03163186901900105,0.004296265995436547,0.004244842986307879,0.0004962107257351916,0.0012251141203655543,0.0014752260877585104,0.001445639390712807,0.004183454662869972,0.004310258212164457,0.02717896890810912,0.03902958900139257,0.012575326570936534,0.01035355960976343,0.003433004661069185,0.00244263087577189,0.0021357632456860693,0.00155324309565292,0.0003568587753001583,0.00015428967579406602,3.06604164024558e-05,9.339532144056574e-05,0.00024367023614873745,3.4988827819538115e-05,4.2391925529415316e-05,0.00014275892830598714,6.999902019393422e-05,0.0003663547094685743,0.0012140533037484226,0.001743595281081573,0.012502094328617252,0.00885061754394824,0.009254668754337527,0.02735476574775124,0.015311992285472432,0.11574772838930841
-6.400000000000013,0.8016265467540641,0.912489988237685,0.9273713237573847,0.7829494924173304,0.7459312498264907,0.37160618531682227,0.5036114004363699,0.4598901571905186,0.39857353857471145,0.6498230128632944,0.585937220603156,0.60176972193655,0.4031124209782975,0.3193968693830016,0.4734537136276943,0.15887447129688972,0.04266274811451263,0.013212815516472052,0.012301511123133121,0.005301083759073668,0.0017930208101413936,0.0002747746577049168,7.999403509058077e-06,1.4192970972400034e-08,3.09549116444561e-12,3.1900182120112457e-12,2.3417925402672557e-14,8.197651213678191e-15,8.88276283385099e-19,8.217232435555638e-24,1.9253235350329714e-27,1.0482511489747372e-36,1.6552774450776307e-47,5.562738148059003e-63,4.677179488383091e-85,5.114259269769602e-123,0.0,3.488408946656869e-134,4.701720799683587e-97,8.424740500424849e-74,1.0884601331611738e-56,6.541934261141376e-49,2.770756811361472e-37,1.0296469794914412e-31,8.325015279257113e-27,1.0793107254828606e-23,2.93428797698689e-20,6.956342624106353e-17,4.117875129026631e-16,2.1243476551569272e-14,3.116630164857584e-13,1.2776560926586397e-10,4.792663003767576e-08,1.2305904775845768e-07,2.4106153583810978e-06,5.828645652059542e-05,0.0003348648968284075,0.0039379741310665165,0.007634420021700077,0.021935489459576192,0.050614471442456066,0.02342973111993765,0.030654056101781964,0.015081091144087469,0.004852704860706539,0.012597134777971643,0.0030454958430173712,0.007042989050032638,0.04831682183910173,0.02068504221388939,0.1146242061322406,0.14976101846875992,0.10848803941522685,0.25479574963142254,0.0961788295880956,0.28633205753420843,0.23224015224316938,0.329986603345783,0.3872097131809101,0.353583123611364,0.297784137739817,0.5560520151823926,0.5208488134064474,0.4480975781466714,0.3724456184393126,0.5678177794668262,0.6797182838365058,0.9983568446877206,0.9834328967374091,0.854186829606204,0.5054885428820317,0.8906541075551206,0.4372813384972182,0.1535558140703296,0.15793274099530977,0.2667313221503239,0.11710495164808403,0.12289561280602362,0.24954236563822302,0.18115240031416707,0.35728326922489434,0.14996574697300863,0.1335775936987383,0.06313976113433488,0.05502965499803649,0.1265394336231755,0.21371028731959393,0.25857385165593433,0.2573616728049085,0.21499486350980906,0.4208284978616533,0.2345327855664834,0.1156848507859678,0.11139503587410575,0.0810331108560232,0.15315696172027732,0.06762139575564557,0.0689666571919023,0.10869280317403164,0.15377671322593114,0.24156354151060788,0.32469799899338153,0.21914046356066785,0.31639695659542477,0.24736173064305583,0.22700715281178208,0.18273434437668123,0.0597202363825528,0.07774450037322317,0.08806037052128941,0.0699573979256137,0.059978325230883894,0.10302080081200075,0.13404828452968115,0.038307074146660666,0.14329235878128121,0.10103305082655381,0.04755633146201556,0.05751996555284081,0.02058486016389665,0.03893675639807516,0.009588203170711632,0.046689186729196766,0.07303641403263317,0.10564952895861054,0.12490362298530386,0.07504975051488878,0.06907709574529888,0.08703875676144894,0.048622536878222176,0.021757791161899954,0.043208987989629445,0.04455396398807529,0.026235661446736842,0.028733957296483734,0.009792060818470338,0.005059471717863613,0.007348379079852143,0.010917779966697868,0.03472055255143203,0.02840477912164784,0.09311312328917011,0.11718760459302904,0.1604243351055533,0.16485490078725668,0.1437656231733467,0.05860396673042761,0.09389427108372429,0.1633695606171836,0.2630453415440652,0.31086910771331794,0.3289205123660621,0.3186727639836426,0.2638831862306728,0.24601757380605316,0.49162891123908614,0.8149531163130485,0.7489085040425656,0.9655782132258275,0.6781335658336171,0.5531690968357277,0.9346087282182893,0.7624378870910026,0.691320949187728,0.4104405590508093,0.5797520763769141,0.649276796127532,0.5958117503774101,0.8081745646991514,0.6743000150299485,0.4936076319770967,0.6321794968676302,0.9547428500637593,0.7205258881264814,0.7049672923081515,0.48679745076027264,0.6020124175155948,0.37694558253205895,0.4477087673282402,0.5088098618400514,0.1933216667523118,0.26885981943692344,0.3393048814975706,0.36622018737117706,0.2576356833585734,0.5562259177268373,0.3961551817288563,0.41413880583442747,0.5715762960854606,0.2507425884536971,0.24097701576149563,0.16065558200171343,0.07843535794345473,0.07566727787160261,0.09620632204704692,0.090508107777909,0.03798273319324275,0.08225809881250973,0.04396220924367337,0.013684661564793421,0.0019481346954518773,0.001649363950368219,0.0008590814797317914,0.0011927295435822916,0.001779180968836929,0.001112357557173257,0.00061775111016395,0.0004051030265558822,0.0004770492093333848,0.0016676620885787456,0.00038401623178388884,0.00025305568161437315,0.0014592534794872058,0.0015561489172320096,0.0006222588357047312,0.00013801062407301775,0.0003575025067029539,0.0005106319744192218,0.00047834560783670976,0.0002441578159862794,3.0216885023240745e-05,3.2858847026072527e-06,9.431652753150086e-06,4.81166999890674e-05,0.00010386517417203511,0.00032193890754898564,0.000619407062560153,0.004177387895752727,0.04622939675616474,0.06797489738636123,0.22696900714808646,0.20000293236983163,0.2801245151921076,0.2734452536694715,0.22301266869336311,0.3209109328365124,0.6646800536749179,0.7216081277696252,0.9124033685421985,0.799900279221431,0.6530327808347555,0.4648661278992788,0.3756355174886158,0.12892591284758612,0.053500733396643844,0.041817945393499076,0.012340199895895524,0.009332596712623062,0.0007914191634979362,0.0013999096462139662,0.0011399330772396998,0.00043337573161669063,0.0015616526242194044,0.002412768130459278,0.019344681679021994,0.027590953462339255,0.009278275893321152,0.012040682820957282,0.005043878619163368,0.0034790393129850686,0.002977911686325264,0.0017964483208521853,0.0005865078512375599,0.00021416278452800688,8.364737093236677e-05,0.00020117308109161822,0.0005743229212507524,0.00010002723318315136,5.684432005791088e-05,0.00018661701178881047,6.051394004415056e-05,0.000349933657660614,0.001246692826020162,0.0015791831205448671,0.014289815716192448,0.015652102578029497,0.026202534499134927,0.054350294143017466,0.03620395165975467,0.2069332826058939
-6.300000000000013,0.8245403453230221,0.5792768842415827,0.6014456705352771,0.685791316663703,0.7191232461478132,0.6994865808627921,0.7810949974747506,0.8578714194336898,0.6992426513989409,0.9448692463119088,0.9943304236598808,0.9532595575392518,0.7656009426370615,0.6153549667071883,0.822410562800925,0.33753576744257957,0.10532768352651715,0.0421913086134343,0.03263523839686699,0.02007397303656438,0.005514173457649678,0.001525925250909882,5.7717838766331425e-05,4.93655083487465e-07,3.087859104252388e-10,6.245921957191741e-10,8.840892812019385e-12,2.42336230620059e-12,2.1590500133862744e-15,1.488498340601629e-19,2.4862342699582035e-22,3.71407537281333e-28,5.754726105601732e-37,4.383645591211771e-46,1.540101375869547e-61,2.8903597162207055e-82,3.488408946656869e-134,0.0,2.944680182970068e-134,3.787336400415222e-100,6.158699628809546e-72,2.91315177081905e-60,8.066347621627048e-45,1.616156980577158e-36,6.42574208590552e-31,4.429481406127394e-27,1.138508474847746e-22,3.9746129642681617e-20,1.2968182329900993e-18,2.15151675185064e-17,2.026030066990304e-15,1.4619576645412522e-12,8.799422719600129e-10,6.607725807268253e-09,7.494380571284842e-08,4.270269276176334e-06,3.075765236146536e-05,0.0008720224231326351,0.0027105806685670387,0.014024218373714453,0.02312003847926039,0.013027297166828293,0.020032524052289908,0.008275943378611511,0.004089305866876143,0.005070772987866036,0.002112166388098685,0.009647177297274242,0.029143442507700602,0.020721888814499063,0.06533510225538655,0.07534378461514683,0.07708663550801695,0.15675742224111416,0.08776922701253552,0.2619817588749614,0.16754521837638356,0.4103950376013241,0.453131607558901,0.5352328138618769,0.3893152349551237,0.5921656452506895,0.6276564276206216,0.5040497719254904,0.4921286110721729,0.7263297834495182,0.9610848397922676,0.6348879508073428,0.5985218293010675,0.5102717412173318,0.29974960805608897,0.5990753911770423,0.38689170067526524,0.1783869574568018,0.24687855852963628,0.5052237860198905,0.26626380182797776,0.27162175562430313,0.6277376917023537,0.4548584045550913,0.7781468022875442,0.40122959565487615,0.33342202422965217,0.26650508348487345,0.16029955435691823,0.36173501572687383,0.5104521857601729,0.38776180296468943,0.5797618420166465,0.37852798019183737,0.638207373608205,0.4373871123110122,0.16381036829087897,0.16878714345458604,0.11097532770061479,0.21925550211973838,0.11315695556287023,0.08938340298848362,0.18603106970212238,0.23118720137908194,0.37965309710622536,0.5452344350139653,0.38568754635420477,0.5795006849080501,0.4785002800906223,0.48443972337636765,0.4336853022363448,0.13744412461861527,0.20912502865144966,0.25098201358916056,0.1878314701909203,0.1538276351734904,0.19577990153095978,0.24156545708363586,0.07146088594524858,0.26451693869272136,0.1434111159112942,0.07838237967323877,0.08375499741589153,0.039959197291104066,0.04369608653179836,0.010120775601672408,0.057191359010715904,0.05386838413761807,0.07810614855493242,0.0757036468620178,0.049461449646726406,0.05538509826579794,0.06854161260385694,0.02954220094504376,0.023103916244376434,0.039433564653694714,0.020988596322428003,0.014414218605726054,0.01932293088629096,0.004880466726826912,0.0034724156785895443,0.005331592489307583,0.006752950624244834,0.029136029274705506,0.026913394634173388,0.09791779410101256,0.13721354159591415,0.19333021390911706,0.21404522235481063,0.11162956622150891,0.04568079358643283,0.05619723112485828,0.1297882297540237,0.19029684081898773,0.22162508948409007,0.2660550744581717,0.22394958337492932,0.19899267790721978,0.22511111923167215,0.33647742603354636,0.6517695809299445,0.5630834641612897,0.8197792175569233,0.7508914168760255,0.7820579800964713,0.7801344450342282,0.8480616131296606,0.8458923171206518,0.8437686085150166,0.9903541255933014,0.9308625589953123,0.9418183196067874,0.9026300927501775,0.8870734766006821,0.8388216657025621,0.9556862991403432,0.5379400617882985,0.41130446446309255,0.460004476148742,0.38599872368482363,0.5304627114034774,0.3823372374261099,0.42802242456553385,0.5228572534990078,0.20086457804931668,0.2690609383773893,0.3726205070316633,0.3906860204890026,0.3018476616681206,0.7869385556019058,0.5741634764082261,0.5839383656813952,0.8377280071436363,0.5021696390238534,0.5292941169466913,0.34965015462964805,0.15075992256508228,0.15831713774482445,0.23945500211320753,0.2845281373637929,0.15272090229429364,0.2739318588344314,0.1342531530931084,0.05212257569892714,0.009606621189715258,0.009365748875526768,0.005644927091701897,0.007665502063806766,0.007971865120241003,0.00803135247528838,0.004561899620897054,0.0035178671144884704,0.005643989488018982,0.012812622998005771,0.004048847944839925,0.004358852108702179,0.017228081231381875,0.018973631677246906,0.006393120103866583,0.0022023662052323206,0.00680178700348098,0.007302313870987553,0.004989511423989858,0.0016661722407944508,0.0001800393790897725,2.7666383869147592e-05,5.887077644299296e-05,0.0001323999399816452,0.00023353791915366968,0.0008779887731814134,0.0023739707201519255,0.009017572115433277,0.0856753542694266,0.07745008898456919,0.21037414005452357,0.1832601451122597,0.2169918477160073,0.21286857558383168,0.16048294236735233,0.1800530933104904,0.4002655590785706,0.4134525970868578,0.46055310286716594,0.32967846234987935,0.1995210866903176,0.12172441912601292,0.06549671582908202,0.012929896428079369,0.004608032856091227,0.005064604444996137,0.0014513959964708313,0.0013501102773865457,9.660640068191865e-05,0.00018954509220946896,0.00026237217443036796,7.609342802279477e-05,0.0005631755938780411,0.0011379660359659965,0.006250551142855739,0.01144881651554668,0.0030722829906392624,0.007589054111669138,0.002894963980784826,0.0017226005703389108,0.0016265001926619965,0.0009437969818016619,0.00027366287070593,9.602154683489039e-05,3.585927455686857e-05,7.757459221222705e-05,0.00021095221151239788,3.823870149148354e-05,2.405955101228715e-05,6.241675607653873e-05,2.2121292949335858e-05,0.00010899397082787396,0.00036564166350375367,0.0004950754000648461,0.007077797690594402,0.0069079670102944355,0.017803714651844646,0.028071655233511194,0.017774038098043926,0.09372803027937185
-6.2000000000000135,0.6614367347117697,0.45574701951702823,0.4584952209917647,0.5346660626070686,0.5924753389920177,0.7790328232910027,0.8833084562649733,0.9393728158124087,0.9082383229224179,0.8633647716183526,0.898480613861427,0.8378484998814132,0.8417247503209206,0.6776239174181458,0.7190801460015804,0.30714832110646617,0.08983692786151748,0.02944630426036195,0.02743471436611357,0.014661730714823674,0.004333745407232181,0.0016158101310166785,4.351045963240661e-05,4.5931492374346365e-07,5.085570876824922e-10,1.1751792917563898e-09,8.073621980292126e-12,2.1713455157286835e-11,7.758856486272578e-15,9.402670758838202e-18,6.775119216307352e-20,8.752507404465684e-24,6.925344433951108e-30,8.857335058697714e-39,1.2107407647381672e-49,5.9596253578048755e-64,4.701720799683587e-97,2.944680182970068e-134,0.0,4.695831459100633e-137,2.35544304386323e-91,4.010981190696358e-73,1.553556540480665e-53,2.8841792167267895e-42,5.455530967881386e-35,1.801318379134911e-30,1.9592387721550422e-25,1.6293429419375679e-22,1.7012122163863107e-20,3.463684981110408e-20,2.8513727923966702e-18,2.806247200470973e-15,7.859792363970462e-12,9.832157671248188e-11,1.2709631477179283e-09,1.2207501718648838e-07,1.2720798164600144e-06,9.908053472318765e-05,0.0003596991420686795,0.0025125611867002026,0.006489367835238647,0.004787187287584973,0.004768838400482801,0.002266145813763666,0.0006426849875121908,0.0008141777139763744,0.00030314913441789934,0.001096570049025636,0.007404683587313783,0.0038996784129690125,0.022128467426569067,0.030833786286724587,0.03125271183585197,0.08397001198675585,0.03925538811247369,0.16483023389776394,0.11705722624651159,0.2518935151829279,0.28262679095270876,0.3234472720256991,0.24806537909065315,0.41459049544791043,0.4033893890514652,0.3820635957542953,0.3278724262953378,0.47527752335495077,0.6676524304746285,0.9817942626659392,0.9310465658621694,0.764460791775636,0.6257138509194445,0.97408241116486,0.6323765772011674,0.3041818017674565,0.35958609395974406,0.6244791775338091,0.358421819164915,0.3577829002669207,0.6648110987708874,0.5020898778693369,0.807532819506734,0.42821727794811354,0.44656991324607276,0.3226125004033858,0.26135656809072644,0.4084129239994577,0.6104943942521176,0.576461749546644,0.6419308650111111,0.515700552665429,0.6498622009771575,0.4751051351171602,0.21236403136931847,0.17609677666485707,0.1795722498680104,0.310296098141859,0.1739255361046946,0.17033201057730876,0.22991946225654877,0.33592520130151027,0.4307824378437404,0.6784241819414575,0.5092245079262117,0.7572123485639743,0.7493605462070531,0.6894898732529892,0.6354489077905381,0.2517228352535554,0.2647251373487453,0.36603272632725775,0.24972464830780985,0.15357888583457674,0.2286501032527163,0.19230813146443176,0.056924840704885626,0.20742588622625913,0.07462385312265542,0.03286046474545052,0.023481930560421128,0.006039117010420801,0.008423251296840085,0.0018768963102541577,0.007675845942326948,0.00914469842398505,0.01671263082214816,0.02234803284576635,0.014467597295485182,0.013888507335458784,0.01682421423644989,0.011586611878653749,0.0038128272177924134,0.01026649050430514,0.010308804074914035,0.004647428238659482,0.0068270322710513925,0.0011522911963227018,0.0013260305864889086,0.0019130410980328142,0.0023388595605488205,0.011189931014029701,0.010547366873128492,0.06229486581242911,0.07693535034332764,0.06662912690892,0.1120508289336141,0.07060689627883106,0.031853070103858204,0.03850634803300255,0.09720004651750855,0.15799389519544504,0.19448682278694487,0.2598988728899967,0.23258834264087036,0.19130284695319213,0.16914235714356443,0.23072424250689844,0.5428155505617545,0.4352967944769937,0.6759853635719898,0.9527935540942567,0.9832636328533739,0.5839534888990865,0.5970291896577703,0.5694455503294572,0.8775662342403765,0.7076011457080497,0.791225318527166,0.9147831175822959,0.8451909539706453,0.9054404147887217,0.7921047565524536,0.9331912780237921,0.6942541642483374,0.5615917942874246,0.6840332031398567,0.6761576975812096,0.8641089279608585,0.5116550405570438,0.5903732047183474,0.6796669848298532,0.30207742643480057,0.34185797239097404,0.41997849568799195,0.40728896745406246,0.27449264344912483,0.7336250952331854,0.5016280865947269,0.4966132159919748,0.7435260391295674,0.3403941959000243,0.3404190075357863,0.21403037209980494,0.0781846018571231,0.0640822818717037,0.10489307340150923,0.11294270305073378,0.04779012469816719,0.0759799887188968,0.031360217027310636,0.009553489440828298,0.001324110204845474,0.0013195370355333518,0.0007846726071591728,0.0013809470850846444,0.0012702737700507735,0.0012708138528288587,0.0007342229652931365,0.00042073060805477815,0.0012762422434982922,0.003972137761962655,0.001269093904257822,0.001069288388324642,0.004319699040433356,0.00478334754447989,0.0016441048903451882,0.0005916893594984063,0.0016795704207208297,0.002542224040705779,0.0019294605041818354,0.0007369237860635484,0.0001458484693354293,2.286143844349565e-05,2.7473691997995418e-05,7.131673678991206e-05,0.00017064084036469011,0.0003686623709458942,0.000661701978650235,0.002489620406245049,0.022917026068457993,0.018373348997174247,0.04357181168313945,0.05478329098817215,0.0582304261584673,0.0722205570752944,0.06413353737421817,0.062391017592915064,0.21422859727024465,0.21075522212535291,0.2922932663993871,0.196351285113434,0.13038845592905507,0.09054971054683941,0.05910210508508967,0.0168437967352619,0.005380115426016253,0.005082430010397286,0.003832466944771014,0.003262071325920657,0.0003166056728439989,0.0009532086909044141,0.0011228437621459346,0.0003918489611117297,0.001557819907167055,0.0031849117853042074,0.020138397499085185,0.025814504281660683,0.010561529546424777,0.014218588870696287,0.008512838930133326,0.0048513627853008084,0.004206955900469541,0.0014953315579505318,0.0007226616810461252,0.00025538276619913177,8.992387397902935e-05,0.00019227941741603946,0.0005271016971250299,0.00011056378507303442,0.00010730538633491755,0.00025312149000282047,6.051235224815903e-05,0.00027167314239539647,0.0006444234531776607,0.0007430526034905905,0.008148563151503268,0.008295582341729349,0.02408042831994017,0.04563515001805039,0.0457359612846474,0.18240686292566818
-6.100000000000014,0.8961352251441902,0.7854236508783389,0.8425998823764341,0.9826247235191479,0.9493679423876996,0.437992878278532,0.38140042268756125,0.5009398517001102,0.4303134301744639,0.7776515403739439,0.7776121215406436,0.8179860692064831,0.6412100472467802,0.4697447546490838,0.6185863405055042,0.2243508945037382,0.06356719320205757,0.015754514467631212,0.00941883205003197,0.006275386959347866,0.001894983430547924,0.0009500251264662874,3.2261545349145015e-05,9.311225945434959e-07,4.644844507745348e-09,6.833059225832805e-09,2.725460255227686e-10,4.58462649304656e-10,2.2157681309964e-12,8.591705450735215e-15,6.603610297139904e-17,2.3595017346515357e-19,4.9137055836312644e-24,1.5490261033715783e-29,3.0680495571089657e-38,9.331197232631031e-52,8.424740500424849e-74,3.787336400415222e-100,4.695831459100633e-137,0.0,2.8521802478950624e-121,6.231101587687842e-91,2.0335909867620602e-64,1.3635407884833996e-50,2.1510242874204323e-42,9.30406972623687e-35,1.1057334065103923e-28,2.9530817898732256e-25,2.1150743316470196e-23,8.37169723637239e-22,5.655750715027993e-19,1.381724865719014e-15,3.5389441369250774e-12,2.0906072110208723e-11,7.278498342627213e-10,5.625256639279843e-08,5.523167522781434e-07,3.2204833698074727e-05,0.00021171961730080379,0.0016929247772725872,0.004597948839654357,0.003779897638102096,0.004835848797010893,0.0038901890187031875,0.0011779892692428278,0.0007066600818237996,0.000433467434825737,0.002237200431623086,0.009133547026842442,0.008558622985945393,0.033144975681584664,0.03916061999272173,0.04475036332038508,0.13036940156633717,0.06907082643817176,0.2288207838460101,0.1914209561522502,0.4460650766546152,0.47632464865962587,0.5208270162558971,0.41617439407832085,0.5752780771668343,0.6623625973587527,0.5737292273824985,0.4923791935056695,0.6365543811535382,0.8041914814897134,0.8125256704534661,0.7821008712017115,0.6687803567733805,0.5746944946304626,0.8295087439102048,0.6158589206746162,0.29636643644142485,0.32403806384044676,0.6536180639229416,0.3695132413370519,0.2655142110152244,0.5386440783986285,0.3927749788228777,0.613402674206894,0.27633038188270326,0.2526400335766265,0.23353639730572734,0.16811564033228896,0.2670817564803891,0.4111505196115806,0.33386706324612275,0.4319175672098619,0.2718060441963814,0.36370543753262286,0.25950405422829464,0.10726631413601824,0.10199164828785666,0.07625443257630121,0.16600276620186588,0.11785849895170822,0.12878130363227983,0.17492600152519522,0.21425363461371577,0.34869437332457254,0.4763766679324955,0.41256301552139596,0.5517436734461191,0.5392159386023608,0.6066543121923035,0.4877678499917889,0.14939853723079852,0.14737470589618842,0.21646076485534113,0.15389957008794206,0.09601137983221888,0.148733365734184,0.15334770748950985,0.06229686574492161,0.26404093768262715,0.1073928651144669,0.0590253030474039,0.07147744081639272,0.026473578442588307,0.035662304651399905,0.010337007974275695,0.038435255752262275,0.039241306038008676,0.05011994784181953,0.0632711760872426,0.031056707935482066,0.03482982501718879,0.04199359109880593,0.024948184086944315,0.02034133356808134,0.030310770387007215,0.01808870323920645,0.01318594657246027,0.011009560485700063,0.002169228814000781,0.0016724047118188035,0.001961553035694925,0.0019109003096766013,0.010980140150485878,0.015132796873720397,0.06958304910601366,0.10653297716533346,0.1187482086890177,0.1952854145140383,0.12237764513493903,0.0645365257918266,0.07192867985858363,0.15129115302933815,0.17341651091302876,0.1930225881880702,0.23990157187564157,0.14783405915629133,0.12775582843871242,0.14366025027594242,0.17689617209728736,0.38661919710784415,0.2988637693345247,0.5101972946799554,0.9160892046659509,0.9740728995680573,0.5182494231979481,0.5864408876474596,0.4970090805612307,0.7789695041069864,0.7197632527399471,0.6933113148371992,0.8719505759900295,0.8289175532504615,0.8351498916620899,0.7215929764416614,0.9109180824337304,0.719131883536319,0.56205823866346,0.6210720002556256,0.5362668900980064,0.6935931785196312,0.48196343411665565,0.6319123353963483,0.8168212920664314,0.47021064403451024,0.5102385783008924,0.5677768836962792,0.5641464078534526,0.3714723143297138,0.7045605401289897,0.48342870281258,0.49637340652186684,0.7370104296972144,0.3751592047267938,0.4085704500774416,0.25461635589345116,0.08991583678162339,0.08022220458283762,0.12190309683125723,0.1354919920560156,0.0783931515774326,0.13256419326408603,0.06934880250171437,0.020828640425697213,0.0037901101072700277,0.003305377058659772,0.0021209490662025482,0.004004977328923569,0.0020040843291646787,0.0015710229914454221,0.0006913779848729735,0.00035135410849847974,0.0012202920768493767,0.0017613523367760121,0.0006783590031287983,0.0007463760405871815,0.003136349823238971,0.004053009583516682,0.0013437742624901373,0.00046916322502390894,0.0029140330486128164,0.003239994850168407,0.003997684933811695,0.0016363910448528001,0.0002840134383137923,7.99543551240059e-05,6.532280447531492e-05,0.00020198152366429734,0.00028768455691186837,0.0008160660471183814,0.0015738117114988425,0.004630786857607671,0.03409540125835899,0.029038905474235096,0.08759389466571055,0.10564837309136346,0.11149638909881102,0.11724671640598407,0.10898963200059386,0.09321893944391099,0.33546890019599795,0.299903848175237,0.2635058333325384,0.17759856746880687,0.12559436300265317,0.07482776066682202,0.04242198336890664,0.008230102155708486,0.003038230521015475,0.002174145279724573,0.002343494950162455,0.0013027795651568838,0.00012458313151944857,0.00027986139991148474,0.00022781835962998098,0.0001321512251606176,0.0005004448042529466,0.0013867342225521674,0.010200991058890652,0.0149931904125137,0.007127783897014168,0.014527109907286695,0.007727386517233313,0.004482943193309782,0.0022337732021308248,0.0006902734654588204,0.00025116650677841024,6.706462365619198e-05,2.8116761569692935e-05,8.102133655550082e-05,0.0002801108556188459,6.41043268371066e-05,6.453840669435212e-05,0.0002886563852995636,0.00010540780827743037,0.0005846070937142198,0.0012684484457341177,0.002008029580292254,0.011880524668209897,0.011009414722270721,0.04439389705725521,0.07315432058655101,0.07257274787545526,0.21839372391307624
-6.000000000000014,0.9836372640080795,0.9116891903269043,0.9158299836691615,0.979731262074949,0.9255416652428787,0.40086721172029965,0.34776097056820865,0.5130592210431767,0.502951132433463,0.8165421927107057,0.849893492298201,0.8821816439423887,0.8267217712101839,0.7007532404650899,0.8818042324437584,0.45739137280222675,0.14055001039247267,0.028890115893300823,0.018909812278010026,0.013368496351477967,0.004665886463845214,0.0020456002173848517,0.00011742924649552384,1.2031291217364976e-05,1.1719687608564729e-07,2.311371435648051e-07,1.3501071726941555e-08,4.649807653071869e-08,7.402373373452387e-10,1.191084237350864e-11,6.336002029791561e-14,6.623036009633896e-16,1.687225283627607e-18,7.277415505401227e-24,1.5256801718543154e-30,2.8570232855393173e-41,1.0884601331611738e-56,6.158699628809546e-72,2.35544304386323e-91,2.8521802478950624e-121,0.0,1.1392200534053789e-125,1.6207336491559355e-80,7.234528746632616e-61,2.3707814699489386e-47,3.6201890356926274e-38,1.8115290361924447e-30,1.905604959830154e-26,1.1444532080046236e-24,5.152870477038743e-23,5.594166757566783e-20,2.4900808145663676e-17,6.826749794121104e-14,1.447626299407423e-13,1.867619569506724e-11,2.6684240343875928e-09,7.865147966825707e-08,4.850904026227054e-06,3.0468664799311318e-05,0.00015020882244753958,0.0007449641395176928,0.0005334666174284499,0.0010102512073080455,0.0015778249103663297,0.0004959494141479123,0.0006176992113038679,0.00046763699154590404,0.001736756388664959,0.014532567219142225,0.010542429348681845,0.04205469136513963,0.04795256218414257,0.048946935575147905,0.14876522720443364,0.06505389469728703,0.2523735678789886,0.2149940538698988,0.4739041876781278,0.5188980070887668,0.5243861738975266,0.5315923505337058,0.6944535549548817,0.80738900039446,0.6593215112328379,0.5228383910716256,0.725029036163296,0.870283718213557,0.8041145120604823,0.7826144976479099,0.7741496669061522,0.7353326965987981,0.9008081749159849,0.7276313563793787,0.3637111752779054,0.3497917113103554,0.681938250633187,0.3138378093158613,0.2273694543336652,0.5238480518717185,0.47600015210995156,0.5403817485833206,0.24190266794805249,0.2252575607052815,0.18896103258537125,0.13783180930844185,0.19833091901786404,0.301981006978954,0.27611404243681853,0.352448437462161,0.1983076934476023,0.23854493136179417,0.17890808603065564,0.08600627656789873,0.07501637657633993,0.06380125540660969,0.10210720054867835,0.07504042898717513,0.07774507720187673,0.07131437637707255,0.1111214831946325,0.220974767520065,0.3240302125194534,0.32092815194889995,0.3979428917721169,0.3901146723555472,0.47532694510072565,0.3696883288005064,0.11432877578291539,0.08513332271371316,0.12971691427440737,0.07409521645029665,0.03393777953879198,0.07251718632393798,0.06379105670242262,0.022532773723381683,0.14152355072714634,0.06046966066079,0.04138876872213546,0.05663172814105599,0.030074149312332574,0.05234437994544298,0.01416172390719015,0.02943527983742582,0.02472033415694211,0.04076320328028914,0.10186665249776852,0.06731452761298033,0.05478569211725673,0.08310976304867594,0.04594654637518096,0.025233242510966387,0.04439470075560883,0.036851376437342175,0.029728786604372396,0.027092021204887008,0.0052375931677712175,0.004703987069550583,0.006504459173176332,0.005544174957125621,0.02473983663237958,0.04021170497497687,0.16452965462827965,0.2633126725909062,0.2572116884849587,0.3598695165386223,0.2937192523556667,0.1893397436172951,0.22564912082905975,0.4358829275385188,0.45743492691596643,0.510101264918067,0.5380404451092714,0.3352560453190278,0.24768797569511955,0.2646529789738596,0.3509137901942511,0.5279380959903296,0.3034790745361125,0.49379854131149287,0.8422808687414208,0.66386371034178,0.3107720508902706,0.3902858568163483,0.3914775775216554,0.6831652617011792,0.6478367572321502,0.6651728329213746,0.7924471032530671,0.706904760849923,0.6769244737222845,0.890881411854007,0.8880111134553696,0.5668179736086831,0.4074465410136434,0.40264724925865,0.30575283656684465,0.39908358033887076,0.26651961730406554,0.4445544721146937,0.7178494580266165,0.46496397692100255,0.42074247600168724,0.5109537896340393,0.35809316812711506,0.23953016561121845,0.3664949966298323,0.18114744193270238,0.1676600176148583,0.22899958457410627,0.08800478354025387,0.10875323594558173,0.0734171802336292,0.02218204426102059,0.017154434519618345,0.02912465198218407,0.046308498509630126,0.029305223694214583,0.06457531591914076,0.03949127052270414,0.01018124127586803,0.003615790066756088,0.004261754834782733,0.0021309500817007316,0.004725123811898374,0.0017648926117605846,0.0017946401992837981,0.00111616813229449,0.0007183562750352908,0.003379447337030392,0.0024333865253513107,0.0008482063315164645,0.0012562975184265289,0.0035292065085533912,0.004343052549071861,0.0014770563393763756,0.0006220085934819478,0.004693347238322866,0.004513606514809667,0.006623895801826712,0.0013155485568047067,0.00032283274731228595,8.839417365377564e-05,4.0173605121608356e-05,0.00019756778283382264,0.00017192269363854599,0.0004908871720702188,0.000747904029558597,0.0016231852818321033,0.01185570920403491,0.010771992872661723,0.025626505485625554,0.04028535450217332,0.049241364638942735,0.04576856353792423,0.05185358607596669,0.050197059967696814,0.24371382066913297,0.22463698994566267,0.20724698841754108,0.16175992629510388,0.22210086226296152,0.1308610290904576,0.09029710046486342,0.02017321304944717,0.00813431610359884,0.007549734323219164,0.00684056583222718,0.004801840327524196,0.000552160480365268,0.0018697226699364547,0.0015724210755062784,0.0013890647810678315,0.0035225424647426402,0.005805268647515575,0.038256992503888226,0.059090415566034525,0.043364274091250196,0.06759198056746805,0.043588261525445544,0.03100689756593056,0.01183429534988714,0.01017066268182597,0.0030004776721772298,0.0007662720555323665,0.0003311308376407998,0.0007236084513130253,0.0014686212113886122,0.0003388736009527202,0.0002746473282627227,0.0011411052091468434,0.0005838989330453015,0.0016136896859781527,0.0046552100159610865,0.014230882236305666,0.06021327376773613,0.06167800825651252,0.17234919212863742,0.16277611501130107,0.12985120964155236,0.2861423050970674
-5.900000000000015,0.8137221583279477,0.8797149794480138,0.8298783850150844,0.8130270250616161,0.7717996197283874,0.3474300910743935,0.4348056406436185,0.5767103183648776,0.5129082110652555,0.8372502885425114,0.7974837099945691,0.8513280388105902,0.7431748335582966,0.5736914148473412,0.6681411802305401,0.3270141346464776,0.11919074300385606,0.03418397700165506,0.02312408975641839,0.01662122710726813,0.005693597755239013,0.0024204834815972852,0.0002858767288292208,1.4489602293367447e-05,1.1324528064181778e-07,1.6383039166096945e-07,9.624146767061752e-09,1.50827260187002e-08,5.599564817190765e-10,2.207690893658608e-11,6.934497457629959e-13,3.6891356497949586e-14,1.4752916454092294e-16,8.224139464840015e-21,4.0432274476747785e-27,1.6551330693285875e-34,6.541934261141376e-49,2.91315177081905e-60,4.010981190696358e-73,6.231101587687842e-91,1.1392200534053789e-125,0.0,1.161619208768733e-121,7.20645510574107e-86,1.1636269609592808e-65,2.541651168957752e-51,5.97839980771966e-40,2.030980735814656e-34,1.2553930045190645e-30,1.3884579881913058e-27,6.903522060516313e-24,2.772337665234574e-21,3.605431479633398e-17,9.484455239136907e-17,2.5635083484426292e-14,1.9090353616372792e-11,1.1626842260525301e-09,1.9835874633264865e-07,1.588418506847569e-06,8.846679031883528e-06,8.766885629309214e-05,5.8830296031570585e-05,0.0001979495544748322,0.00025303889538858974,0.0001447439845728987,0.00018089237063250395,0.00012860148110112728,0.0003787832337862833,0.003860447359991517,0.003836775900686173,0.01904348881872125,0.02630605330833601,0.030127936424927275,0.09413954528985294,0.06408087826763656,0.26113292129072757,0.24702216690331816,0.5428388157532935,0.6570216734428564,0.6944545837580987,0.7077668090515907,0.8324310473643178,0.962572653853659,0.8588656316848828,0.7113422557949812,0.9488469074909027,0.8218226098574837,0.4318805492868092,0.3918153211443568,0.38036898610420866,0.3822524759909738,0.5360311362440932,0.326215521043273,0.14832474665852197,0.14643448391590527,0.3630542558351245,0.17852804135428516,0.13041096910315889,0.4395505469020461,0.4047088963598878,0.5088812866316008,0.24155782861364536,0.23310182810654187,0.19839589770177876,0.1191722749758097,0.16639388387127063,0.20166359079198376,0.1901518837768842,0.22279197472341827,0.09931297783758736,0.12048096366405603,0.07833386506549778,0.03565993395399697,0.031186273828731337,0.023924977705674935,0.037437840689768784,0.025885932636333087,0.02292559883886746,0.02404262237630422,0.042633995006765055,0.10221219749040596,0.1868379060124661,0.1706125231117881,0.2109005626309692,0.2527605549652861,0.32153290283470165,0.27071571185178234,0.08682876423060323,0.07068151075528666,0.12121526097107849,0.06574114383030658,0.028206809450557965,0.05722198619770192,0.08880575176941982,0.05176257897785751,0.21950638510667525,0.10432430427038511,0.09945620373476236,0.17158823667931306,0.07981384704563867,0.128585431999355,0.03352917627829491,0.04743433399695111,0.04207879397498234,0.061231116937831315,0.09527381863093017,0.05547999852959585,0.03928388439695701,0.05394549331317381,0.04032695112499128,0.03391595399935069,0.04471139111569209,0.054980972215407466,0.031378456034879015,0.023067018167571052,0.005037566349653621,0.0036744254145456554,0.00464826750201726,0.0035584104858483756,0.014723017703490146,0.028055267273806226,0.11716102809777189,0.14435295308171336,0.10956724208300117,0.19539410724562617,0.13991280145073232,0.10345375456853395,0.14413537448311362,0.24174560270207007,0.22926661459008102,0.24086138437517127,0.3475487673585098,0.20027144379093928,0.13317624256487595,0.13017451191286106,0.16050552195916293,0.32624439343610534,0.22105198490312153,0.39794444447881216,0.6565308991742109,0.3854057326047219,0.21509264744512305,0.24136020067525607,0.22175460436978983,0.4374701093838827,0.3660141961139959,0.46423785301031545,0.4856340936116665,0.48508026662918874,0.43168309329752036,0.8842997136244377,0.6977045146936804,0.4216003760666596,0.29518713804716734,0.29050125867258225,0.2077375729563808,0.32289219351443427,0.19535184977587702,0.36618825165410696,0.5566242482668652,0.3944279944680686,0.2871793465404855,0.35588896070781867,0.22377410423443947,0.1639595906141333,0.22216018135856533,0.11971398138943466,0.10317445414511024,0.1828399275882026,0.0780132343359004,0.0973807622218549,0.06833168169089077,0.01821772118567676,0.014924712835675195,0.018721083850768937,0.03939599394610455,0.027063816621179956,0.03914601726462065,0.02346640568573987,0.005510341852246902,0.0026853628346164187,0.004340041209392789,0.003821650884342858,0.005584843959728652,0.0020402040747954124,0.0030737697724239864,0.0014722529195426786,0.0011871496504600467,0.007682112999410331,0.005933670554171222,0.00509893065255931,0.007994963742724352,0.03326376593442319,0.02727640792452751,0.018539922603963095,0.01173292102090126,0.03518468224305394,0.040711507204447564,0.048046354328191355,0.011285897062499451,0.003068204836130747,0.0011668293457763551,0.000710307648184615,0.0014332354523248583,0.0013005164457850946,0.0024161630401112267,0.002242016167970346,0.003842751618790526,0.0213575796309954,0.018388156217981223,0.050743394818697704,0.06989297691490472,0.06792842331145636,0.07299529906128403,0.11561002299677693,0.0947369591333337,0.30918030348907993,0.22382245254653232,0.1703355280536365,0.11810673341390288,0.1289181474082351,0.07243192917108322,0.030476909739886933,0.003369465607049478,0.0024035253145139887,0.00288410329931876,0.0032800961043634707,0.002150232583817963,0.00023993349869274672,0.0006599425657694424,0.000829316514711366,0.0005776950495110906,0.0018150887102016283,0.0040258498154403565,0.041548071854778434,0.06395830084605626,0.049602427846369715,0.08521424849263844,0.04009970953167543,0.03085779316378556,0.010693245336739456,0.008687638918689507,0.005484980677327811,0.001192145525210965,0.0005755847123150882,0.0008764667363978217,0.0021999890413706125,0.000815954842531338,0.00040607593119599314,0.0011612111809260483,0.0005539773080671286,0.001968162122982168,0.005057954811842288,0.0102499466711378,0.05356780098361827,0.07239165933780864,0.19542631448333295,0.1691063241235191,0.17262731507781712,0.41432431460285024
-5.800000000000015,0.9149883874957855,0.9487615349259741,0.9851125547564579,0.9848771206256708,0.9441098319091189,0.46430842259685573,0.5415973207185999,0.7026000746894374,0.6317077879572411,0.8868792597512093,0.9386797687516278,0.9743275608530211,0.9133684379935457,0.7135482976115579,0.7699248475627605,0.34574389546349965,0.14640334537747737,0.04763765615601494,0.027864986278002612,0.020738569804678673,0.0067394708912376965,0.004024107529562405,0.0010226108839217287,0.00017820319342994813,2.4264672915534022e-06,6.989385406190954e-06,7.26381474928275e-07,3.375637527823365e-07,1.6994425253352802e-08,8.189592273290742e-10,4.194911406352768e-11,5.693286462777797e-12,1.7057163794462522e-13,5.0193553996020716e-17,2.3238943215544926e-21,2.9140758314720703e-27,2.770756811361472e-37,8.066347621627048e-45,1.553556540480665e-53,2.0335909867620602e-64,1.6207336491559355e-80,1.161619208768733e-121,0.0,1.3633219474269823e-137,1.2301698820871348e-99,4.730752031238042e-74,4.812506615060886e-56,1.614270279809153e-46,9.447196021742772e-41,2.123042248854172e-34,1.1559518113035207e-30,6.398388523457549e-27,1.793455031657965e-21,1.8983549142158784e-21,5.574120379365242e-18,3.82947270680972e-14,1.0543362681682469e-11,4.511863811386437e-09,6.746134758775202e-08,3.1590058156019864e-07,3.821031753129887e-06,2.833663026254339e-06,1.1388511755196406e-05,1.9796721952179745e-05,1.99938242136679e-05,2.6880644110735733e-05,3.372176752165758e-05,0.00016255865598863726,0.0020010088063583246,0.0035295233988539678,0.018476630927018553,0.03516491115841851,0.02936627372774319,0.07124622844668603,0.07057725862736872,0.26381697908293467,0.2297783106808625,0.4212710158937889,0.5364971290473476,0.5279626242586618,0.5521533164055591,0.6070632188891519,0.6524598485339864,0.5778041113682575,0.5069536983639721,0.7759438051988616,0.9730228638578133,0.5692187046152454,0.5454363136191215,0.470316133946858,0.4723238727273281,0.5224693893812697,0.292659701329795,0.1395118892207588,0.16315513550350255,0.38729029765843614,0.20457820131565094,0.13954496808997977,0.5675512310601486,0.5990910283088167,0.6639035912193246,0.3500958998976024,0.3313471097677666,0.31044588940589274,0.209244491069079,0.22463224027521494,0.2507501547765918,0.19155041196740988,0.18275007799216392,0.07212992539646063,0.08833975094052939,0.044260867981644005,0.022268485540416612,0.024658485731484582,0.01796049404071261,0.03151850095211547,0.022193760070730695,0.01542761223227816,0.013725025127792353,0.020346086524628753,0.06725749595159539,0.12804946816589138,0.10807585863997352,0.14738539270996812,0.16838121699197667,0.24480210487751244,0.20115570889433484,0.08006871391335453,0.06416757455904429,0.10941710756057255,0.060422827403064774,0.037946302306912594,0.07929482008069079,0.1305575934088178,0.08392841991998058,0.2992502785989451,0.13624057247888,0.15897880365004635,0.3076043744864721,0.15117953905873516,0.2210233792927685,0.048010163483247555,0.05962543745152758,0.04977756949441421,0.07250530945155055,0.10357482466350659,0.07051125115859684,0.04200631089585331,0.054724922448398626,0.04781980724245333,0.06153560872903902,0.07376168654311031,0.08861129243134837,0.04552542686125639,0.03991478145934197,0.015355065353133234,0.009945905575316123,0.010788857156878696,0.007040105002874566,0.01959292250721345,0.046969961270456245,0.1176981444939389,0.1282365243343089,0.10832450885457025,0.2430421115707648,0.17385526945154017,0.12673840134135472,0.13467029776236156,0.19097651999825427,0.1622235852825652,0.16552406177087012,0.27641813540512716,0.16969252524191664,0.1088774299486596,0.10778318231544386,0.15536788048830039,0.26835811046372154,0.2732822873668338,0.348039774465086,0.5899381895374388,0.31382142027322946,0.19539755415734258,0.22965415406053136,0.23664976547700686,0.486633331920467,0.38942184409743874,0.4600144215081469,0.41321847365466563,0.41576747329672537,0.3626047236629466,0.9169165231917875,0.5756499024015571,0.3861976943273019,0.27993648837514945,0.3028307283160093,0.25696272959678224,0.28620392685985924,0.19687267523900961,0.29445597913486776,0.4047728678609801,0.32867171042246107,0.16563701956429497,0.20244759398090315,0.10116859784392929,0.09759442459389266,0.11067172475468387,0.041618237704243694,0.026108290185870443,0.05064102164202928,0.02037489213498799,0.032643479665718164,0.02154204058032042,0.00487463575597911,0.0035527530403239673,0.005995770580322852,0.01839725032656302,0.02377035251696316,0.027500002266819867,0.013632844118307156,0.0031854846175770036,0.0023584290710352107,0.005426107041560605,0.0048326867339875375,0.0073702872031699545,0.0014705531752482901,0.0022250160097809415,0.002031595522543797,0.0011184767363642135,0.008120797633315262,0.006781530259768991,0.008514346249593902,0.019008578646462528,0.05888742366667275,0.03451326472647602,0.024739058020699752,0.02659004935673264,0.08209729431421436,0.11902141751430821,0.10987638062280199,0.03061274044513795,0.006437451935957672,0.002707047824316302,0.0016787516643720693,0.0024455774014544717,0.0016535560561941492,0.0022242392086141392,0.0023781010907775258,0.0028991724883965933,0.018767171743085218,0.012202214149694747,0.033965713278294785,0.05484299172365505,0.0805387520991375,0.07932048571721063,0.1008885351289153,0.06945318755907944,0.2444456000772783,0.17277300198986573,0.13596451491569306,0.09901882249629529,0.08620177866385634,0.044107832923079175,0.014869175002179035,0.0014898558816079956,0.0023299205079689135,0.0015187726212040897,0.00234746931763672,0.0017862273966971235,0.00018835924008670622,0.0005175038710143482,0.00043738905529023766,0.0002742639721342202,0.0009944870833646945,0.0009491673928865194,0.01784229486801123,0.03273647438378212,0.034346884166362855,0.06962448523489104,0.03328378958768007,0.0304300846171134,0.006628130944142493,0.00863464028718949,0.005423179170048421,0.001017261992086726,0.0005450275207995346,0.0009631755233322001,0.002584296995523525,0.00142751309266304,0.00033437428112885855,0.0016388356051154635,0.0014003044331573125,0.004551175880045447,0.010759281953910132,0.016514792499024936,0.06524537819586743,0.10774741330342895,0.20825089632305155,0.15180578888526972,0.13673911773094716,0.3444172329886028
-5.700000000000015,0.671503366207057,0.6961302164332213,0.7301054258246088,0.7689806960876898,0.8140197035117736,0.6500897924562751,0.7121370498662297,0.845033749028174,0.7515574126631037,0.9500639428265597,0.9485556143763616,0.8745005434788663,0.9117273087799664,0.6990951648316404,0.7346258776348437,0.3237475234438804,0.17511389753054643,0.058394716116321264,0.028533270171833124,0.029696346515099024,0.01414959457701068,0.007160389926005961,0.0026674987092716465,0.0004480982692300792,7.596942214424028e-06,1.3164780254407325e-05,2.552782311467506e-06,1.0661689871358653e-06,1.7513727772991914e-07,1.5166315798493793e-08,5.289135622191423e-10,1.506873861274934e-10,9.662051113464543e-12,2.2735785990208896e-14,4.350509823041974e-18,9.999508081854243e-24,1.0296469794914412e-31,1.616156980577158e-36,2.8841792167267895e-42,1.3635407884833996e-50,7.234528746632616e-61,7.20645510574107e-86,1.3633219474269823e-137,0.0,3.04527328355095e-141,7.747824866605847e-102,4.7120427792197025e-74,1.3715707268845553e-60,1.0600633351134663e-51,1.6758790324220313e-42,1.6121167874272567e-37,1.8091458345451835e-32,2.4680594739699598e-26,5.330278792937283e-26,1.3723285026704088e-21,8.261115545166761e-17,5.231056883749654e-14,9.669944147504775e-11,2.7421111035955346e-09,1.2228741368664635e-08,4.793409996729828e-07,2.7405477188325884e-07,1.031518250527675e-06,3.0362883104486947e-06,2.9771855861573034e-06,6.862326891684685e-06,1.0471819534783432e-05,7.58683974478899e-05,0.001459741340331641,0.002076738126166633,0.013002174633724958,0.03879282423295433,0.03478035205681372,0.13275029090064272,0.11473039344599935,0.3347667387489308,0.26714593365039224,0.41396513078533365,0.48928722074761727,0.38025191735543423,0.3881865065346049,0.43785585607520033,0.4411782101077175,0.3738933318129324,0.3920019460307527,0.576660018285105,0.8186116005976416,0.8093823512470747,0.84815777831911,0.7323570982214651,0.7740065939060891,0.7599675191652259,0.49565941588266255,0.28822949383608115,0.2636691569805158,0.5463456730438773,0.27528395226494096,0.16012360803683212,0.6361810584289089,0.630329594882182,0.7381851843760625,0.4845960420903997,0.43180689785321513,0.42109041843340467,0.25180095713977746,0.2693467012797662,0.31051684260444734,0.2210445129092607,0.19424571479366304,0.07351804175603435,0.09834127742050373,0.047838706101906436,0.031374935195487105,0.05318072757012734,0.036334646222980944,0.07616533665704417,0.04706625930246416,0.023708848540624,0.0194350603455332,0.021900864390675265,0.05454725869005121,0.1057719985049251,0.09200102150301698,0.17113347317159777,0.15789150495972262,0.2143416261809312,0.17528188423669458,0.086364433273911,0.0645482518399049,0.08956613355063181,0.050631604467247335,0.03068478138618421,0.06623674999214156,0.106327318764445,0.0535026048315515,0.22933757447103978,0.10951213278872787,0.15652009704987743,0.3628146740701341,0.23264396686361413,0.31780311193540167,0.08171745531147362,0.08150839162891999,0.09981297183125096,0.12204372541205626,0.1643955820114902,0.1189305120758271,0.057479199872721404,0.11366307312197933,0.09547388644436072,0.11705524457175011,0.1393619851949687,0.15266295021635407,0.13875220003296268,0.07437856375722575,0.03306927620795722,0.018832452023591437,0.020515463908432084,0.022790238248529892,0.04937445868302643,0.0938361223548182,0.21636201105884043,0.17547734230302836,0.17135473441919072,0.2792107177395036,0.2101770739232793,0.12906885248674507,0.134646322054792,0.21560937506076616,0.10085827388020051,0.09252857044478185,0.17352160027978009,0.10274198237524533,0.06389915537746525,0.06929694390270925,0.11041337185311514,0.23358995603047797,0.2424999928979281,0.22022767748337857,0.6291676430779016,0.3566863754494907,0.20080517875383314,0.24013902439826063,0.2284847855572414,0.4500634611562939,0.4275866462200121,0.4494907864987064,0.39549245412004014,0.38011972960537455,0.346960934921266,0.9374486620236108,0.5521016944621474,0.42157800878501467,0.3220465035401146,0.3844158824871654,0.3038631691023337,0.29563525231367377,0.22210144338358329,0.3585899149077502,0.43953954070367074,0.291742836551126,0.1589601627331984,0.17576295706682304,0.07102436791352053,0.058888354266642635,0.044929397186274936,0.0214770128992416,0.012771153598531435,0.02739959522664813,0.011171804123995321,0.01704127067396534,0.007726223645179614,0.001157168273475695,0.0009021591754647712,0.0016200636625991712,0.005839809687818236,0.007493768270031032,0.008240794259609446,0.004013060573976973,0.001098922670161418,0.0010587905571294472,0.0018419416269061433,0.0011324857625783266,0.0017722983356658402,0.0002561194094234917,0.00055875904665613,0.0005720041990143813,0.00028457529399909034,0.0023910645963478396,0.002398542827281231,0.0039487010467723705,0.006268479781308655,0.027021964939036434,0.016290085810463005,0.018992055934642062,0.02221308275099406,0.07687473339267709,0.1287656992441174,0.1045940263643582,0.029637831703823822,0.006549077397713356,0.0017665983325309727,0.0012463724318715543,0.002737251892380986,0.0017183007743074403,0.0028446914944223107,0.004201650992117376,0.004098982169532172,0.026826368359245012,0.018798584487015383,0.0576228780160978,0.06157130647179498,0.10097209494939358,0.11425901085898996,0.12076036521044146,0.09843747317714331,0.2600923471302381,0.18905867455914577,0.18353099132293704,0.1305439541015758,0.1002981616841221,0.06652168324228494,0.02823411908347826,0.0034001995185608583,0.005810757824464381,0.003378628975334113,0.004220062997204386,0.0030817802339001142,0.00034343711679304446,0.0011317450850326187,0.0009055680602061335,0.0007265287174406656,0.0026314503689533917,0.002206358786579101,0.026888996670909035,0.04046174813483597,0.03486660185707737,0.06590436347302145,0.031674699449068026,0.023247827231812335,0.004066788431128312,0.0047554640006699945,0.003086064896077074,0.0003907186704112493,0.0002474506448653819,0.00031510979089689663,0.0006033438087560328,0.0003006074114688401,7.484315634651119e-05,0.0003677482006725053,0.00041000035148320077,0.0016060419808104174,0.0036528254269645325,0.004640734582457295,0.024967465934253516,0.05223953082658988,0.11996416739817758,0.07359662502796314,0.049539313536837964,0.13573674388181034
-5.600000000000016,0.4364849730718653,0.4566541419345415,0.4957807612281989,0.47771882322504583,0.6297918993528592,0.8906086761519334,0.9037793786034152,0.9885948540979455,0.9389429794459132,0.8466201946284014,0.7748796662848013,0.7666012629378763,0.6866992396304139,0.9720642295397224,0.9779895861526117,0.4393855325217546,0.23058265017868307,0.08670187235342179,0.04878465782581609,0.04439155298752583,0.03270571677369508,0.018116317971899297,0.005396403263062264,0.0016837914293213593,2.9114049407355454e-05,5.082589832045714e-05,4.729928449371513e-06,8.139385222316586e-07,4.2801133192806207e-07,6.411172437993361e-08,1.5361686762391801e-09,4.4600002039847554e-10,3.204930283998558e-11,7.254591231830163e-14,2.4004393502868006e-16,1.9206521152140067e-21,8.325015279257113e-27,6.42574208590552e-31,5.455530967881386e-35,2.1510242874204323e-42,2.3707814699489386e-47,1.1636269609592808e-65,1.2301698820871348e-99,3.04527328355095e-141,0.0,7.011052817339112e-132,1.9622712988926308e-91,2.7816085677264278e-73,1.223152510649603e-58,6.843522431941044e-50,3.026823621800553e-43,2.282982233947598e-37,5.4044839047577365e-30,4.609019820514291e-29,2.2347437443343146e-24,1.424535044155249e-19,4.1477030306733686e-16,3.1454113796736545e-12,7.187936936246587e-11,8.984964509047003e-10,1.430008654995826e-08,7.33028966907597e-09,4.1629538595134184e-08,6.795077906587135e-08,4.296968715700849e-07,1.121916402692229e-06,1.9574004089744605e-06,2.7696473633254006e-05,0.0002622236656571816,0.0010860433208048563,0.005918859224231246,0.022338813320460664,0.03030123018441492,0.10939091839540593,0.11290677515189733,0.32046780545834547,0.2672998128112467,0.39383504553537046,0.42831210265859593,0.3734861794661464,0.36902205214676215,0.45290322370562935,0.508286021299955,0.4631359196329088,0.4305260087801689,0.6478709232241896,0.8669743016569446,0.7701403029245582,0.8198586630481631,0.7966423772325114,0.8769471274720202,0.8459427051111267,0.5872963709269775,0.3015338077036074,0.34181295685581586,0.6751263729699899,0.32663246320727324,0.17201425688559485,0.7298300511940983,0.6901475718461824,0.8333562125502895,0.6402017485042633,0.5279831671202229,0.5829644073144117,0.35465831623493954,0.44765390682014206,0.4662963572674851,0.2453937599446725,0.19493966514493258,0.08256958313558421,0.1350741770459523,0.05785575516922546,0.041231727206221466,0.05548869278173164,0.038781353374231914,0.0897736026137744,0.06097208185973244,0.02190800448082914,0.01291404617688866,0.011201779444374395,0.036718402681413805,0.0721995888271759,0.07680425646958759,0.14949462630964427,0.1158482845161056,0.16886531004080832,0.14413419692715956,0.0781116470961017,0.047731083051184724,0.06080617322858515,0.039992802440360124,0.024821354754570733,0.040143274172552965,0.06766411143182678,0.0307709176204596,0.13247580861865194,0.05403237081755381,0.08462468625335123,0.22469934838413003,0.20871369131015932,0.2805830338612549,0.062467312229353276,0.08346446533863465,0.07243719280498358,0.12105657814437625,0.157838290055875,0.15462341721293948,0.0832463303944783,0.09696692821276852,0.09528835696781704,0.16085939502841407,0.125735200274279,0.0928909311456593,0.0550989391151812,0.025750025764252928,0.009589821892144967,0.003390082117171736,0.0023756279280683166,0.002028628994415073,0.006194558595987616,0.020452887851021336,0.07329042174014105,0.05711933502161399,0.07640210760628971,0.18513981080060662,0.09647548906862746,0.06707223172949724,0.07019075268105748,0.11744165133066607,0.06214748797267866,0.05291153400612298,0.14105200015345024,0.08952828175751917,0.05649813033773409,0.052400017053682885,0.08679512084258785,0.21684263905704712,0.21884805780872893,0.2288712610141217,0.5438591224776168,0.3307764588506281,0.31825235222290954,0.3877701761844947,0.3566434569963105,0.5778855644092903,0.46322874624153093,0.5318214667405619,0.5098085727308611,0.42601546503308363,0.3875536653087997,0.9883504817070484,0.5781762063326122,0.43546472427045163,0.30597000928344786,0.34219929025644186,0.23724338243549084,0.18340296439815545,0.14551016365046415,0.26219303736218913,0.3142912064024501,0.2368686479976224,0.09854266229569335,0.10628306325909626,0.03572810657708409,0.039642799891747,0.03507776066318607,0.008821336864250611,0.004709776827875163,0.011195776519354137,0.0043309443861938145,0.008863974366618716,0.0036928326117717193,0.00040727508321890986,0.00023689340283200607,0.0003752820706301302,0.0013782060995699281,0.0035094205887648494,0.0028801110655567825,0.0015484037174749246,0.0005788753740106414,0.0008647358839063003,0.002384068330681981,0.0012784652082251855,0.003525708867120857,0.0009255845353610343,0.0019813000248350403,0.0035771089740129717,0.0019934515948589796,0.007399945120786869,0.010530686807122153,0.015318223080209404,0.028395607001277134,0.06760384473903598,0.059834754537920753,0.05393458297163015,0.06184513717771685,0.16294900843696278,0.2616049487853234,0.2517737409528598,0.12687966665471836,0.04048107540511569,0.016540751185947104,0.009753420679339537,0.018952664756898167,0.010257287983461585,0.011265403525980626,0.021151641613877368,0.02267615077788728,0.1042219617154391,0.06829359573598137,0.16740240491352684,0.18801347977762742,0.25396541877640894,0.2646077675331569,0.2560298044710262,0.16091000158118826,0.3574435638001687,0.23399824362438157,0.23041652176234353,0.13342537222334214,0.07830457160892068,0.03825948102248271,0.013596954148290657,0.002118472292765789,0.0025751460023363073,0.0011639779531749596,0.0014955078991310228,0.0013605562091681478,0.00013065925597768532,0.0006299593536226473,0.00047406883370589297,0.00046670813183135977,0.002234110303912429,0.0012081487574483066,0.020138902562238888,0.048331911174995065,0.050173896447483046,0.08381083971541238,0.060579709568807434,0.04786823698004213,0.006636549656977425,0.014454159497428464,0.009751899203374595,0.001321995798405986,0.0011344496331444482,0.000812684911824323,0.0011570683128095194,0.000367169617250304,6.202081286987519e-05,0.00026260565908452216,0.00039284301906226666,0.002062994381976335,0.005230004902749731,0.005126400844921405,0.02414223524060287,0.04019550190475037,0.09106373134381407,0.07697819658001684,0.041535715574030616,0.14453965704849944
-5.500000000000016,0.1752000350204486,0.17889906769621208,0.22051117698038794,0.2588511782397547,0.4135320191772539,0.9938870952545638,0.9858823882368201,0.9988635837797432,0.929663835174387,0.71532787405936,0.6495997424040916,0.5587295816554679,0.5346231276357165,0.8099920857541191,0.994096676939329,0.49840219969268523,0.3044846629873327,0.1504815291903431,0.07591102358788963,0.05276312937038554,0.03233619422529702,0.01986868134393614,0.013403431153333594,0.004838423756021022,0.00016299542313760065,0.00016514643984656555,2.2271368491156697e-05,1.422127911987979e-05,5.261049385953366e-06,1.3741161947351867e-06,9.786088201677591e-08,3.569076925671643e-08,2.387788722020413e-09,3.548852995734379e-12,1.9918437233445985e-14,3.548459912741785e-19,1.0793107254828606e-23,4.429481406127394e-27,1.801318379134911e-30,9.30406972623687e-35,3.6201890356926274e-38,2.541651168957752e-51,4.730752031238042e-74,7.747824866605847e-102,7.011052817339112e-132,0.0,1.8538476290542594e-130,3.74766248759721e-100,2.70137359810489e-78,1.6666423765529466e-66,1.9553515917783988e-55,4.500434643982992e-46,3.964285098687347e-36,1.0262235406743199e-33,2.2496662042858758e-27,4.52965475044053e-22,1.390975550413337e-17,2.0976926918352772e-13,1.1453153625333348e-11,5.419159914089571e-11,4.00363113862627e-09,1.7206620686633558e-09,7.833994869615214e-09,2.678348883591817e-08,9.096572351403555e-08,2.5800828772599014e-07,4.557937519631666e-07,2.8316356626833516e-06,3.4544507836066486e-05,8.478542709585343e-05,0.0011007560837029589,0.004889231800943986,0.003582275541556274,0.018795330634776636,0.029905706462302492,0.1148597176976569,0.10294962666481018,0.1648281074779414,0.2100431634594884,0.17066633301244055,0.16541643267190914,0.23005282403384383,0.23718153758577992,0.27782982430755243,0.31595596638378226,0.4102039216946371,0.6366833755070268,0.9943985312087523,0.9365230990754458,0.9893949000168588,0.9326737731568513,0.8618992763577275,0.8469366499712236,0.5350641232892791,0.5195424410258563,0.9127179290878036,0.4515825464524746,0.34956257723883616,0.7909169498888141,0.8738506620871767,0.8088075481622984,0.8870199783267997,0.9650435820735289,0.9980098413688556,0.7956162710973359,0.8337652154689964,0.8694648644066076,0.65787498562202,0.45402462964110446,0.24271054537896689,0.35254969260906466,0.18418399883662667,0.20174343679986448,0.23376010746208503,0.18207150860055843,0.33586663577710835,0.22225838737659526,0.10850514791661202,0.06158491085082811,0.05000825790439899,0.08509987648531281,0.14476549983333623,0.12143873264616202,0.25520332636687953,0.13232444220538087,0.17532558774366927,0.20466311313672095,0.11956057519057049,0.06891701793758391,0.08646255015017165,0.04883331913692916,0.029418449395695385,0.04065474317261749,0.06290564451901028,0.02615773712928916,0.10950084641499891,0.07265393423351485,0.1081930266037389,0.24290437391588474,0.2509467781085557,0.33430474382366104,0.07790642690327507,0.07930376232213256,0.08729752177849615,0.12600931954807532,0.18795804629508678,0.14830863591783883,0.06665224711419697,0.08113729583672749,0.1152289566934962,0.14814777786745642,0.10402760270258739,0.07075758504069965,0.0361160158839316,0.011650526943267207,0.005561233626881479,0.0017786549453460386,0.0016942276023524296,0.0021126536909784593,0.007320010913508307,0.029673947877466092,0.10932651402980711,0.0828970554361351,0.11767212270859236,0.20211501969753723,0.14085945185730134,0.07467951813425094,0.08080856205625021,0.1280381778970885,0.064220320040788,0.05045779464992394,0.13883695771537038,0.09824713372115829,0.04901310751437717,0.03104606274476729,0.03565328612809806,0.0975266118247837,0.09609665735245994,0.07374864506662464,0.25264026711047405,0.1590818896882377,0.15803775863028657,0.2030608765773895,0.15140668906722787,0.2545533986333371,0.21646976025400083,0.31249841940498285,0.34945775560057496,0.24202796101774754,0.2302647351528233,0.6709370346309755,0.43301953622498685,0.2777929045503973,0.18129481906696987,0.25351452865733276,0.2119543319868697,0.13903573783747752,0.09489107908369313,0.1462222370461059,0.14588500434362225,0.10113150573055288,0.0349139336941581,0.03322467652186369,0.009677601912761014,0.008369424389991276,0.007422499315289341,0.0014072049107720908,0.000799548106938855,0.00201796668575782,0.0010387072707873448,0.0019115238471575427,0.0009455495642196241,8.395451627574034e-05,3.7216334106948255e-05,5.654580743905243e-05,0.00042522299076247955,0.0007824113427200996,0.0005661191277727553,0.00040460974382147685,0.0001281152665864887,0.0003097318461497304,0.0010084104198842894,0.0004016895754950957,0.0012360165071799779,0.0002919399258030348,0.0006205105703963946,0.001512984988956689,0.0008749739617957495,0.003420059157351047,0.004946558407047512,0.007342321175153992,0.014133249704322915,0.03733227165166886,0.023300500128914513,0.02365749680518111,0.02658956859949136,0.08055696213550877,0.13399484336735046,0.11276046736967507,0.053395467207140515,0.014585511274308046,0.004870490248545243,0.0020095272723938923,0.004953284461914436,0.004236413605305753,0.0048828279090361495,0.011478592185638672,0.01210688940539252,0.06882192913877987,0.04543775776796474,0.12727988304857038,0.15720616235120757,0.21638041103511407,0.26001814515883176,0.2581806385650063,0.20577690613998556,0.4231060945427708,0.2977386728771898,0.4025220256363091,0.22181227830690967,0.11969942985571776,0.10256753361090457,0.05379755956906321,0.010377588360724154,0.010160348059401749,0.005393788329664463,0.0044395019817851135,0.0038390836264158026,0.00045463493122607416,0.0023146727906346266,0.001511938580230388,0.0011556664896584259,0.005223183483313046,0.002228655673658744,0.032607952844679954,0.06080721777054767,0.059458393962902145,0.08011075122891816,0.050671098402801,0.026678288291339492,0.00326228482895872,0.005022153480640984,0.0038070643604981706,0.0005332564010907078,0.0006642109371952704,0.0004341037766356732,0.0007082130170434163,0.0002521578300053196,5.735394060459171e-05,0.0002490575274992978,0.0003417086067694509,0.002300620208696603,0.003671231367741832,0.004052498069209893,0.014130144001644382,0.017265901036693513,0.05766733252052492,0.038820862402674676,0.018705518203120743,0.10361871450795816
-5.400000000000016,0.07501756248204325,0.1212821656447251,0.15915061942290185,0.21656897261575916,0.37671567328215716,0.8340339496745757,0.8800687776144062,0.8731692540161407,0.6814658657361307,0.5929891939969482,0.5617559892188229,0.48510287793028667,0.40468125352092943,0.6646826334871394,0.8369939920432461,0.6535753102696931,0.4957490351110633,0.2830542453833684,0.162460821620716,0.10038514139589828,0.07558707798247345,0.04916464426510301,0.038471638519570306,0.01821776312803793,0.0008724996495004521,0.0013226762191110373,0.00013402786477568468,8.874661060441244e-05,2.150690860052416e-05,4.192840815244624e-06,8.985920820834183e-07,2.091943671737225e-07,2.2166334247225477e-08,5.615665518717069e-11,5.09606066774515e-13,4.952663388798544e-17,2.93428797698689e-20,1.138508474847746e-22,1.9592387721550422e-25,1.1057334065103923e-28,1.8115290361924447e-30,5.97839980771966e-40,4.812506615060886e-56,4.7120427792197025e-74,1.9622712988926308e-91,1.8538476290542594e-130,0.0,2.1572617664762366e-142,9.443258363221628e-102,2.1427026828514256e-80,1.5888289666803387e-64,1.8960715423130668e-53,1.1914728322716986e-41,2.754721664402426e-38,4.130844216282858e-31,4.284338463197604e-25,4.811449724854035e-20,2.5125608985004675e-15,1.5398731136600677e-13,1.84971665342144e-12,2.4440834771116475e-10,1.4434770099840955e-10,8.410537037663644e-10,7.025151426251333e-09,4.15642449017154e-08,2.018789294661051e-07,4.104521726093798e-07,1.72152269887761e-06,2.2964398012751293e-05,5.507921577599696e-05,0.0011724555159650638,0.005899305990840322,0.0031355140269220387,0.01795639204815015,0.024092798612181228,0.0842452983852958,0.07005362523131835,0.11813016924774739,0.1389493611598076,0.0983024189517154,0.09779046102549609,0.13174936624162598,0.10949632873727602,0.14055768529848287,0.25312928988993455,0.29707678313599145,0.5379794098350664,0.8628095738488759,0.8026296709226314,0.979793533099621,0.9324353064020113,0.9986208136750001,0.7557228792422308,0.5007465062258721,0.4592496448864753,0.8620833126233693,0.36352434104596193,0.33474425050002016,0.7601831872676694,0.9309289586375451,0.9339904490251537,0.9110375392410324,0.9808775551955484,0.9790397903802941,0.7020013885754163,0.7711841807901366,0.8412431597333264,0.6467431077442206,0.39724965019428143,0.2437524779181112,0.3442964657359846,0.1980600249744155,0.24902186348241176,0.2858508369558839,0.21568397002559128,0.32688844104915904,0.2270686359691336,0.11333997328383102,0.06103667394730687,0.047442973006676784,0.07332559317471139,0.08207704308128033,0.0801206255478388,0.1505643912837547,0.07642566595351874,0.11109005997768,0.1270091785091407,0.0927760239770709,0.05344607397802528,0.07400249550893576,0.0593151223133537,0.035768878190744466,0.05405523561160517,0.0828948286274297,0.051820282764445794,0.24017933657356397,0.18763494117930798,0.24620185138687048,0.4514107149073828,0.5003095561916038,0.5768352813853144,0.1920101030930706,0.16713121647011614,0.18027922376493064,0.21287654990590987,0.33437013040582386,0.24352534425785285,0.10149790035807656,0.11015622249534834,0.16616533640592884,0.2610635561855631,0.2300715593625831,0.16299530728753026,0.0856455208223751,0.02477777522921379,0.014373019644070839,0.0034959784777667782,0.003513571647194639,0.004281048219387771,0.01885167652366434,0.06572358738474049,0.18535161628079333,0.14845272708767007,0.17754736005415997,0.24193794999347734,0.09454366872328664,0.04527916348846653,0.04015763589383568,0.05783859273374792,0.019094679377545703,0.014096685434476777,0.05459969280079248,0.03866672657466541,0.01205454226171882,0.007664739943261517,0.007531547170978217,0.031079979905456138,0.029494845105529424,0.023318078337796623,0.09846823950925439,0.07075698019171518,0.08588212295784946,0.1425646670853732,0.1091421588223489,0.1701369388291767,0.11775966860983403,0.1677762345844374,0.22116783050359634,0.18102403470773518,0.18979795936447497,0.6290575880226875,0.4912601509357668,0.3982981157104775,0.31637844431313866,0.44588724602761054,0.3783725849642003,0.23649444432722408,0.13621817845326878,0.18550785844470627,0.16128155632575344,0.09985929304336391,0.0299830055005719,0.035469994571827396,0.01193267524662525,0.012489117648783897,0.01328440922116624,0.0018548558961754796,0.0011738575525602978,0.00227529029420402,0.0009514255298233245,0.0020266912462197553,0.0006197114366667731,6.0852749508050635e-05,1.9991927670944113e-05,2.1312422253145882e-05,0.00022923560320657496,0.00035541857725852275,0.0005205787599664197,0.0005045911926486945,0.00030934879612203844,0.0007398422961162446,0.001605107778711105,0.0006059666922742248,0.001763397027405348,0.0005755302848172043,0.00102990922024958,0.0021852668177642777,0.0006889120090480661,0.0021582383359147602,0.0047751660863205175,0.006587012733040746,0.015204988635286699,0.035847816076596276,0.016997979124006603,0.018351786017539007,0.022127742197845156,0.08276454776490459,0.12194424981497366,0.10058191263918762,0.04024382459835234,0.009932581650266647,0.0037936909824331073,0.0011860818182385252,0.002484233110446685,0.0022374265410740174,0.0018415300153776205,0.005931639076663891,0.006991300812075359,0.05005560628810376,0.033512906446132563,0.11969726287359282,0.22847788474156475,0.30548202980255107,0.37698602372105416,0.52028529752967,0.4242705743539638,0.675950745432594,0.6681449861417394,0.9160326335958112,0.6870333133116545,0.44347090855526144,0.40917775556671365,0.3148581738608347,0.09328933895831697,0.07651287321568007,0.02649078661387708,0.023706663825344563,0.013884782518383279,0.002716638466529796,0.011650582558964175,0.008630463628327421,0.0050600163199322435,0.015591087728575068,0.0056123293671533694,0.04313505879394486,0.08527494222565726,0.08291118292508358,0.09064455030564797,0.03749170838874336,0.016641079998899976,0.0015720378880051788,0.002177207063473046,0.001270055585987586,0.0002621657173567981,0.00022560951578603795,0.00011168546569855373,0.00021291358107366522,5.091298592088468e-05,9.448121840985565e-06,3.927121652537711e-05,8.984967820077505e-05,0.0011598230512758214,0.002253155480716413,0.0025965732566097903,0.009104554891278817,0.010700962607440167,0.024172930635965918,0.01982127980063794,0.00770918960875218,0.047476254642404646
-5.300000000000017,0.042812080488133765,0.06783257095132318,0.11439221129347903,0.14983041946916936,0.3521075399049525,0.851988291875316,0.8654217809727518,0.775535612606328,0.6375890122148022,0.4715288416626445,0.5119735815840926,0.3664685664199088,0.3278181644630808,0.5804224095174847,0.6340936696287071,0.8725328449350781,0.7009083681740274,0.49041786841552487,0.28645016703681203,0.17593643700860884,0.12552230328446773,0.08935794838902172,0.0734714860674757,0.05143887269444072,0.0041687688944638856,0.004067321885398897,0.0004932374058711432,0.00025237859494501273,8.254883920564312e-05,1.733779164115539e-05,4.694223936931277e-06,2.664891540817238e-06,3.2436123665780394e-07,1.6137327209646664e-09,1.3630070871361931e-11,3.810052656982407e-14,6.956342624106353e-17,3.9746129642681617e-20,1.6293429419375679e-22,2.9530817898732256e-25,1.905604959830154e-26,2.030980735814656e-34,1.614270279809153e-46,1.3715707268845553e-60,2.7816085677264278e-73,3.74766248759721e-100,2.1572617664762366e-142,0.0,1.6183125921784412e-134,1.8129342977763985e-103,1.3380254837035059e-78,9.467716455168109e-63,2.7849759115996483e-50,7.149510656739721e-45,1.3631600430322176e-36,1.4849414476796957e-29,1.7622342650459495e-23,9.365033654069295e-18,1.1816402871870821e-15,8.048445441022507e-14,5.048427511332624e-12,4.231657517732079e-12,2.932996287986031e-10,9.675641511010682e-10,2.4556466878077447e-08,4.5208174088779395e-08,2.7007515927818077e-07,2.9433084868417245e-06,1.2286056881015747e-05,6.756478020119256e-05,0.0007068582584319014,0.003773370816020348,0.0030650469352793805,0.015867282234452888,0.030542791227353292,0.08938048583402447,0.05535076417042838,0.1294450131735734,0.13287227902333706,0.11556852283519513,0.10182584821551434,0.1411788021221105,0.1398116480951564,0.16274061481487181,0.33347005101878135,0.38304554438935595,0.7663214076231525,0.8269657287548925,0.9199520908139001,0.834006869727075,0.9745364943890747,0.9858901877653798,0.8146928735168124,0.5609568417416627,0.5826196285286929,0.9745343607042918,0.4446195408881396,0.3949199183446763,0.6506404827556876,0.8860826010056757,0.8794399379048968,0.8235646974152859,0.9411069433040802,0.9065080324399379,0.6574743233619655,0.8504997640542191,0.8918622121810456,0.5353523768188058,0.46075816410047776,0.2680570244844303,0.4281249895899843,0.3053082082544893,0.30211986712970273,0.4318321639306529,0.26472001357542374,0.42604288781928534,0.3170927862011328,0.17470355260305528,0.13610244011622438,0.10172239983186036,0.1599384429108447,0.16078137748385868,0.14984348215934615,0.2949711720867862,0.15907027436147744,0.2514684466716264,0.283779676978471,0.20508665281956534,0.15436631052883587,0.1947028302826706,0.18865755470167928,0.14491788885490575,0.14387076536216495,0.24620280581020926,0.1497296997580522,0.5617805752804275,0.47380767661591483,0.6126295499478518,0.9166853888357829,0.9850517443512299,0.9713855568059356,0.3688631236186118,0.31958587495447344,0.2803000757032398,0.30229871561167415,0.40384798672172795,0.2778054233164828,0.11460085478539724,0.1299034181633742,0.1788474526390755,0.3064829288254559,0.2508995875688971,0.1559819809293727,0.09229226716793017,0.023974863235735028,0.015539594939480114,0.0034857093523212447,0.002493099399721272,0.0035371468838154454,0.014746878767887862,0.05211522060506997,0.20426144097190244,0.1834042153809484,0.26104834883253764,0.29936242760770937,0.09300623042915657,0.04028409880392735,0.03386899024810656,0.04756269117348503,0.013307287874704815,0.007072258439678761,0.021928447237609137,0.01714837364564227,0.005513185747552028,0.005218560279845284,0.0023221583724325552,0.012345697311493087,0.011391446036507618,0.010938503515460262,0.05084198870677595,0.04018044833200678,0.05906907520895715,0.11455215274423204,0.07249471114252534,0.08486883208352565,0.06941597651254837,0.11090656320687597,0.17028654625654074,0.1555464726843895,0.14286083543748096,0.5253935530766403,0.4514498973509835,0.3165611318688825,0.28620243312616966,0.3673326817081767,0.3324673677158632,0.2155466638368301,0.15626215902122848,0.20401344357831136,0.1964369134312868,0.10631333554634334,0.03303578899684471,0.0319275754078135,0.01104734336419451,0.014268728047030289,0.01169414078269348,0.002222201604092153,0.001669243053392512,0.0033978612988927273,0.0013454041027042016,0.0023665206597796476,0.0008066308057976181,0.00010316728805425341,3.3841002490176715e-05,2.3947574565844375e-05,0.00014504406522216864,0.00017213958860913095,0.00048363210194466794,0.0003534524667717618,0.0004903831914286046,0.0010214787328445712,0.002080979376553043,0.0010011949761702674,0.0026396437594260365,0.0009504872602305901,0.0016715217691457313,0.0019001487307279488,0.0006035294558390316,0.0031110228695241946,0.006748089354611254,0.007890245485672574,0.015238380943039316,0.04718734106976712,0.02280637430370614,0.022899441830180375,0.020433533553356715,0.07708957380469163,0.10560910304659686,0.07163063069065169,0.027570610371599538,0.00840356785382652,0.003605522480632614,0.0012171114520810875,0.0023419896021455717,0.0028181548599535105,0.0020376121234833107,0.0065493983899790565,0.005041682117975459,0.031130371263789255,0.022869800268023426,0.09966502958656634,0.1905574426500868,0.28058848760879235,0.33524679385629463,0.4858500028695274,0.41695803088877076,0.630671743590974,0.6403876367070711,0.9645124952019245,0.7084089944595091,0.49864104073069854,0.5640678682363073,0.44621300105110084,0.13057869934819535,0.08709408231642897,0.020736520855394226,0.015713736293203617,0.008787720171989522,0.0015439728310007372,0.008501574395041619,0.007858234525538887,0.004246343598324487,0.015325402008921709,0.005910192377229505,0.03685859589207209,0.07289744411329295,0.07786597185254918,0.10704323596769512,0.05233790590267346,0.02325551450569929,0.0023472422231381944,0.0024383389311030436,0.0024842383594176265,0.0006850395785315481,0.0006035220262200046,0.00019336726689307454,0.00025272176472507257,6.920414813506137e-05,2.150250631944249e-05,8.910393649276934e-05,0.0001075799945360982,0.001152112458849799,0.0015128349322008137,0.0012623923324267693,0.004659786434676681,0.0037935779006575206,0.008954926959613557,0.007066858109369039,0.002104034426237501,0.012668378352561484
-5.200000000000017,0.02338199973692443,0.04458320654739842,0.08972741985822748,0.20201756364336998,0.3153005018331748,0.7536284984130993,0.869230883080821,0.8921994484699132,0.8379366281597906,0.5787396326236111,0.4654873540479764,0.32678577338793124,0.3389458889101039,0.646354400611294,0.583453529243985,0.9188612330045345,0.9821934247761647,0.7271636172570648,0.48145964140717273,0.34383307212058906,0.22029176318029028,0.1465955836404774,0.09252838728873432,0.0475885309795882,0.004139413779155289,0.003186688078023482,0.00046430282012572025,0.00047146807218118443,0.00020355129140071414,2.6897735409223586e-05,1.5593302600465255e-05,4.583783976312001e-06,3.7683701070469243e-07,4.742273670925903e-09,5.836831884474836e-11,2.2675423147375944e-13,4.117875129026631e-16,1.2968182329900993e-18,1.7012122163863107e-20,2.1150743316470196e-23,1.1444532080046236e-24,1.2553930045190645e-30,9.447196021742772e-41,1.0600633351134663e-51,1.223152510649603e-58,2.70137359810489e-78,9.443258363221628e-102,1.6183125921784412e-134,0.0,1.7461830844519403e-137,1.7752937566610608e-96,1.776763943207316e-74,8.386294881260908e-60,2.7672418217342508e-52,1.8199607544790587e-43,2.4774829334471276e-35,2.0274058005878454e-27,3.1274416227294765e-21,3.767954071830687e-18,5.458716226861384e-16,2.0638599457415624e-13,3.575497950021782e-13,4.153809418129909e-12,1.3206816438700114e-10,3.750432240972639e-10,3.6721795240501116e-09,1.8929393594639562e-08,1.0995224606505935e-07,4.925741614001482e-06,7.018305584358687e-06,0.00030290337211869966,0.002586319011954623,0.0012683653679426705,0.014904432502185847,0.01317951846612097,0.04555326034828249,0.020322424518881853,0.0387199897991872,0.048928724067635244,0.031776277961701876,0.029757115547761122,0.04978561334240025,0.04485312517532564,0.06707849276869704,0.15105008070967207,0.14702688261643712,0.40691582029553214,0.7428328630570292,0.6857263246250308,0.696247727885866,0.5047862936952751,0.5746814203685803,0.7862552039664081,0.9385773002401734,0.9691251777727139,0.5133615255593935,0.7962576632385934,0.8210992472240567,0.43501274646047755,0.6748701790320152,0.673301887811727,0.6522104329746782,0.7584697005260814,0.7020818385910315,0.9802863513302628,0.9925472516589159,0.992930130542583,0.7790711012690964,0.5695942443364547,0.3363915993260003,0.39879873331705606,0.34017463525072483,0.3921884855860039,0.5872728455922509,0.36570712891817597,0.4771411302355905,0.429471733137159,0.263936729769554,0.20597649259451176,0.1444589413246089,0.19829529190390355,0.22299932503597772,0.2310597720018282,0.3874410097472364,0.21405502413147107,0.27659679394615805,0.29871786701750574,0.23512003862386313,0.19390019253114602,0.21510245340305326,0.15712281238559458,0.1341005979197763,0.1493412437024003,0.20126713655463613,0.1071325328920547,0.4044500656382464,0.28936142527598274,0.4174104533780711,0.6501594073024052,0.7096301467297966,0.7611923118821808,0.287334172239629,0.19904284562463614,0.2880170756018021,0.2232996805481426,0.37408683326420855,0.2311275371022425,0.08936243841803439,0.1492306262574323,0.16625576199163536,0.2022125787446408,0.19098183596957086,0.13761021327354905,0.10234483386431427,0.018301485161327225,0.0076246406924383855,0.0016341689543162266,0.0015784164971460299,0.0023766858008928103,0.010198231303769553,0.046928401975329145,0.1826711374906087,0.1690908880340874,0.24293165068606903,0.25602816019396213,0.09485650696950688,0.04096068075141238,0.04388383375790916,0.060639939336932146,0.012255318712728728,0.009273452570132071,0.03346528677752662,0.02857320237521193,0.005577004138820944,0.004021569995088826,0.00273796381664276,0.02245281492472557,0.021992705421731585,0.013506937793899786,0.10878524116293148,0.08997867343481729,0.08431579046510693,0.13767829097465692,0.07259541407807742,0.08412861117456925,0.06196922437768787,0.10186656943380049,0.19234874437650493,0.19199751950353816,0.1985016187711711,0.570411625262248,0.4626573312279027,0.3672862645657181,0.3290873984727217,0.3767012241635228,0.31531813519921925,0.2210398809800971,0.15293405373133365,0.1554212635458466,0.20624651766902383,0.06731342424261104,0.03487313114681903,0.041827137452978974,0.020053426174399414,0.01656356762686676,0.008987800453351426,0.002873289122851728,0.002390967987158158,0.0033099197468798684,0.001317600653856439,0.0028937564546074068,0.0011986179236177224,0.00026338999209066515,0.00013057072453813591,7.224428988791812e-05,0.00030517697644267974,0.00042081948690477183,0.0007530403988548753,0.00062406368679523,0.0009158964668258268,0.0020646963057261974,0.0035279933881222957,0.001252928538414286,0.002614253858649829,0.0006055088629449257,0.0006034803711776143,0.0009233013501771618,0.00028604105379016417,0.0011899747145149352,0.0015247730512805663,0.001070730811757305,0.0017306318467623378,0.006740994400182141,0.0029320221534419157,0.002866991647530065,0.001765029023053491,0.012294024186605175,0.022699056390341615,0.012490565324892624,0.003849504130054352,0.0006497528622932944,0.0003956667334700434,0.0001383320698614021,0.0004014870488598939,0.0004776840180188574,0.00042945058857483254,0.0010939644541732901,0.0008588494312022974,0.00452098697230641,0.003550751796146555,0.023806427422084976,0.05512028923370744,0.1192569946822596,0.17982207895122157,0.3142632005560577,0.29926628979196607,0.40773717513981966,0.4113870081956667,0.6174973532126025,0.371142348881292,0.24137500123916283,0.2747207823066716,0.28056238377925874,0.08169429909776744,0.04431942564811134,0.011162425670800441,0.006811787794276843,0.003726583889372065,0.0007699031387356311,0.005108630342021356,0.004859452311832847,0.002718960257379482,0.011597741298237757,0.004054622557367119,0.020426974629656126,0.032194385660058035,0.03791250740088181,0.05650188375715732,0.028452701175912632,0.015892109009052986,0.002330974465223176,0.0017427738843680033,0.0015892347924384544,0.0004135880049353942,0.0003824200796032117,0.00017799836148731077,0.00020566046335374478,7.461000537806901e-05,2.9024075193938273e-05,0.00012792566041489563,0.00013259718014347688,0.001355507885825009,0.0014695743568974601,0.0012876069284994246,0.004003643230039317,0.0034257200786910473,0.006259325706347664,0.006293291744606049,0.0018161321269577974,0.016658943757936216
-5.100000000000017,0.016675217523921596,0.020447378945412487,0.034982764744428296,0.06956700317126849,0.1589179899610898,0.5574298874022114,0.7419252344050808,0.7443405743279435,0.5749591250907002,0.34701609465155386,0.27651046762699377,0.1903863111584925,0.2151448356216622,0.4060586380402587,0.3996629233985977,0.6756294702649848,0.696660266083182,0.9465373126063155,0.7312311816065616,0.4354005103358386,0.24153409694514166,0.15822309358283476,0.09952631423701991,0.07049181383412458,0.0042572962487171075,0.00288545703300926,0.0005023956391396657,0.0006232421848418154,0.0004178908626697237,0.00012199602042090602,7.534517503605622e-05,2.890593416067369e-05,2.2234382939256707e-06,2.0027098079428575e-08,7.806745175821288e-10,5.1961102354183405e-12,2.1243476551569272e-14,2.15151675185064e-17,3.463684981110408e-20,8.37169723637239e-22,5.152870477038743e-23,1.3884579881913058e-27,2.123042248854172e-34,1.6758790324220313e-42,6.843522431941044e-50,1.6666423765529466e-66,2.1427026828514256e-80,1.8129342977763985e-103,1.7461830844519403e-137,0.0,1.2823532722107165e-133,8.725559209638242e-99,1.393521838155715e-75,2.7179010410551265e-62,2.0421269101461923e-52,2.893881494355061e-42,1.5275569384191337e-32,2.8127962152651932e-24,7.22032643157516e-21,1.101530056570994e-17,4.945489755370986e-15,2.3168256676643617e-14,1.1707004469262059e-11,5.485540066218288e-11,1.4424785573792442e-09,5.814221784783871e-09,1.6047230343372028e-08,2.473915665430098e-07,1.886488107188295e-06,1.1772810507405911e-05,0.00028055442250126875,0.0013230421518858307,0.0012127064125792178,0.006981585698235741,0.009979378490488558,0.014975088504890996,0.007462795853051145,0.01703757868871062,0.013041900072795935,0.010719416840027661,0.01308552471649807,0.02385298148135451,0.027788780769774056,0.0405554355055884,0.09951428575667609,0.12157925076610884,0.36142450913870194,0.790034140073554,0.814951631389304,0.8586353165166386,0.6053949786165287,0.6989378169854752,0.7749833524194085,0.9913791200361352,0.9587294983455262,0.4844819958345267,0.8829690217949322,0.9232442732065747,0.3639624190699089,0.6345395774541637,0.5832808999488952,0.49196432723185196,0.656216076316372,0.5806700007033986,0.9717481037876096,0.9347621541368119,0.9323198546167212,0.7445238769624494,0.6088031564158554,0.4336174944227558,0.5763713297069515,0.4734085009653067,0.5045666777146866,0.6456818588690199,0.3926667552515435,0.46162194281448976,0.41073347032852464,0.22339564850080929,0.2225024055566657,0.16787469736761004,0.1709773794066689,0.24697222902524793,0.263814917806046,0.44259430073764744,0.22601622480820327,0.2531217341635571,0.3369371766602321,0.24161897511144645,0.23295952836282433,0.2865261887305101,0.25528851160100763,0.16613186049924164,0.14793036909872898,0.16835286703139868,0.10483356558250934,0.37988431493315766,0.2325394496039761,0.3199588603199297,0.40085364766210035,0.5380094876926971,0.48058805413773714,0.10876741142211563,0.0729834247868217,0.07665002728268647,0.07041265078199586,0.12776992003144735,0.09374211324257935,0.03189718631699453,0.04810063645577463,0.07977226830730375,0.10727290620971738,0.09575460807802677,0.0507856917735225,0.026166372135053937,0.006504986467962931,0.002144113466445418,0.00039118791393985515,0.0003612990056085603,0.00037356468244947687,0.0026337736449875975,0.014397413397311912,0.08183760002279128,0.10264106399847744,0.18285874691064946,0.20469553929956075,0.0738917481673588,0.02370138259084572,0.022206543020507518,0.025877374732786663,0.007232399897010511,0.0031041746532338753,0.011065310258118164,0.014304314498744825,0.003964759519969117,0.003729028769144996,0.0015180786910606963,0.012171445556944783,0.013029261887530535,0.013338476933590976,0.05328130938720864,0.03978506568130202,0.042225910797228115,0.07041491042087353,0.02942487040266649,0.03031786845887397,0.019328037809878983,0.038617363829621484,0.10745100888638597,0.07721067073050882,0.0775985853308736,0.29923533179552897,0.25210112341721413,0.16135234396846398,0.12810322838112254,0.13331622284968836,0.14819466187864774,0.1163835090188793,0.07392791490003268,0.10154305324722855,0.17290722242270087,0.0842955240112367,0.03385486186931855,0.0416743446826003,0.02670122766743024,0.023219819059437753,0.02429883085862586,0.0059565766432301565,0.003759474437697376,0.005984479264382662,0.0015286478969548335,0.002822861281475373,0.0009529480997528786,0.00011284898781593558,6.122993550022985e-05,9.527723756721434e-06,6.273359005389585e-05,7.134473523196804e-05,0.00018754943540861806,0.00017148806632794037,0.0003203093405723094,0.0009849563863031235,0.0011612916354063378,0.0005098951333074457,0.002096226553365002,0.0012713634663473613,0.0019233999960956525,0.003629165000331234,0.0011360607348499486,0.0025020292195195803,0.006373686413064122,0.004064336783883352,0.0042355695224484775,0.011778069430125304,0.009691008313859186,0.006412355502125483,0.003178826329081186,0.013177699292439587,0.023193671722723783,0.01860799828724716,0.010819928696946712,0.0031151664901003726,0.0012054780839046628,0.000536431188961617,0.001103870956934606,0.0010176935871894855,0.0009495786744010812,0.002116412719640641,0.001667884345408831,0.008942895420069215,0.006462973034205037,0.036104383233976904,0.06699234653371186,0.11846686069707181,0.1882182030579575,0.30202887366416936,0.2618824407426438,0.3572142430455662,0.3500541039073888,0.5852816145363722,0.2809177265484071,0.2098926851581553,0.29335360625260976,0.3167285958884726,0.08377023859372401,0.034855842090134995,0.009199631049221417,0.006847693717653994,0.006134604642484074,0.0010057775760051297,0.009846369856059885,0.007783405865606425,0.007098540758309704,0.03378748982104459,0.012854317708606506,0.06757314805981347,0.12340026070039198,0.1796726634887203,0.21702016756021306,0.12923226888962475,0.08938718608195971,0.022958443591176145,0.01653591737701422,0.021919974392912257,0.0072677778224524365,0.00964073110376342,0.004191405343630037,0.004476382805065998,0.0016741645288249213,0.0008395236953506201,0.002591942824468354,0.0018591591765988891,0.011639987544925567,0.009713942283226563,0.006680229510925954,0.017985203854051515,0.008437839290401082,0.02597043362286955,0.022871650481518204,0.005542456525415569,0.03674884056990601
-5.000000000000018,0.01146673852273325,0.010713131104065377,0.01843450019825441,0.035266051354205824,0.07167675785502976,0.3102564342878225,0.4334010765742063,0.4378006525566278,0.341047664463538,0.2669771196714127,0.20453122604490617,0.1643201320946201,0.2041444791016815,0.35893980282722465,0.35862196495593374,0.5987493464299304,0.6446031293919717,0.9207506884613246,0.7168621761738704,0.44870916497258606,0.27719384978254413,0.1857539569497539,0.12447070522135904,0.07348181832499857,0.006942888100925635,0.004168715199377832,0.0009193063683331425,0.0019032451415107378,0.0009977576977781176,0.00037767731435236476,0.0002657700971106075,0.00010087602428734239,1.4724961613779764e-05,1.229216181804819e-07,8.53255006103654e-09,7.373843827811536e-11,3.116630164857584e-13,2.026030066990304e-15,2.8513727923966702e-18,5.655750715027993e-19,5.594166757566783e-20,6.903522060516313e-24,1.1559518113035207e-30,1.6121167874272567e-37,3.026823621800553e-43,1.9553515917783988e-55,1.5888289666803387e-64,1.3380254837035059e-78,1.7752937566610608e-96,1.2823532722107165e-133,0.0,5.793758940646271e-133,8.078253431463982e-97,4.610180720466365e-76,1.0396248828204786e-60,3.994574429074213e-48,1.0127678695525478e-36,5.075260068121568e-28,2.5386820948333487e-24,2.4100084816394215e-21,1.8082899953068386e-17,9.836326014608215e-17,3.770011488178154e-14,5.627045165283119e-13,6.1714206725514815e-12,7.392902261950113e-11,2.9636180449651064e-10,3.2979588021626965e-09,1.8745881941007132e-07,2.464283440809801e-07,8.26723501288624e-06,8.890409698167e-05,0.00014288769193795717,0.0015758378161166743,0.0017602884701736637,0.00436179591782719,0.0034792723806363417,0.007929545017117876,0.007433754474990692,0.00798918081951104,0.0095961407470236,0.01666834783177584,0.020681428199005276,0.035545084144365635,0.06830080442289733,0.1057188943928358,0.33002346316668185,0.8767522207193875,0.8783501214943455,0.947871528269651,0.7668634694661286,0.771022491660693,0.8460931279585705,0.9219487557694457,0.9332944304562985,0.6987663911717943,0.7886479781928091,0.820672810000792,0.5559025928500446,0.8243661914638171,0.8441974998946504,0.7037405587481915,0.7237833405367466,0.6678283033492177,0.9978405830833672,0.9425981634752968,0.8829293610277693,0.6461450109543057,0.39745824398202007,0.30773016633950095,0.37169779111538137,0.2898938472937738,0.3266994163993431,0.4901807541003764,0.29026957371980383,0.2958539273219317,0.2726435984248516,0.14262361815106825,0.15557492035041037,0.14686767107309825,0.12396388670319361,0.2968203681958551,0.3774622441062783,0.6171299517560223,0.43492461313237163,0.3786497354980639,0.47749268731252376,0.35931735696372447,0.34693427063439264,0.4382684000118129,0.33368040310728186,0.27509980021084135,0.32497602475037185,0.3140494303573374,0.19597786541039636,0.5351696619819384,0.3305927408503307,0.44282521238892536,0.5350394190471949,0.5847123394120285,0.5776726039194429,0.17697471938877585,0.12202277180727705,0.16056153368402507,0.10666305749299487,0.16407596862831567,0.11585867038269602,0.0358040692546684,0.04557458620919092,0.08952124566306514,0.07404132904277609,0.058459527927619104,0.03192760247340051,0.014375696097700952,0.0039051438705833114,0.0012150459675927437,0.0003663511559134879,0.00037088525928196655,0.00043174861344615935,0.0027628425396695466,0.015341304790019434,0.09909598493197233,0.12183446060052258,0.21417891062905456,0.21367639873324878,0.12862845166594494,0.042334273091985765,0.04263727006612482,0.036943223214464777,0.010442277168789958,0.005489776080733332,0.017913062519990558,0.01805486729686186,0.006250469354633882,0.0042357759265739935,0.0019812952783667165,0.013605994884103025,0.016508774498599058,0.011348697761164664,0.03660851949792205,0.031824059536041865,0.023280631357325395,0.029875430087180185,0.00835048550531965,0.009569368714293227,0.0045012784488328555,0.015303982457692818,0.05606889192017747,0.03407505128418563,0.047197036951752494,0.16406889768640595,0.15307077745141018,0.08333891848504986,0.05774817107380209,0.0690335638154638,0.07855377177362148,0.06606959126363024,0.040931900821733154,0.06965744923266948,0.14642469961799626,0.07272826749816945,0.038039485418894244,0.05129377553633033,0.04815927866701496,0.05184677078128213,0.04250330652268403,0.01642498854256545,0.009909744833710146,0.01868155858260876,0.004012110695240695,0.008100161837617232,0.0029370889370593733,0.0005630494786479851,0.0002521912933619385,4.215970154894592e-05,0.0001854110771971521,0.00027734106415759564,0.00027858814513191676,0.00012060248392890953,0.00023846176387011834,0.0006957082194479912,0.0007943578885776704,0.0005099982406844551,0.0012194906100918969,0.0008947268033582023,0.0014278756878534243,0.004130378663124283,0.0020129476534976576,0.005650076088608942,0.014090951132991518,0.007393746726754873,0.006547943928677396,0.012802509652411108,0.0139815305632269,0.009718360742738614,0.0057193450757612495,0.021613259946425142,0.04839912625860253,0.042509041582331285,0.041639941516630745,0.021018010959623957,0.00949206502711746,0.00717896987479185,0.01884190432148169,0.01566515538979187,0.010988024611844064,0.010504728187831961,0.006061721805087302,0.021832348089067862,0.01054462391025486,0.03461281420258159,0.06450541110667883,0.09975413634416987,0.16070714946021988,0.20807428104183187,0.16794060331297908,0.24075474336778838,0.17685851267751843,0.39027570060490807,0.14761547094979913,0.09060846958863353,0.12407631237470525,0.14928880304278597,0.0388148616741632,0.01165085063045856,0.002754308647447309,0.002339037324411537,0.002349704876450816,0.0003445878215898355,0.004107041194595596,0.003130085848510312,0.00251953910419371,0.014669478130995752,0.004592683795373399,0.031653023591026626,0.05145036422680748,0.10286732081885472,0.14461107177053714,0.10734788104438694,0.07469937177976509,0.020524000792908472,0.011259760437868112,0.01713774848298919,0.004094573123402906,0.0037901519188197853,0.00170379150033618,0.0015436832465508326,0.0009087611105233768,0.00039024415939708715,0.0015154065985658978,0.001519138831696239,0.006674364804408319,0.005127136896881934,0.00255345854828738,0.006324889998296225,0.002856638583796644,0.013281948422403577,0.010273676066562905,0.0029512413143705537,0.03312737145709077
-4.900000000000018,0.006444308265912256,0.004758841476191055,0.007286833478791882,0.01460328774430711,0.04127459654297308,0.2232618481807584,0.33946517270955273,0.34125789026452735,0.25681673297688434,0.22641180440811104,0.18790806278146582,0.14641818142650015,0.1872671477123598,0.38042533587500266,0.3284081481721288,0.4864089755718198,0.5128442530137338,0.7234796048156847,0.9830294876168763,0.6978502405054754,0.39523287523247863,0.2539332271707872,0.16405379245023638,0.09856659854536745,0.011457965080911424,0.007048946126013355,0.001570478907314335,0.003062308642322175,0.0014447352288552613,0.0007671496466136952,0.0007384451603025291,0.0004004084839996718,0.0001147928168549322,1.4370557126914851e-06,2.7158733303671774e-07,6.899984782552638e-09,1.2776560926586397e-10,1.4619576645412522e-12,2.806247200470973e-15,1.381724865719014e-15,2.4900808145663676e-17,2.772337665234574e-21,6.398388523457549e-27,1.8091458345451835e-32,2.282982233947598e-37,4.500434643982992e-46,1.8960715423130668e-53,9.467716455168109e-63,1.776763943207316e-74,8.725559209638242e-99,5.793758940646271e-133,0.0,2.32813409495387e-135,3.8548970119467395e-98,3.905675591640407e-78,3.26544633511584e-61,3.390622886082387e-45,3.628787046838254e-35,2.681420713301343e-29,2.500574932184697e-25,2.004380360937041e-21,1.6084312482408881e-19,3.2779119467599716e-16,1.2338258506435993e-14,1.1369556555718138e-12,2.4183835616045454e-11,1.976437664369935e-10,1.793818990151899e-09,8.24396492818688e-08,2.398343865832857e-07,6.904263583886271e-06,4.382145635161124e-05,6.997996345345905e-05,0.0006984653426751142,0.0011403674529860569,0.0024715081957809547,0.00159008280256994,0.002835424614660189,0.0027789387181086068,0.003135241317456951,0.004119937552820124,0.006846677677689851,0.0074454337314520235,0.011140698779243863,0.02067682832053445,0.03822703699780898,0.16600340540523373,0.5532504145314919,0.5586148565913789,0.68066118421526,0.5104071487911697,0.646604796761261,0.685125932707733,0.8558634389259149,0.9573037843685345,0.602561699486779,0.9935949942719114,0.9081109064213108,0.4476878864572906,0.6225424704530802,0.6761028914418626,0.5639619448934995,0.6726323495229363,0.6678361774294803,0.9650757111995097,0.954867043208092,0.8124471584248251,0.4955204711608958,0.27128382001916007,0.2645113736358221,0.3017703361482441,0.26454765885937126,0.28329311872793356,0.44744649544945675,0.24514154951872,0.22791774107681545,0.17228317615053548,0.06871798760394261,0.0915715867134151,0.10938974241324217,0.07654050175688357,0.20822485005821928,0.29233919963099336,0.44973713862786496,0.3923028121600372,0.27319187619776036,0.4253638639658902,0.37377992023528844,0.361560106748479,0.45469001132602216,0.35304743262652294,0.24453279763935837,0.30332605023694315,0.25236174115424254,0.19872262434926544,0.5932810527010234,0.2951770040265759,0.3945142176799964,0.44004389514063624,0.5019060770373254,0.47561153342771617,0.15046027376311366,0.0885954878525193,0.12504348730177547,0.08194063044624127,0.14329427457377264,0.10884465989600282,0.03730931106688734,0.050469553570299565,0.0835555941217822,0.05953299561948833,0.04524691671050587,0.03240958209763362,0.015012320185066173,0.006277302286512919,0.0015943842432318972,0.0003325341615881241,0.00029410177170781593,0.000342257491524418,0.0019760817794839294,0.012249772804528542,0.08167456698198888,0.09415352573780157,0.15700772261868973,0.12458716989246602,0.07026097867902334,0.023463130283994642,0.029224379409527816,0.027913945780544267,0.008101793476857359,0.005308005477642275,0.01746172693490145,0.016049533730292907,0.005786743538225641,0.003290975623905681,0.001294893838966165,0.010372680757690862,0.01056043094116764,0.006064467715041177,0.01694340127006135,0.023389529744297866,0.010429807353915264,0.01569338440018705,0.004321216030887884,0.0038540326937750837,0.0011989889756814113,0.004380466198869156,0.01718886123159053,0.01060863129560358,0.018606061569614245,0.0871839773064117,0.08483091738829826,0.05898870302743004,0.038556467510370396,0.04791574322701115,0.06930544766502458,0.05091623546857429,0.026124142321548735,0.04561659787236943,0.1107384771839275,0.04905232418957627,0.021816982248618534,0.030134368840899997,0.03563222691930494,0.06017964218313488,0.054350645382220605,0.0219583659436321,0.012598892371410974,0.02452271506816207,0.003904333562817083,0.010086526717354135,0.004561741656694289,0.0010467512726160426,0.0004879966447045649,8.878627749546297e-05,0.00037782198583948267,0.00034075695974924785,0.0004613502713938658,0.00021772216947185745,0.0003649307874859043,0.0007135298421013988,0.001049978388820885,0.0007461018869304602,0.0022035102029865166,0.0017551831899287548,0.0038508076552028685,0.008480361189867329,0.0035971741664037296,0.008241439103081654,0.019324272297677487,0.013460811862189075,0.013234108178909024,0.02884441797327753,0.02544004700216699,0.01760996890762665,0.01324731074631588,0.042728592032375355,0.08856449939399173,0.06387181329471191,0.054409850664058346,0.031152009481200324,0.009951599586271651,0.0077790152609091365,0.015920708431658034,0.017139921508941402,0.017969373464729106,0.017229417329291348,0.009881170783483289,0.02598140307259324,0.007874094594918236,0.029244358608295284,0.04721615871692161,0.07089837055366088,0.14505034315761556,0.1885463722619377,0.1225581764771165,0.14332820114107006,0.10462547162357053,0.25123147478667646,0.09638158203811087,0.07819851571548371,0.15053607226052956,0.21542090937735778,0.07155950028040092,0.023849189178662862,0.007431728794969226,0.006579661502048294,0.006551844617400265,0.001134851932950266,0.009795692927924206,0.0098834269970903,0.007576642576525518,0.02434155905094734,0.00886975341070033,0.04773889127670707,0.09428604319390585,0.17775851372021287,0.2267634713382581,0.15151270125380692,0.13543117793477472,0.04469321782111752,0.024895685619535843,0.04310381457769838,0.012907351982741443,0.016868194482199575,0.008298119735565344,0.00653706577259861,0.0022452489738883715,0.0008414679089009542,0.002381209308593256,0.0025303227893890756,0.00914798173314506,0.006406818049683636,0.003057954097305115,0.005561464427488993,0.00240346353920609,0.009729382598091628,0.008555826875576612,0.003471636045176802,0.025946736140659402
-4.8000000000000185,0.02247678185369977,0.012920094379415548,0.01783916581960758,0.026764360203575612,0.06768551038080922,0.2951167461931242,0.398502169942648,0.36758882304058443,0.3049945377722565,0.2768402634297209,0.2345760921051058,0.2314638012164056,0.2587122118919144,0.473157096297797,0.36174259013817944,0.5331475592389616,0.48810763178505,0.6590509087122981,0.9459558733268898,0.8149609986391044,0.5101506117248003,0.3574481585128585,0.2336314498704705,0.15237891546562152,0.024644943698419505,0.013277993950082102,0.004580473328860174,0.006686824363433383,0.002673012816130405,0.0016547377063899614,0.0019141395676629594,0.0014748832184114673,0.0007162335000325549,2.4212389728335217e-05,7.789000422486938e-06,6.357046534702789e-07,4.792663003767576e-08,8.799422719600129e-10,7.859792363970462e-12,3.5389441369250774e-12,6.826749794121104e-14,3.605431479633398e-17,1.793455031657965e-21,2.4680594739699598e-26,5.4044839047577365e-30,3.964285098687347e-36,1.1914728322716986e-41,2.7849759115996483e-50,8.386294881260908e-60,1.393521838155715e-75,8.078253431463982e-97,2.32813409495387e-135,0.0,3.0218376224812915e-140,2.9246312924977925e-106,5.659044639666277e-78,3.723070750002279e-58,4.1471545764635306e-45,1.8497523809329664e-37,8.959559182504802e-32,2.987873887764688e-26,1.0199526101568221e-23,8.287324654575463e-19,2.6718195194782993e-17,4.992814411741554e-15,9.427002519887447e-14,4.686617481176908e-12,2.2901757775645783e-10,5.023986370453306e-09,2.04934229439432e-08,5.220825322613827e-07,3.030061359183003e-06,3.002003103368154e-05,0.0005095586616453106,0.0009697552932838501,0.0019956127008995783,0.001563755350407022,0.005043090546379408,0.00348967305852118,0.004603195473950588,0.00507988071370508,0.009351410157048275,0.011509908061422408,0.014090787502986677,0.029035816208576794,0.05379336183660884,0.25624631205782744,0.6849802543910147,0.7549765434531152,0.7719819808605058,0.5839223220108036,0.6681733806829805,0.6109177249127075,0.7386995525275764,0.8764868686982333,0.5886859114205637,0.990253292596612,0.9864078118789634,0.5634644591185006,0.8757571393971725,0.9006726796237517,0.7536787207147567,0.8251151467596773,0.8246274407152037,0.8181274542421125,0.7958115551268491,0.7056987165550211,0.4143746073702385,0.2928860499714483,0.2617834098149725,0.31105466316765457,0.3227994522072591,0.3370640230224121,0.48476774672888057,0.2447524462199645,0.19223367573876973,0.13865024862990777,0.040741000200027556,0.06446147254738332,0.07638339466341505,0.05818217288120735,0.18526869004626703,0.2783986982692614,0.45334246106026965,0.45385794565812954,0.2947404359401778,0.48315086350424935,0.4131703477004231,0.41757780937369476,0.5346558539128341,0.46621658795113535,0.3141682455206437,0.38165994320610924,0.32338056525421044,0.25910394738731113,0.8328487145643468,0.4610126881347397,0.5520934960171595,0.5550003193686115,0.7211973617327408,0.6859340511550234,0.33217287689940994,0.22228293291713666,0.2515587761145506,0.21055489331259383,0.27091278738652813,0.20368320620467528,0.0886376771442141,0.12114797922624362,0.15954926889644014,0.14426543758441474,0.13361124669286406,0.07054451685985864,0.04091723748660525,0.02174670295515946,0.006218632057006681,0.002137952141760206,0.001809448127717772,0.0026501079884697076,0.011650113477968153,0.04825758827730601,0.2721559982659071,0.2601331015693779,0.4027885264899538,0.3137069987634461,0.18717813466440744,0.0863194534488997,0.08526962062133325,0.0704574856853883,0.015630878686306762,0.01012953274249044,0.04054918802086195,0.03104464505021979,0.013654868877312584,0.007621630378897014,0.0023712442114318323,0.017446137848747243,0.015772788989845306,0.009860423882121985,0.01907273846912218,0.017105632356564104,0.006237549858793352,0.00672249105267176,0.0013409138973643946,0.0011107190804173657,0.0002136387469748731,0.0012696217719484505,0.005649304797436596,0.0038690395782300267,0.007161671965066239,0.03366442167917234,0.034129868494984276,0.02522899883305862,0.014757873269535156,0.01574999056015027,0.022724867863969874,0.018829652078608025,0.006747572142133329,0.011730458729145715,0.036011866714660716,0.015033100123264956,0.0061839178498373955,0.009233834395685096,0.01413271674594376,0.02163618772615575,0.022894052425254868,0.008045022663771901,0.004771183998205147,0.010360962617629886,0.0014444960761609003,0.004819363861026078,0.0017419526687795061,0.0003580210704143207,0.00015245340395293695,2.873778928981028e-05,0.00011566320476251554,8.179066183231305e-05,0.00010842891173837368,6.457326350744943e-05,0.00014291908937974078,0.0003612409262821001,0.0006774658364257472,0.0004698836957435773,0.0018929815301075988,0.002068489629299017,0.0064335240527966546,0.008101777786395693,0.003961961244749236,0.011687761947787232,0.02652206066941332,0.02040023166657215,0.016610475119301946,0.046925865971627595,0.056054660077530405,0.04407242707462221,0.03824095972819837,0.11126108871148285,0.2032952894373614,0.15427139302910903,0.14071387651673228,0.08515265773436825,0.04411433931553008,0.05129022307074775,0.12086462644689065,0.1442953098578219,0.16432270989607903,0.13229401767586205,0.05811335826106962,0.09080301694875546,0.026623890542025807,0.048036922200548636,0.09512524723773978,0.125583849373145,0.19853155832064337,0.1991704552650203,0.149262461179405,0.149118222688876,0.10547998691621893,0.23331633732784549,0.08067602935036587,0.07843759201428087,0.1374223384291898,0.2046900356756392,0.0557238830305139,0.012983823194649755,0.00375685386190862,0.0018458787936506203,0.0015107763294072098,0.00029920735801079127,0.003047306819449036,0.0045096806034281185,0.004228969896625933,0.008946549765751264,0.0028563099515128343,0.019034759235095136,0.05349234104011457,0.09631824239373998,0.1354990857295169,0.09766487419602735,0.0912301549799701,0.042544997955249304,0.02002850296472687,0.04155695478567046,0.010901487355727175,0.013858617574699257,0.006880067108765215,0.004187433282488301,0.0021045050215839816,0.0010602174086210405,0.0017970492020478851,0.0023785779136403285,0.006486104328934436,0.005192744537635684,0.003601983996124029,0.0064445136304794315,0.0033292459002536167,0.012259417672309333,0.00807102489415727,0.004772586666672154,0.024494874374959386
-4.700000000000019,0.024017208880240434,0.014499612948744007,0.02057791837887788,0.027004377219110476,0.0770798128109439,0.3135920787427475,0.3977803120895411,0.30599819168103226,0.24295685824308028,0.2403684016995088,0.21681031150083618,0.24222617360602647,0.27126436418416133,0.463341740676818,0.33670615998611747,0.5405629681178638,0.5386062673883862,0.7948089427299522,0.9292352150356868,0.8027874493531354,0.5089231085786463,0.3759807532179295,0.2357866108247824,0.1566582637228113,0.03592753273796259,0.022082678380140074,0.010260540606513166,0.01673119707097522,0.0057805469822619976,0.0037483613537131165,0.004620865433688281,0.004489620093214899,0.0028523429976237426,9.938367794886552e-05,3.1555066293756704e-05,2.6117392607288503e-06,1.2305904775845768e-07,6.607725807268253e-09,9.832157671248188e-11,2.0906072110208723e-11,1.447626299407423e-13,9.484455239136907e-17,1.8983549142158784e-21,5.330278792937283e-26,4.609019820514291e-29,1.0262235406743199e-33,2.754721664402426e-38,7.149510656739721e-45,2.7672418217342508e-52,2.7179010410551265e-62,4.610180720466365e-76,3.8548970119467395e-98,3.0218376224812915e-140,0.0,4.622223035060179e-141,3.7701202983665516e-95,6.670662910910425e-69,3.1824415427562763e-53,5.094844497648024e-44,2.301329175138637e-37,5.432817073413901e-29,1.6155270205490012e-26,2.175416289830327e-22,1.6427435266640875e-20,2.825610767053547e-18,1.6308161204253262e-16,9.946081485004052e-15,3.512655659924683e-13,4.3662692990949666e-11,2.4037335287050217e-10,1.9875134993911958e-08,5.165138658166578e-07,5.33552278088132e-06,0.00010287318838755194,0.00015235282441545511,0.000670000019534473,0.0008116971177007752,0.002481996679881159,0.0021147667874701587,0.004108362723584387,0.005995543459105721,0.009598760300590323,0.012562926048185675,0.018363438701240596,0.028823645584049352,0.06652512044002752,0.28763291435824845,0.7438075460180447,0.7880201238815959,0.7612181499603695,0.5773159841762354,0.7103067071221811,0.6878363891613593,0.8159933778614884,0.767068201540341,0.5402507911279804,0.9269424821777034,0.9656612810677812,0.6005588078457473,0.8350311469715821,0.9429166650211719,0.8026618489342491,0.803402476403672,0.799393032568737,0.9374195238266226,0.9392264646116159,0.7653435351251737,0.5738822776906924,0.4433457037272961,0.4141678305101489,0.4154434284047727,0.38472234730168126,0.40897049259314133,0.4471379738997671,0.24229872133292157,0.2048777969471958,0.13702050607439084,0.04430552210393393,0.042920632371175174,0.04467737027088816,0.04411325538505681,0.10410227616704695,0.1754013083656628,0.29564329491489344,0.29310173589618965,0.22430068877222703,0.36543650594746196,0.34442853679085483,0.3443200411088977,0.46411177978446255,0.38725204364378574,0.27416294799461605,0.35326598564246253,0.25039849230877237,0.22879490356846058,0.8736879087728883,0.4499303164124648,0.5025328293329493,0.49338098554524007,0.6665504522979918,0.7083600726269683,0.3195414708497976,0.16821945417997966,0.14714800503165476,0.16040020176596634,0.2299893124630115,0.16086968665198823,0.08348465011046292,0.11801179763441798,0.21519347863514932,0.23891550455974256,0.2200048623533111,0.11349890708620516,0.06441152629572452,0.03454594318483483,0.01213303138481319,0.005785354906507606,0.005764987899235789,0.011210223049700159,0.0396962420166143,0.14565020224727354,0.525514281458767,0.47325125564974646,0.5694573171281347,0.553803495420041,0.4149628891313668,0.20583082660038204,0.22698290636885388,0.14386826576339265,0.048399071443164125,0.02781784629822028,0.09182389575060626,0.06438130389751588,0.03257608827212666,0.014359500875478211,0.004759176257572075,0.03729393086384193,0.02844512577425211,0.02312718536531476,0.028128967124233913,0.02505831332496997,0.014312848105976812,0.018293917788845444,0.004746696776398858,0.005498038560756056,0.0007505698002784183,0.0054859630239598245,0.015688986076959614,0.007758526467015273,0.020025649319773974,0.05366154067621007,0.06969228616177525,0.05220127585896472,0.030746682107738527,0.02131002499212757,0.0170339525142415,0.013502403799563852,0.004328479456896636,0.006350318393771947,0.02415268309155088,0.008806858642454531,0.003236083042175092,0.004653884096137857,0.00685164260424968,0.01043338570397881,0.009438640125350672,0.0021737477167670352,0.0010927319132503044,0.002195312227754495,0.0001998132279895951,0.000666550284868933,0.0002964207515782448,4.4161283372962024e-05,2.3234982582356372e-05,7.0309332211772095e-06,1.9652159466556914e-05,2.486438171041404e-05,3.752533382478315e-05,2.624750650738201e-05,5.5336830888058484e-05,0.00016818820388814687,0.0004926764783493427,0.00026261336437736034,0.0008566698722938405,0.0005915586051999767,0.0014508963468186987,0.000991046712707473,0.00030460654929881446,0.0009454285455441016,0.00293496782761688,0.0023685776211430217,0.001884285516291791,0.006961107597690187,0.010986680593878763,0.007876234051964873,0.00902649531185394,0.029848046400782105,0.06158914141489149,0.05174530525047724,0.05937040652686901,0.0512530697833016,0.03610946751092907,0.0508408970387528,0.12162038153293757,0.1910102802607167,0.24699368114807055,0.19401375981378927,0.1025012591776338,0.14141886338008094,0.044332891760064976,0.057488430620822074,0.11174692263831695,0.15341421825662602,0.2309584912126288,0.23875384043052209,0.16240916570522387,0.16968710644658763,0.11306220258222333,0.27794634261701684,0.10184549260539917,0.10001306713034216,0.15985464771637026,0.24039238773439894,0.06150318734682699,0.012790425129234617,0.005284676349103687,0.00255391074787521,0.0021768135354984413,0.00042224704545304616,0.0031627876149016264,0.004841634384063947,0.005106231166957213,0.008020380356276856,0.0025390448198872304,0.016132426752925748,0.054701552287417375,0.0993361555205098,0.12564967123508805,0.11459258258883016,0.11716385689578933,0.041843396723621265,0.02302009853313548,0.04774526147373693,0.011642252657054613,0.018060737250411144,0.006742092187917727,0.0035806082067063013,0.002108237378685071,0.0008625614853204465,0.0014088594324179365,0.002017496062687542,0.006019389592779355,0.0034593897059045278,0.0024008132030216805,0.004120752851836245,0.002647663713575279,0.008667122909798207,0.004723451075042086,0.003515296167563369,0.017346668942103564
-4.600000000000019,0.03792304082522142,0.020651580368381727,0.02822136179883652,0.03529245997285279,0.08259626400565545,0.3123763162182053,0.4569459033383534,0.33427295831603887,0.32473248722388853,0.30944065727677317,0.255609290732516,0.28355216984039205,0.29580992540332607,0.5369930127784736,0.32757486445131556,0.4989443383811602,0.4203730773872621,0.5840112252675737,0.8709954625544059,0.9950249200419037,0.6857307683408582,0.4366593089345183,0.25488701605838104,0.18081371661197576,0.042933387220387385,0.032401095845336104,0.018535747606471368,0.02354740593444735,0.005829285920151497,0.004525306400437493,0.00807000027084349,0.007764112301586777,0.003929793187976918,0.00022532255631227044,6.892038348821987e-05,1.9585823618501535e-05,2.4106153583810978e-06,7.494380571284842e-08,1.2709631477179283e-09,7.278498342627213e-10,1.867619569506724e-11,2.5635083484426292e-14,5.574120379365242e-18,1.3723285026704088e-21,2.2347437443343146e-24,2.2496662042858758e-27,4.130844216282858e-31,1.3631600430322176e-36,1.8199607544790587e-43,2.0421269101461923e-52,1.0396248828204786e-60,3.905675591640407e-78,2.9246312924977925e-106,4.622223035060179e-141,0.0,3.9106555655410545e-125,1.1660329107852057e-85,3.7144967683649135e-63,2.0994168056787093e-51,4.554108536136095e-42,6.05981675821962e-33,2.0585411813851104e-29,7.843582554467382e-24,2.0918436289545732e-22,1.4673901316421312e-19,3.555633666267185e-18,4.3778336328841857e-16,6.683596891726941e-14,3.1017477242141494e-12,3.5266958006392006e-11,5.344071943154943e-09,1.2417309621706862e-07,3.495471644706377e-06,7.225502246418828e-05,0.00019762333206791837,0.0007016908049938238,0.0008020852420379409,0.0031742145536018443,0.0029462919222764034,0.006036804661821794,0.0101474851096831,0.016673043106021985,0.025160210175864447,0.030132101111674903,0.04438808269832133,0.0919212616608646,0.3391647209828993,0.8187477625727212,0.951419868946276,0.9004064570964809,0.6965230950750082,0.8953821167391652,0.7304016241246758,0.728322216317407,0.6539463277058527,0.4506802394923781,0.7707156062893527,0.808009643253446,0.5139485057925032,0.7757562463258165,0.8375545514184841,0.7802004558334903,0.8225033716521696,0.8314522266374594,0.8596307002792298,0.993059563002978,0.8714796061529316,0.5523190422436633,0.5577597623711398,0.4396838405661367,0.36225150776448445,0.3616980334475079,0.3416660239257461,0.3853221897235609,0.2064341280265888,0.17780669958739592,0.11812266165199875,0.03278680714189134,0.03677458170995687,0.03390215510903634,0.027142589434094304,0.07340572594031826,0.15227959495720536,0.2838681632279273,0.2939517504071803,0.21714841280752908,0.448307296340648,0.5333284726057536,0.6630749586726098,0.7736535912461142,0.7374147587751733,0.46952066654153285,0.5290933901048975,0.4824017205526265,0.47694755152338414,0.7387933446769495,0.7940787135531955,0.8489409049987411,0.7735195708697679,0.9656597569152479,0.8913480148409184,0.39972302597272263,0.21658348146334852,0.1852364372760518,0.1842973028165941,0.23202939619539256,0.14810602571898127,0.09003489382936525,0.11053815380759517,0.14227247633925355,0.14134994629618747,0.09835663795447468,0.040703086258352214,0.028650692811285745,0.013491565972695768,0.004333089634029997,0.0017067783779109475,0.0013585321350335997,0.002689550959776401,0.010795542401824029,0.06667360384486452,0.3193364243537799,0.3012338645605794,0.48056504761506014,0.3984932918362251,0.2934793861780067,0.15734305609889868,0.1562941935669559,0.14772809247767515,0.04328684893283065,0.0319303952154029,0.12000732677275207,0.08942620309996302,0.04411428655929371,0.022913142728760827,0.00618020305663182,0.039093659739139704,0.027322135652766446,0.013961442376194705,0.011546208319303947,0.009689969505022726,0.0032659773240023126,0.0047048433234101,0.0008923609787150968,0.0009300268813244285,7.84192175411836e-05,0.0007345597344318521,0.003272300353527351,0.0023634117614941396,0.006261776842789128,0.02294469663394759,0.03094178191859061,0.02325975564308569,0.011020357940493343,0.006806311282062345,0.006743027591387992,0.004107555564116414,0.001127327103875073,0.0018565932193048812,0.008025332975409097,0.002639865762480413,0.0017651334974457585,0.003728224346815783,0.010267142084756329,0.01337624532967313,0.009988761743132723,0.002650470369224548,0.0010219216283084182,0.0015830702696451556,0.00014758697212489575,0.0004553788965942252,0.0002252022369323932,3.672607828117394e-05,2.8640504214275004e-05,6.789239177545565e-06,1.9163471920305964e-05,1.248881271650892e-05,1.581632729265251e-05,1.1445840038478138e-05,3.807996797248362e-05,9.431997685216852e-05,0.00048081947571251724,0.00031460072652308074,0.0011488042545192048,0.001122241662809899,0.00388252039666833,0.003473830917868997,0.0014261620629365185,0.0035484266937516502,0.007104191823337062,0.006428677646661554,0.003809920735772786,0.015370221340396334,0.02692833756665973,0.021031662106418103,0.029236292461337233,0.07067644336835176,0.13320296207113186,0.11567030069244354,0.13525197319372814,0.09849367962605556,0.06930050803550872,0.12580070913974914,0.2650501838636071,0.3690966498681346,0.4102533241341258,0.4519907016974473,0.3399101843029676,0.3625031395463246,0.14538927491741813,0.15577672474399734,0.3172021081160911,0.3371430628911433,0.42632207547393824,0.4056700185419725,0.3208780795318286,0.2841461738920481,0.21403466131371926,0.4503641264354108,0.18259603332314525,0.1798682639131542,0.2479190471386524,0.3220426684878704,0.086880854030156,0.022755391393862363,0.009968806182530918,0.003089964884437039,0.003225197942527075,0.0004345866237322976,0.003969918267941091,0.005855624802540524,0.006404640652177092,0.0075607255315222185,0.0020414285321275574,0.011210264509496136,0.05288981500701016,0.109492896717501,0.12178708548738515,0.10489511440050726,0.10566082374193499,0.05052249786868328,0.03504421247720776,0.0628668763020089,0.016418073951390378,0.024123883224002433,0.008854744619845674,0.0055254630398057485,0.00349894828561829,0.0014204968865691734,0.00248944766347297,0.0031043892819396625,0.00835939203031368,0.005431265945223939,0.0052103963054809495,0.011177992847790428,0.005284841324591933,0.018144380484499883,0.015174471649699843,0.008805108346425632,0.02575928577655599
-4.5000000000000195,0.036971025011328144,0.022758564940258207,0.02994512457776277,0.046361399071707866,0.10547874000940771,0.34199965729360055,0.47865143016504896,0.38430307367462707,0.3820154308813391,0.42376418072144767,0.2824121562205737,0.31089418683176967,0.3435710868802102,0.5803432657377807,0.39260056367106133,0.5573626366038552,0.5333189296008325,0.6416154601554305,0.9149172199510054,0.9848241790968175,0.7596231703481134,0.558805904283494,0.39011516941409136,0.32497566561097135,0.10423836229653241,0.06227792322589326,0.03823474919752846,0.041456021343412405,0.017476910202887993,0.01564198511406188,0.026409106083980283,0.03127242462951979,0.020071110785772835,0.0022315034027805196,0.000953681347083988,0.00025806513611481373,5.828645652059542e-05,4.270269276176334e-06,1.2207501718648838e-07,5.625256639279843e-08,2.6684240343875928e-09,1.9090353616372792e-11,3.82947270680972e-14,8.261115545166761e-17,1.424535044155249e-19,4.52965475044053e-22,4.284338463197604e-25,1.4849414476796957e-29,2.4774829334471276e-35,2.893881494355061e-42,3.994574429074213e-48,3.26544633511584e-61,5.659044639666277e-78,3.7701202983665516e-95,3.9106555655410545e-125,0.0,4.6936710745429685e-116,1.7293470665667222e-82,2.931462920539263e-66,1.8379185478643189e-53,1.23052949239974e-41,3.126148934356539e-35,1.3275212812605793e-28,2.328081048556718e-26,9.337188991252176e-23,2.534658371859283e-21,1.9623954543279888e-18,7.511909422230189e-17,1.379018470908117e-14,1.3969153350059748e-13,2.4099257936544176e-10,1.36688278863041e-08,7.412402749944762e-07,2.3994466231732767e-05,4.339899197131203e-05,0.00017427891082027252,0.00026479210121968077,0.0006626900603378288,0.0008227327411135053,0.0017667326863871106,0.002497726363368772,0.0068635883664028095,0.014763431994909485,0.02158408311766991,0.03821335043538546,0.10883188023029544,0.3416008951618831,0.968827151949508,0.9639880317846028,0.9142203882486958,0.6864550697294269,0.9930585757731464,0.9034124566993976,0.7568881908382386,0.6893758459648811,0.33697134923433353,0.6364977233460347,0.7089704898948378,0.5231896487301261,0.7598481311501829,0.8128135379209965,0.8610348063911426,0.7876669891285324,0.7688645706220171,0.8804986487120485,0.8917570012121655,0.9637858841844718,0.8642170458280336,0.8113769718783183,0.7062968693226814,0.6530649504073203,0.5545741507991515,0.5658266137536295,0.5764736252115489,0.3922777901481002,0.37115330555402326,0.33074494073831445,0.1579818046412635,0.13790819324230458,0.13454828461491525,0.10699585096554991,0.1763239086671054,0.3563638134017932,0.6187753385863841,0.747749877712784,0.6013838530001713,0.9459568494265164,0.9006335170995494,0.7273480991320239,0.652447315280141,0.5778801835602049,0.9341709224924212,0.958391457410593,0.9417207231797498,0.9310101719853684,0.5130423741123014,0.7868536610121569,0.6458514910661122,0.7018125764734761,0.5227261621437974,0.6300382879072847,0.7411781995728307,0.40301508098728184,0.39392454237993235,0.3172343708413767,0.37004839109564724,0.19813064500219993,0.09219222982755165,0.09304017657128898,0.09961205702421949,0.0810307051132262,0.0569932078024523,0.021360165246171164,0.015514073964576002,0.004820564521436938,0.0015454540310383359,0.0005579255080210278,0.000176984328844589,0.0003286714400166162,0.0011857449577623318,0.013305529756368126,0.10877914035660105,0.0976980665807343,0.1985265558421917,0.1432648819203755,0.1559622465592576,0.06790236338816612,0.05661552735295727,0.052937628333973884,0.016176492243415816,0.011080639840337617,0.055836621434257154,0.06871339542773307,0.02899251928113834,0.013926376117966752,0.00742743365174237,0.03629793281200732,0.030554461566866902,0.013732345982136483,0.0189922465048225,0.017151503683951724,0.006007203040840486,0.0076502407510424955,0.0011377977923549222,0.0009200436818663683,0.00010350312738074979,0.0008611009236533438,0.0030460859469443073,0.0016644295589638158,0.007424289758401612,0.022190806957077567,0.030987686084172014,0.02005040762714269,0.005315142478528131,0.00307410590841773,0.0027666328586121846,0.0018601730152017159,0.000773956586348662,0.0011193246977510615,0.006507755257783698,0.003267241741018903,0.0011193755684161726,0.0029830642567245454,0.007061448687896665,0.007490927812036492,0.007692191225128756,0.00119450304506111,0.0006914786481292567,0.0011891973908886772,9.572459493544393e-05,0.00032559638533420047,0.00026266478676576627,5.501617875541501e-05,3.874991614772502e-05,8.497382692528593e-06,1.8626633251468323e-05,2.0332034519399164e-05,1.1846638951743016e-05,1.5661235606063794e-05,6.295252506888708e-05,0.00022114004257876705,0.001792731242692534,0.0013289034329890604,0.00406853752239379,0.0027676599160101597,0.006833526591297685,0.006499524304696051,0.002553732432348242,0.010060733440135281,0.02269658123346513,0.021194119541155885,0.016653644230024085,0.04266140298606683,0.10605183550734995,0.0812491967477826,0.09143884653816445,0.15492595335127238,0.27573585858381433,0.2646847533411377,0.3203849070021625,0.2265973441708459,0.17588448848858446,0.23506125221346932,0.393569328975995,0.46942981619554014,0.49975595548747703,0.48654003717947025,0.3157328621311683,0.3024580246138576,0.08474730198000929,0.08746151021593673,0.24406931302292098,0.2636962040856079,0.410998767060008,0.30526358917530544,0.24548606411709495,0.14449520221948003,0.08041836566965525,0.23725284060794327,0.08057234174043218,0.07824460619077223,0.17146964780486498,0.22890837465398203,0.06859785891892017,0.012130849163847521,0.004983737285611552,0.000594434160750332,0.0011117405053574366,9.76002983455517e-05,0.0007774206796221824,0.0015096485864164527,0.0008500857518156305,0.0004101722253492832,2.6254807571495363e-05,0.00023897990936649988,0.0039474001718824425,0.013007805829657212,0.024728734931113668,0.020149391890971584,0.03498892799429166,0.0250728219193161,0.014028396341688629,0.029126901275221738,0.004629204788149345,0.009427126649909004,0.006289788884364883,0.003144043521861178,0.002830125670715312,0.0008388304349101934,0.0027384790293628063,0.0023648378159663664,0.006568167245830518,0.002711102619975548,0.0014994906072641435,0.0036253564444245646,0.001313193864264043,0.006093257100574013,0.004277401274979933,0.002301761072742962,0.009874886713435754
-4.40000000000002,0.037843215781049995,0.018761735396673408,0.025378110848855245,0.028403715094348164,0.06668978558532308,0.2315460729195408,0.31678122907348816,0.1781201247503534,0.19922055608698308,0.19615275063735765,0.11044890782488716,0.1315668681133744,0.15570413945489736,0.2824966307729678,0.18159997567554706,0.280114120047023,0.2720863730634308,0.3381907009927304,0.4306289864374467,0.4847093448508241,0.6065265624326858,0.7192602830585614,0.9240101301183553,0.9713199086307862,0.42320053692338166,0.2552699987018563,0.19957126641351472,0.2058194630545035,0.12052489734530608,0.19347876528531155,0.23088316907491008,0.23561468841287578,0.15435401534857243,0.028217467628725783,0.008464131474093441,0.0017051215108440088,0.0003348648968284075,3.075765236146536e-05,1.2720798164600144e-06,5.523167522781434e-07,7.865147966825707e-08,1.1626842260525301e-09,1.0543362681682469e-11,5.231056883749654e-14,4.1477030306733686e-16,1.390975550413337e-17,4.811449724854035e-20,1.7622342650459495e-23,2.0274058005878454e-27,1.5275569384191337e-32,1.0127678695525478e-36,3.390622886082387e-45,3.723070750002279e-58,6.670662910910425e-69,1.1660329107852057e-85,4.6936710745429685e-116,0.0,2.1465831286393283e-133,2.566495441206298e-98,2.0128363232624582e-76,3.298878548949999e-54,1.2905415481693802e-45,5.954574672246332e-36,2.5985917746613217e-32,1.4282154897341687e-28,6.81004232722859e-26,2.6901806455596655e-23,7.830732747426432e-21,2.2661691101754287e-18,2.7906424379107466e-17,2.6683171408837157e-13,3.911774972594106e-11,1.255202617494195e-08,8.396556779054583e-07,1.399339533637641e-06,6.724568820845281e-06,1.4625162061237002e-05,9.55824117579587e-05,7.442303331705619e-05,0.00016381185109957803,0.0001164071033260731,0.0002625523868339816,0.0011268739776089617,0.0022364439142377544,0.0041723561887709575,0.018089426339558234,0.12282488275389969,0.4049841090740473,0.49657732536862964,0.39530013481454396,0.29726893383824704,0.603308312901097,0.6331988338919884,0.5348391067997749,0.40759017343726034,0.20072756727440288,0.5141221230799905,0.6447190961817424,0.5507591022005476,0.7906357225887543,0.829300323930559,0.8354147541047583,0.8478798760159206,0.8355705764908469,0.9683050907383987,0.9302033096680681,0.8396207508713229,0.5912237058911168,0.6563941487722824,0.5697490306080027,0.5207545539441956,0.5301039732507128,0.6004214195442633,0.5283610615181331,0.3471246254219205,0.2882463075221269,0.2884619222603367,0.17152174155230138,0.15714593352956766,0.14761427493898552,0.10455415379850762,0.1722381856611579,0.3251901135229756,0.5321311466676867,0.6220104303531606,0.506055935259156,0.9798665621374529,0.8290215487354843,0.6731792714260746,0.5983252019288898,0.5908539607983601,0.8031807269530471,0.6765072506237116,0.8751886668822849,0.9095746902380009,0.285072370752815,0.6371355552558388,0.43393029068961275,0.5442404083817661,0.3737786127558776,0.460065866888714,0.9818314937296257,0.5703732978598977,0.6137686351171726,0.49885799057861,0.448777143475381,0.23497709124006247,0.13133036962130393,0.141860140569393,0.14061438514679178,0.12116030268818723,0.1378604529735994,0.04731109883802649,0.040080173006833135,0.015412295583282018,0.0038580372124615643,0.0024213649570366132,0.0012395398360582149,0.0017832726212228564,0.00574240813981406,0.02842655060386805,0.14524924649649915,0.13233767280488673,0.21456506118590496,0.17599440002091235,0.14688202484309296,0.06568634010349941,0.05365181700560394,0.039262784228045744,0.00832660290245539,0.007888991619049088,0.05337807752657726,0.05897349127652571,0.03736398587510713,0.014815427391080892,0.0078105849180006535,0.039765421537857976,0.04724148217797729,0.03321653133196818,0.06009969354452739,0.04855967362554589,0.018553267912119212,0.012866774466831104,0.0015100218974065216,0.0015285971536762193,0.00018053941837654775,0.0011199723446195114,0.0038590435355657393,0.0019622111224607375,0.009629618915968073,0.02904207882340938,0.05056129533599131,0.041206159499340436,0.009915563431047056,0.008634647515689032,0.005853405250550461,0.005214734973455715,0.0028113953800757174,0.00428774016718261,0.02134368378141392,0.005123326234844403,0.0038452020202128347,0.006596048625699625,0.015176096224335807,0.013760743647964358,0.010827203201988144,0.0026605660383373624,0.0010014086265965369,0.0008369942754501829,0.000130175908174644,0.00037971598118735704,0.00022090372734412305,4.562664522169459e-05,5.402618578269213e-05,2.3181736230795953e-05,2.2564203577527526e-05,2.0420116562476892e-05,1.1749407943124631e-05,1.8534787818397926e-05,4.9757933708846715e-05,0.00010919082663712289,0.0006925780539880464,0.0006877460125842099,0.002198177965348857,0.0027380302522312964,0.005389859207990073,0.0027059272573427824,0.0005165824428644706,0.0027907016251262173,0.005746996000353641,0.005646949967082228,0.0046329869919978,0.015439931074572172,0.037912042821661184,0.02500849019374929,0.025867363034261185,0.05413762318187791,0.10170198083949238,0.11816616855235348,0.14587281947540062,0.07157202875804942,0.06499529518490246,0.09574122743199909,0.20196891364842606,0.2777442195597211,0.3726660306020766,0.34780950338137623,0.1960827669102159,0.16918932681649856,0.03238896423446769,0.03090059508563091,0.12462707863634355,0.11236250792604537,0.2041190513098072,0.1158407200199972,0.09980833457568895,0.052849783673864524,0.02943794413142107,0.09631042380094718,0.01720903629477547,0.02123460280593553,0.06452874932828982,0.11734260496910649,0.028163097951972138,0.007467026098262367,0.006344402061436424,0.0009737146499105556,0.0034662906623557756,0.0004196252950729489,0.003566832748140136,0.006443412937634522,0.003046803612580765,0.001306176081618778,0.00024983234338326953,0.0013327474750480938,0.011142725506957623,0.023758305827507913,0.05376711113217469,0.05572493706100557,0.07822579685691727,0.05836823641061735,0.033271297780452194,0.05221834147105339,0.008062178314016483,0.018675462006057717,0.012067307124120755,0.0063014970180022035,0.005345200539042902,0.0018058121862497484,0.004489436299371392,0.009071416521402604,0.012826884326662761,0.006265977646123271,0.0028228342678722983,0.005325693698804457,0.0019932078686433078,0.0072566281055029755,0.005542201439050894,0.004071034122650764,0.01034044730642337
-4.30000000000002,0.009934359664244823,0.003551582141328617,0.004798550194251513,0.0054391120013457025,0.013387093543096296,0.04983869834320547,0.0778732707102485,0.04288446656694653,0.053168678591156836,0.05715207853414584,0.029641472926421292,0.029466096613758215,0.0435081223242225,0.07671010412071935,0.05010927443564003,0.10417735963568282,0.0930140362502236,0.1099533612673894,0.12921878291367103,0.16964360877347232,0.22202074702378954,0.30337091133097577,0.43124835412638807,0.5367450097598537,0.9652223094494511,0.7573301410688476,0.5351485768406182,0.5567078761992621,0.3195765352696407,0.47994122802086586,0.5448827130236101,0.5916892379061448,0.4572485450980169,0.17283168208409366,0.07682577949623944,0.02090912419449016,0.0039379741310665165,0.0008720224231326351,9.908053472318765e-05,3.2204833698074727e-05,4.850904026227054e-06,1.9835874633264865e-07,4.511863811386437e-09,9.669944147504775e-11,3.1454113796736545e-12,2.0976926918352772e-13,2.5125608985004675e-15,9.365033654069295e-18,3.1274416227294765e-21,2.8127962152651932e-24,5.075260068121568e-28,3.628787046838254e-35,4.1471545764635306e-45,3.1824415427562763e-53,3.7144967683649135e-63,1.7293470665667222e-82,2.1465831286393283e-133,0.0,4.579578786846618e-135,6.864471643087073e-95,1.5923248743857847e-68,6.667636852774938e-56,2.29058819026475e-43,7.307791642055862e-39,5.133765730314278e-33,4.786526774736831e-30,1.0070099820998902e-26,1.720192961139652e-23,9.578138940202859e-21,2.496586509166756e-19,1.254092149736779e-15,2.3480659840271277e-13,2.345808188087142e-10,5.6257312521870934e-08,5.099632047434061e-08,3.4733975486487066e-07,1.3952886285486972e-06,1.664884703403004e-05,2.506663272120658e-05,5.7245875522256946e-05,2.9845311724526783e-05,8.098918882535832e-05,0.0005046007575003644,0.001692812797066951,0.00497258327595837,0.01794845932070803,0.1191816138903375,0.3603035404160886,0.35566828470423706,0.25331914197039307,0.18940705052909484,0.4451001450103405,0.5094402557117944,0.43294811143790424,0.30864430118792646,0.14334952037861523,0.3599956198178319,0.4885245013370524,0.5010966543159546,0.6775773310739828,0.6541081656198082,0.6063067805632498,0.5918732142934228,0.5630334496434884,0.6240387751773752,0.7071820678944781,0.7654694070243954,0.9686772351382841,0.9871714176365838,0.9841763308887017,0.9414416801988092,0.9427270307348952,0.8412960947321858,0.9288342403079786,0.888313306524713,0.8272621738925986,0.9164792504785827,0.6147346588142555,0.5892742752415764,0.5649226396950948,0.40414933226463806,0.5241654814247556,0.762804423878081,0.9668676997697232,0.8020625578346745,0.9597446830540121,0.5132999080322991,0.3942786921165385,0.3436716238213611,0.2842450090579059,0.25437306339964905,0.3963301378518562,0.28304672799695785,0.44294125303221527,0.4261790101210509,0.07591463471976798,0.2695623245159588,0.17239833995370518,0.30744307693772605,0.25787351280007864,0.34683928211902887,0.8571406630084575,0.7310791577845231,0.8510646824188219,0.7381498228054919,0.6976312827129202,0.4175814270565369,0.23403517577445876,0.2260186699940892,0.24196309104978328,0.16162088165825342,0.18514688740685148,0.06450448839341268,0.06586282142108446,0.026652215778709486,0.007384954049424605,0.005208184616079395,0.002743399110570667,0.0031151764248894737,0.008912538742784849,0.04342587623098489,0.15348039572574132,0.13655050569827182,0.17652908257439837,0.13338527493007124,0.11542761191293271,0.03310381367921561,0.03981376941078621,0.028611651839767514,0.005712501433371778,0.007524677760788133,0.03854688894014427,0.036826845609696506,0.024738116596266766,0.0080234260547002,0.004749104136243245,0.022542667585556925,0.027008432985616528,0.02084841703523283,0.04294801562079314,0.03740400452808719,0.013282934834399048,0.011962224225605382,0.0021788349147335967,0.0019360301101236878,0.00036034912535984895,0.0018538692073319643,0.004740972554410911,0.0017761203852839562,0.00984463956965273,0.01872450227048287,0.03686024558520413,0.03729510345498096,0.007449817009891625,0.006754613889519473,0.003984426461028207,0.005870222226315276,0.0030075704659706668,0.003844545191200802,0.025856492161887817,0.005518080169920785,0.0063590493882014765,0.010442455430538542,0.029438614625357643,0.034181465926693605,0.027730020691816036,0.010767761856857527,0.0040726695681675895,0.003564805843190084,0.0011397850787147575,0.0031548864124046703,0.0018785353588982826,0.00043083157254050894,0.00048492239568574105,0.00037980817091383043,0.00022710600994777435,0.00024874813015783766,0.00011205153773200512,0.00020838103796154208,0.0006593845325800239,0.0006616273442846116,0.003102495206496283,0.0032768099333154617,0.007285380786171486,0.006845463226090755,0.011814272157037977,0.004790944184874698,0.0007906909568589985,0.002774036473989747,0.0037693576073882266,0.0027655268986848274,0.0020485505888937347,0.005489334106460282,0.016508935803925505,0.008548608361233695,0.00747467188173029,0.02021944433510823,0.054798892368147646,0.07874346430185407,0.10191326773990657,0.04613485791579321,0.050646733302006613,0.08341004653762937,0.15451150237808206,0.2268172944869242,0.37748535903592645,0.29012853427105867,0.13043204525216057,0.08651789605048607,0.016886727026679905,0.017782609855072577,0.08481651592570816,0.08000161309582586,0.1461105478167183,0.06312183276417119,0.050758070862284774,0.02831654027123749,0.011569581240032056,0.0462250066994565,0.009451082834554075,0.013009124055189848,0.04665510955536329,0.08741393794567684,0.020061916778614856,0.006026243780724149,0.006769163167681063,0.0016743525353179857,0.007174868361075746,0.001004777601144075,0.006629038865370409,0.00981799978411562,0.004446084760301052,0.0009011429126343959,9.654465561608584e-05,0.00045531457247327295,0.0028049512877354158,0.008148134733676572,0.021012399007015004,0.01668022467184089,0.033704501064633116,0.02946729605274404,0.01663586187254976,0.02322470608700648,0.003567843441950654,0.013016069796726681,0.01073060861832451,0.007066512418611902,0.005400062153378757,0.0015027015526458457,0.0046401986416448856,0.008866022220983297,0.013662089697996998,0.008877215516432047,0.004348010662970959,0.0058916093520001165,0.002792239912487908,0.007982819611782372,0.0050872247678210546,0.0036478495875709423,0.008460659677841148
-4.200000000000021,0.009136714694715725,0.007998309785808937,0.010063669935483518,0.008163724335099829,0.017276714606475292,0.048360502508348044,0.10105425396094764,0.04596912967651596,0.054981103073384587,0.07421132966109754,0.041880434590828075,0.04005596394133302,0.04744183984849697,0.06988234449589083,0.03680766658648621,0.07630124933250529,0.06673213172508824,0.06296586644043796,0.0920186271154935,0.13302979101825232,0.16261559700351044,0.2107690661825327,0.34418568223539303,0.39182125348055424,0.8906003392012917,0.8381521500585862,0.6380126230721719,0.6838562050230229,0.5467558517166868,0.6256420890886433,0.5769454766643608,0.5652796574390156,0.45424146444840424,0.18596026237482136,0.10085957844657444,0.026315419035059198,0.007634420021700077,0.0027105806685670387,0.0003596991420686795,0.00021171961730080379,3.0468664799311318e-05,1.588418506847569e-06,6.746134758775202e-08,2.7421111035955346e-09,7.187936936246587e-11,1.1453153625333348e-11,1.5398731136600677e-13,1.1816402871870821e-15,3.767954071830687e-18,7.22032643157516e-21,2.5386820948333487e-24,2.681420713301343e-29,1.8497523809329664e-37,5.094844497648024e-44,2.0994168056787093e-51,2.931462920539263e-66,2.566495441206298e-98,4.579578786846618e-135,0.0,8.822708914519969e-139,1.488619615737595e-92,2.9298830486738866e-72,4.886896269496524e-54,1.3723547521463417e-48,7.000493186538083e-38,1.7208941880226133e-33,1.3467718050250463e-30,9.076598610186095e-27,3.037396319610261e-23,5.810300900358863e-21,2.6427513831798907e-16,6.092384657524215e-14,1.275453470057178e-10,1.4214314060434244e-08,6.245705067760482e-08,7.65008769860018e-07,2.9331636394540775e-06,1.8696913587565145e-05,2.055842816458753e-05,4.456836190645374e-05,3.2230154890249804e-05,6.338255263327371e-05,0.0002857208148265926,0.0008705332442809578,0.0027180281355708644,0.008967801509439988,0.055523850500709855,0.18967617475120846,0.18843434020333408,0.12086624282794327,0.07852405008717504,0.2394474179573954,0.31735420743467774,0.28820252751924136,0.18601986626182068,0.07952259548142268,0.27051812177043416,0.35815491547283546,0.3238993584241481,0.4995672930618942,0.5118488032720266,0.5263028492721955,0.5471753664596793,0.4721365657199435,0.5789029101845075,0.6226987337005394,0.6533247722384847,0.8866503812372499,0.8450042386981264,0.8568986208519375,0.7979562189826156,0.687329972152561,0.5112150389786028,0.691248024814694,0.9402469496670401,0.9542610717508873,0.9957385388700493,0.7521611249595076,0.7103841676543398,0.6948667167474689,0.4671528058360724,0.6307713566861378,0.9697675193811187,0.8002799544771664,0.643845880498064,0.644802067625771,0.3282272037575986,0.2159113738290918,0.21227883532105565,0.17833367764309324,0.10204477065773918,0.21228129116174205,0.17336097397137434,0.2751966457943312,0.2961363119517772,0.0707532295859042,0.26078439387252095,0.1492910730875144,0.23317959867449833,0.16122737392536238,0.24987670858285416,0.7512585234309802,0.8389803653250306,0.9858973935782906,0.8271737075924633,0.7393498973053476,0.5499651242178263,0.2618319395525321,0.2514849838435273,0.27131243331692295,0.17861644500891616,0.18239997983887773,0.06863658717820646,0.05584691999728625,0.021334980963557487,0.0043677187560810975,0.003538502633041544,0.0022020350183963545,0.0028841532045634777,0.008063935046837325,0.042642238993543,0.15827988747466137,0.13541096780994438,0.17369161924204948,0.12765340570201023,0.08308418065958985,0.01634438343631904,0.01870712935568542,0.011206699331086591,0.0025709080366248674,0.0029930716623162465,0.010352719973566807,0.008745416730573777,0.004906872617615675,0.0021128983373900024,0.0014847471654530107,0.005240738238680211,0.010433176130103708,0.008847593648934931,0.01837179104209178,0.017838939326098698,0.014492252321293482,0.012967471140782349,0.003955306432646467,0.0041910728915093886,0.0005632487115387071,0.0030735089775443245,0.006017307860595664,0.0026078573435180676,0.016234601395429576,0.022411567131875643,0.04218578531264058,0.04267935417255902,0.007635505829975929,0.006759473446305222,0.00270406300504663,0.0037586435872769813,0.002182585937638821,0.0038524948201277207,0.024919977387296583,0.00691037983448017,0.00742838926967057,0.01165918580063796,0.025643639589796298,0.024125816599598175,0.019822772156929926,0.006857499331178715,0.0015854324782650735,0.001075096200383435,0.00035562158389434344,0.0011785647813074356,0.0010062966950983446,0.0003211113140632958,0.00039505336404354685,0.0002983143226904257,0.00014535081532869568,8.63620823435178e-05,6.012303089758224e-05,0.00010982164669281625,0.0005224558810209759,0.0006769987334441235,0.005184957995119082,0.0076062418676294775,0.016617901442188675,0.019685116029962684,0.03937377132149647,0.02057298722126131,0.0062938314222412564,0.017961074131242497,0.024952968126489526,0.014443669205414005,0.008409025064580975,0.01131667264289768,0.03251768549847268,0.013991866916411235,0.011231879589788933,0.027706926829945293,0.06532352083549832,0.12817356848693606,0.16656382342036702,0.07051098396286219,0.07082232486612272,0.11733069248274093,0.2470865917086266,0.2844408850660775,0.5233570182434917,0.40533911229800723,0.2186798649162978,0.17011364056236722,0.04423975928174634,0.04874049860311827,0.2046734573519503,0.13051163732722226,0.15541266140916413,0.056047995655862035,0.043149139973402736,0.015914560461877423,0.009105122632534011,0.028166816224911868,0.005718759914025292,0.005027400107534763,0.026528732027965414,0.05994578590557073,0.013035164371557838,0.003720136780874067,0.0036468900448570246,0.0009459981368350658,0.0029468806732274797,0.0003638955474983536,0.003177071354693159,0.005180833260456738,0.0021130146357085915,0.0002169631872261398,1.046580655530007e-05,9.129513522882197e-05,0.0009520963823384464,0.004019218562272474,0.01285035429703141,0.007520901916653646,0.012208056652023413,0.012446280847666899,0.010755107593633519,0.014064766920485904,0.002446973973974453,0.007217904156908668,0.007053485370341056,0.0030907758387607484,0.001855821802708819,0.00022888763476020693,0.0009058384553085367,0.0020031363460575095,0.003988664616814342,0.0017615661006967456,0.000741656691101315,0.0010903433427478784,0.0003401411519999547,0.0007191061491425618,0.0003790651266479812,0.0004905184964148066,0.0024502611535008874
-4.100000000000021,0.020296698429752024,0.016045316488362566,0.011025706879709971,0.009510813285393152,0.013977979059290121,0.03245885134950873,0.07745834566130269,0.0448212998550503,0.03422101226638386,0.04976727795446354,0.020370510029133395,0.01832478389246331,0.02063763986478564,0.02568914775131505,0.01543558901736954,0.031467824572083886,0.028996553821538054,0.03321367011452177,0.05541766698900905,0.0862406345779703,0.1123142346982529,0.16245643916822974,0.18787226564090737,0.2129512396922464,0.4488145391360983,0.6981801544820202,0.8506517047289897,0.8318601495382979,0.9962938930585823,0.7689087443781357,0.9000809401883177,0.9148277332900998,0.9087189916891528,0.552220887492452,0.3465942748150899,0.09605991705191444,0.021935489459576192,0.014024218373714453,0.0025125611867002026,0.0016929247772725872,0.00015020882244753958,8.846679031883528e-06,3.1590058156019864e-07,1.2228741368664635e-08,8.984964509047003e-10,5.419159914089571e-11,1.84971665342144e-12,8.048445441022507e-14,5.458716226861384e-16,1.101530056570994e-17,2.4100084816394215e-21,2.500574932184697e-25,8.959559182504802e-32,2.301329175138637e-37,4.554108536136095e-42,1.8379185478643189e-53,2.0128363232624582e-76,6.864471643087073e-95,8.822708914519969e-139,0.0,6.021865871295288e-126,4.824635551020894e-98,7.752745012725971e-69,3.341248800747636e-57,1.992546838336288e-45,7.263777230493695e-39,6.939346447391284e-36,3.7291370055163374e-31,2.2039555148762458e-26,1.1967220606126395e-23,4.005145481155784e-18,1.2188372667410848e-15,2.975144382814366e-12,8.536387691304703e-10,4.1192450706153425e-09,9.009517245714498e-08,3.806105621810263e-07,1.981755167399757e-06,3.5617420997084372e-06,5.788370360787104e-06,5.291679115445618e-06,1.223463791185476e-05,4.255776900589189e-05,0.0003021301855746397,0.0013945411576585908,0.007066223025931849,0.04900594853039502,0.18828259937492473,0.20799332833218326,0.12042126065816053,0.07229782123938751,0.22508710004668744,0.3073083167159164,0.23475227369371696,0.18918662840540038,0.096425954900703,0.36289436099613925,0.3854666639996772,0.3318067956703577,0.4196121038634418,0.5888165472285646,0.4910876939130402,0.4084339292169608,0.42855286460000325,0.5236527178507876,0.6848950152264804,0.658717566082844,0.7316847102320273,0.8685046162087697,0.8299116940824854,0.9022958887267647,0.7982450013430287,0.5900338668887596,0.8774144403795584,0.961736799657889,0.8327588966711269,0.9189055040501264,0.7900966137872637,0.7348606034950738,0.8183068130638412,0.5396113922985539,0.7703420186978549,0.8230722506438887,0.7041729678373365,0.5825332992854755,0.5995466215239796,0.2549076566211263,0.1084173891587794,0.13789436732537258,0.1116328266431552,0.06858279965000172,0.17880751679203954,0.12451588421040427,0.21483520616355947,0.2067488818059633,0.04667108417823183,0.15897352232353054,0.05987078404687012,0.1017172428098896,0.08868008796266041,0.1260215409232209,0.5136766157288546,0.9425515964528399,0.8480540103135698,0.8382623337284869,0.8006539320096978,0.6704769439093797,0.34088470751378824,0.4354773261848451,0.49122775144385905,0.33274619514869297,0.30601815157583956,0.14294607252927455,0.11645011877893693,0.04623416067566922,0.009051715603453366,0.005423386402524963,0.0038183139662204568,0.004946097824992413,0.010691832111363108,0.060346207618518465,0.1941196809694447,0.21438628370302396,0.2465966511768649,0.18397868374221857,0.11897534410425295,0.028194932150219794,0.031191015432417327,0.015297961911036368,0.0022552148764853567,0.0029952210982889297,0.008054459183091002,0.007908862372151956,0.004589153746109166,0.0019305565037637405,0.0028655998564064023,0.007750410823164007,0.017089524276740466,0.009286149167482688,0.02130347505378663,0.01910371362919166,0.014196274537559157,0.010410118176634685,0.004078263379566289,0.00468918488453509,0.0008305987509610957,0.0033769224459716694,0.0060081011349703,0.0028441512042125124,0.021543741599832352,0.020265294696461877,0.030933317312902452,0.03362244131486532,0.0060627629931334324,0.005580378297800959,0.0028132160750770356,0.003358879552875942,0.0020818188084456824,0.003843409537657129,0.022112029306038776,0.005578123043628292,0.006865677057572678,0.010300421350525477,0.019943474990043654,0.022269397626300542,0.014913873978055731,0.009602409406849276,0.0023645614719610734,0.0012632087071446898,0.0005759965193766793,0.0009654640159729971,0.0007737053855488105,0.00019808253511656844,0.00015741990633395028,0.00016978998338487258,0.00015841790246000958,7.816761547742715e-05,4.483577213817459e-05,5.0055753441932936e-05,0.00017262215226771289,0.00016456717181742968,0.001847806709020136,0.0037409671019310907,0.008844664272234721,0.011977258301520745,0.027712861533168532,0.01596124578674328,0.00442839127625409,0.01565899134060913,0.016415155319221483,0.013184166090231658,0.008643518248999104,0.01419919541289734,0.041698870727884356,0.021018429203052278,0.01736444501978031,0.042331788987069366,0.08974006052903076,0.1447400092958686,0.17168900241194537,0.057170171364376146,0.0543099544700916,0.08278709371068861,0.21546962458491736,0.2030905360135941,0.3810257407497484,0.30333508696450967,0.14504305026475464,0.12715444400211173,0.02513853770391191,0.028847736719690747,0.1801170879770086,0.1129793025957604,0.11168941932335662,0.04692192276768505,0.029452689813001788,0.008130795396574379,0.004932092098821378,0.014476628325044982,0.001958650747597647,0.0021147096667822173,0.01636031423953608,0.037491330545277333,0.005807248212733919,0.0017580548422483546,0.0028271304132632485,0.001163125601440703,0.004538126797413054,0.0005133809072153221,0.006453979831645025,0.008555331058337619,0.0032976267860164343,0.0002883095682687294,1.0859461000557344e-05,0.00010113639517673671,0.0005625652010478012,0.0027389740072737722,0.007628529511702128,0.003539656395940755,0.006893607442293553,0.00707339146851753,0.010220179394704978,0.01714158740736058,0.003128479647047681,0.011672685156846663,0.011677881394614233,0.009084362152833095,0.007174464458260101,0.0006110318397904493,0.004224012547070499,0.008404884892859388,0.017320307056714637,0.012676640396336343,0.007712179533513338,0.012533811757026692,0.005419236311517218,0.0155595499866574,0.00906802685357682,0.009403068754449533,0.03779485464651498
-4.000000000000021,0.022597431760328905,0.012235886573834565,0.005103809998241644,0.0033780063700361994,0.005768720034433175,0.015487567248143768,0.050444877151675206,0.027086785531497765,0.024831411385178196,0.022902306505037797,0.00921872513286398,0.008379523489477717,0.009560869641754422,0.01344282000757415,0.004126922791639898,0.014400568383692653,0.01472635176962006,0.013680391197999223,0.02558755375403434,0.04403890513384883,0.09090088820048205,0.11267574855047681,0.1393960417952454,0.16593145151734207,0.2927387624303972,0.40599550342610763,0.6536511648342977,0.6247699415008192,0.8136503452810272,0.6206302088716069,0.6924066131569322,0.5972575634378633,0.593411866956502,0.9590695675580649,0.6094946559180378,0.24288396267209517,0.050614471442456066,0.02312003847926039,0.006489367835238647,0.004597948839654357,0.0007449641395176928,8.766885629309214e-05,3.821031753129887e-06,4.793409996729828e-07,1.430008654995826e-08,4.00363113862627e-09,2.4440834771116475e-10,5.048427511332624e-12,2.0638599457415624e-13,4.945489755370986e-15,1.8082899953068386e-17,2.004380360937041e-21,2.987873887764688e-26,5.432817073413901e-29,6.05981675821962e-33,1.23052949239974e-41,3.298878548949999e-54,1.5923248743857847e-68,1.488619615737595e-92,6.021865871295288e-126,0.0,6.3913541736544e-129,5.7513034458795614e-86,3.8531661957420947e-66,2.3318237589196713e-49,2.000907862835415e-43,6.624166590024441e-38,1.7181402856184583e-32,3.451208145060034e-28,1.2984638683783012e-23,2.995727005097559e-19,5.454437467370887e-16,8.115354720108622e-12,2.467814074326586e-09,8.134721222604676e-09,1.123576059084475e-07,3.316201731377549e-07,3.114535905367146e-06,2.173399654597496e-06,6.776586883133284e-06,1.4881143364743842e-05,3.400263038346211e-05,0.00015226542447105326,0.0009765854948006853,0.005669792100683985,0.02484852199520288,0.10980772618988839,0.2534584798962433,0.26193091009674013,0.17617640007766114,0.06424993535610501,0.16679000165403413,0.1489870155409401,0.08966091673690478,0.05999938170768965,0.029389861995737305,0.12236972061578691,0.1589656079347061,0.1323364159121026,0.1788812294761981,0.1876987126676632,0.11708770942921436,0.10987984849405986,0.08903869474557606,0.1366192472284818,0.17111338328207976,0.17878660116040776,0.3611291464721732,0.40546003599465186,0.4283886731546395,0.4474632214301487,0.3813287148785395,0.31907646714408944,0.48113370011258155,0.661589630450121,0.6592929943942141,0.5408450913186744,0.7175202544374961,0.7797681469879932,0.7222483752018677,0.9384880152514471,0.8015811180603619,0.42209778465024844,0.3499745948556849,0.3147919035569993,0.33544261146910803,0.10598888168630835,0.054683556424199774,0.07141855861280397,0.09489490957941427,0.03213615886993124,0.11426438375799687,0.1153550898918748,0.22351097418623814,0.22625479210047247,0.04590421373385907,0.27953673260254436,0.08114235822863027,0.1434624881987158,0.14868014525429155,0.15870847125307794,0.5211592913745082,0.9192561641340747,0.758408033652867,0.8781693924490002,0.8723890948171593,0.7064964294701096,0.36326074998389385,0.5362710267630367,0.518988372714454,0.4267369246355595,0.3103944242549975,0.11263078686104416,0.09313184411690623,0.0325647269517583,0.008737233715185668,0.00369904472958387,0.0018390237215064153,0.003694584405655678,0.010136209691660252,0.08471899203270596,0.28441630528521655,0.2950517274511526,0.3300163082437121,0.22541762750351174,0.1020964535847738,0.027975508086475847,0.026791716041217863,0.016519012921312217,0.0030366670749747116,0.0021510118756470947,0.00756447470792648,0.0057537441905020385,0.00415319311404164,0.0032686894314921332,0.002915215382790214,0.006159323671092608,0.013000863125526344,0.007406182995109577,0.019066027730838205,0.014385806104587678,0.013499076918554264,0.010202174040407793,0.004035278572806079,0.003157733598519435,0.0011485431227162893,0.0037216086619729282,0.004334164419050942,0.003875234338726612,0.011966127456606851,0.014330354158184344,0.010476834082306704,0.014554430713116987,0.0016399767436727447,0.0015134919206241952,0.0015175946559189948,0.0009526841097488577,0.000840552751430633,0.001889382777702411,0.01739808142188913,0.009667004225729256,0.003080097248583955,0.004998047071756864,0.006484962729180694,0.012214950481523443,0.01119851428439155,0.007640027910452257,0.0018392079414126848,0.001343480498315896,0.0006441795660931502,0.0014009327895008626,0.0004913914772196498,9.52014317727741e-05,8.645134443150508e-05,0.00011019696464104609,8.894524380899582e-05,4.8212047389703956e-05,2.4067475048847775e-05,3.208191623038287e-05,7.592313098859113e-05,9.759693447441383e-05,0.0006451786695057972,0.0013451656436753053,0.003432478354508967,0.00399219995444441,0.015056872741121769,0.014179818020256073,0.007010393403019437,0.022231917642320576,0.04849404149526031,0.04907282686120616,0.03381236586978872,0.017331198932036544,0.06551643272037104,0.03981385720066574,0.026748645732886888,0.07283954875038544,0.10674422400976222,0.17586884474690614,0.24494068203408179,0.12164519791174112,0.11413825995636535,0.18334811721567104,0.4486898733632888,0.4044900647495482,0.6774257295132292,0.5548467544791664,0.279344398439652,0.28844570133298375,0.07335374672660488,0.07748372346145942,0.39931737539304757,0.21030254103699808,0.25489319310376296,0.10270669915918419,0.0468720253365327,0.014735109833232028,0.010578548070137767,0.018787686937094254,0.004564997564628439,0.005255568057881338,0.03282909828675554,0.06095265341423622,0.014855222491349076,0.006605767241998034,0.00867552114793301,0.005845461132708385,0.015518214412906059,0.0021799045566754777,0.01658946832523714,0.02183133622425504,0.010922503370464237,0.000796809614901705,2.161562858857583e-05,0.00010360743805470693,0.0005827157625671965,0.0013552364933974114,0.006918601428797362,0.0022508117985064716,0.005570531908816598,0.005921021511317865,0.007876509513309067,0.010590669833804878,0.0014766766661390054,0.0080329613556985,0.008516155687262777,0.0035003342960197035,0.003029533067884758,0.0001245506444705276,0.0024237931688743993,0.006469963612033772,0.013479797136318295,0.00598177266206696,0.0020346895811837566,0.004644519284607882,0.0019402943002176348,0.006055320332958398,0.003850276361813966,0.0036859095956129433,0.022252496545591683
-3.9000000000000217,0.0282685393709568,0.016345342470944366,0.0061441494066213145,0.003908275204298756,0.0066049338339009235,0.013292120500990188,0.039570129375932885,0.013468599059028223,0.012517629756337502,0.01024381592065819,0.003939457728188484,0.0022057027982057536,0.0023082055234910238,0.004397615857030193,0.0011196009777342474,0.003985522980323517,0.005813440326203625,0.007441105763802682,0.013837030488119842,0.03665254124634957,0.09147721452720321,0.11682049198110896,0.12787221523743525,0.15986251060758525,0.29610870498101594,0.33928889856886746,0.5425248904876204,0.4871962629761477,0.6390080162645123,0.5002985531743375,0.6104988096986668,0.5653165743583892,0.6033986071438125,0.8812000008403871,0.46116548490517656,0.1450601029760789,0.02342973111993765,0.013027297166828293,0.004787187287584973,0.003779897638102096,0.0005334666174284499,5.8830296031570585e-05,2.833663026254339e-06,2.7405477188325884e-07,7.33028966907597e-09,1.7206620686633558e-09,1.4434770099840955e-10,4.231657517732079e-12,3.575497950021782e-13,2.3168256676643617e-14,9.836326014608215e-17,1.6084312482408881e-19,1.0199526101568221e-23,1.6155270205490012e-26,2.0585411813851104e-29,3.126148934356539e-35,1.2905415481693802e-45,6.667636852774938e-56,2.9298830486738866e-72,4.824635551020894e-98,6.3913541736544e-129,0.0,1.205672940548645e-126,1.6543246701122667e-89,3.699840027192098e-68,4.4489938197025695e-55,9.908193725467296e-49,2.0234904575635684e-40,1.7762471120467822e-33,2.4192159570984336e-28,1.8936511332901113e-23,4.7191335563389084e-20,3.893526475157013e-15,5.915990011513938e-12,3.029983252253109e-11,5.980080390805951e-10,2.638345339010733e-09,8.794497339899985e-08,1.0588010889418309e-07,3.515101818462181e-07,8.896033806847713e-07,3.562144003907081e-06,2.0181827970313522e-05,0.00011232050421844172,0.0014323254330317833,0.013506891905299826,0.08906307477316108,0.23876288797298273,0.19724335049635136,0.08599381782845698,0.02479100258071043,0.07311075521164492,0.06593585944079898,0.04489985605470475,0.03111397065105984,0.021781788782060836,0.10350896490947809,0.15630502629124066,0.12298706669350364,0.1569698744287216,0.21615612848421656,0.12713899429285447,0.11101863987574322,0.0998550921929521,0.18626676649338933,0.17871026958017938,0.19624213501809612,0.3720730431823829,0.4637008819395698,0.4846479854772183,0.5147364600573647,0.5015452909826245,0.4791167216078111,0.756420410968482,0.9761521152504418,0.9957653835165943,0.8118734282554538,0.9597715506374125,0.9193020010166307,0.9953786502250455,0.7161468634353431,0.9413151394743604,0.6626125169144395,0.6088179251363087,0.587934666461266,0.5113391577641164,0.13929188134243925,0.0645507989096986,0.07646399447256405,0.1188401813460869,0.04763582100320826,0.14909056159422765,0.17467746839049406,0.4183254817432738,0.45140625615266533,0.13065074385041045,0.5250049644375278,0.2213382734456579,0.35467967923720156,0.45126027720711637,0.4715836217283775,0.9749806757098439,0.6422486698601579,0.8002229872281866,0.6006837768283094,0.6447497638940493,0.445166106734222,0.25470027709095705,0.31925318091165344,0.2910191248331186,0.19961286801514674,0.14633548722344134,0.04399556286178321,0.027009495687181518,0.011915070180634039,0.003959389118728998,0.0015548488524929334,0.0014216572371382322,0.003327851051059285,0.01091162263369738,0.10476867275064285,0.2927693300156579,0.4233000572125927,0.5303779005818807,0.44720894261244043,0.2298085995974009,0.11001577487846889,0.1187245406522101,0.08050441854035345,0.015297738936084325,0.012185345722245767,0.02762103803229129,0.014639763812965534,0.009823311799882474,0.007467588334734371,0.006020546326225224,0.014962129750559805,0.02707173959497812,0.016212296276940104,0.04204922371739967,0.02922377656550532,0.03591242085771599,0.033898451259985134,0.010861884121789624,0.009457100671984789,0.0029248591177845145,0.007529730592277416,0.013695719015719567,0.007831758225925214,0.03345967735723635,0.03383640657967098,0.03606072003493958,0.04591686014809221,0.007668981630134867,0.008173516147389558,0.005667067490897585,0.00368120498013252,0.0036496833207807717,0.007983402053558101,0.05149207205758428,0.01726258237666639,0.009961572811074544,0.015445123265943122,0.015000936925492005,0.023144199861856538,0.02162556382253428,0.017049578542722425,0.004052069743867743,0.002348883758464029,0.0014510331625118725,0.001986316232519688,0.0005979487066845751,9.878884143593856e-05,5.8640586931391266e-05,7.902031390788154e-05,3.3283493842092755e-05,2.6302996521581138e-05,1.3973038712695965e-05,1.4240885193875372e-05,2.3644884209735228e-05,2.707369984624462e-05,0.00010753918248358627,0.0003665348698182632,0.000715964460991642,0.001333845951561783,0.006243426941978282,0.004635913723655345,0.0020435397320388965,0.005331883223913954,0.018453424226961286,0.02241190500863785,0.008886896720825427,0.002597197997069509,0.015559435049310483,0.009127569505926072,0.006292881398250232,0.019443355714832366,0.024843957355805087,0.04892555039711603,0.06468476766650695,0.03583245349725063,0.03653734129903596,0.07651835877747579,0.27890368758341577,0.2489571765856504,0.42552227903256584,0.3823787809202489,0.2376931827763376,0.2734976495661703,0.05939203715543207,0.0678242468295167,0.3877808608668282,0.1574338537988578,0.23112143593613899,0.11749649899371445,0.05310008942222211,0.010129867325657151,0.008201813290234535,0.020033667756859934,0.004075356694023642,0.0033148078557134063,0.01998153417621911,0.0389530854864321,0.01136539008721377,0.0034843733537358065,0.002937106933591407,0.002017985607610594,0.006334990173413144,0.0008819410467092179,0.010743548964177662,0.01873654756293934,0.007411012448339238,0.0014429492495560165,9.986917645413634e-05,0.00037938471049579384,0.001027642589881802,0.0018282806066439359,0.007665293328779949,0.0030889694800150078,0.00744226804043171,0.005775294865356608,0.009348078561715822,0.008564718617604472,0.0013351753630331566,0.0061556777159924095,0.006234248684186824,0.0027339227032164765,0.002102468957042181,0.00011528010038122283,0.0030285013220202463,0.008957737062398148,0.017640236261326433,0.00786846786332586,0.003202861339867703,0.007485461133931571,0.004627387608770607,0.014291902790268315,0.00857568790831217,0.009833281948432063,0.03504356018887056
-3.800000000000022,0.030975588726991226,0.018603093476608875,0.004889618569206555,0.0032414949596480743,0.003722411859467986,0.006019036648706415,0.012530630028863132,0.004552843277757731,0.0030547126076835157,0.003177810950218011,0.0007732637579522065,0.00026209548927431714,0.0005167075884030083,0.0006343500333443002,0.00029867869620863586,0.0008694817424836871,0.0013740527809331898,0.0036072417550189104,0.004242702327344795,0.010478734671655623,0.029803723607010838,0.03689959052087618,0.03523259741227026,0.04789331701382462,0.0643173465889076,0.09152156636356244,0.1544711579832382,0.14151479085831367,0.23145466925052066,0.18581513487469145,0.3208112080002683,0.3175208499060908,0.3649497381840803,0.9042968169067185,0.7183681617271487,0.17528970092844243,0.030654056101781964,0.020032524052289908,0.004768838400482801,0.004835848797010893,0.0010102512073080455,0.0001979495544748322,1.1388511755196406e-05,1.031518250527675e-06,4.1629538595134184e-08,7.833994869615214e-09,8.410537037663644e-10,2.932996287986031e-10,4.153809418129909e-12,1.1707004469262059e-11,3.770011488178154e-14,3.2779119467599716e-16,8.287324654575463e-19,2.175416289830327e-22,7.843582554467382e-24,1.3275212812605793e-28,5.954574672246332e-36,2.29058819026475e-43,4.886896269496524e-54,7.752745012725971e-69,5.7513034458795614e-86,1.205672940548645e-126,0.0,9.407426634792952e-126,7.098498509565177e-92,3.705295873404282e-71,1.1066458887805823e-59,3.52743953272647e-49,3.7768860243266835e-40,1.0038579296336713e-34,4.841229744321558e-29,6.334479323891914e-24,7.094928332726964e-19,2.014664411113853e-14,1.6385323672529063e-13,2.581154160167545e-11,2.565254243970906e-10,6.914721798596852e-09,4.390803198515811e-08,1.4682895031499226e-07,9.142704642798703e-07,4.904363163483537e-06,2.930172885680329e-05,0.00020743427965638428,0.0021141631465192916,0.016352833897586714,0.07616084090514605,0.18956505662415132,0.151258977249534,0.054856081277417854,0.014745695867478677,0.03173123707847783,0.043114799125106566,0.021372128638154884,0.01589056379407573,0.013547195614686109,0.06452040890782479,0.07297833580209491,0.08472030994643856,0.0846154489488824,0.17295520283063306,0.0872322900982016,0.03749770469769054,0.05367363476452084,0.052656094711984645,0.07270606626020422,0.10291884092856726,0.14253455956151717,0.2793665096062983,0.22326938606051258,0.3463684073861443,0.3660323538664275,0.35270441096146476,0.654927617984571,0.7670894421064642,0.829561153018038,0.6518686530824663,0.8100003687570206,0.988585950306213,0.9278827851081866,0.6849114063283296,0.8915949151850509,0.7150526622286872,0.6257715887042715,0.5607593474040327,0.5460119263430275,0.14417436491691665,0.06678855400592286,0.0809208853836796,0.11651529926854072,0.07289141126045982,0.14000419191857616,0.11706439106892487,0.41744429211703393,0.4155451823708262,0.14886747284984414,0.6753557367781987,0.3460935070820639,0.4680106914215195,0.6795414612188116,0.7040387179802646,0.8426257590522404,0.4313082653819475,0.6699901350316332,0.4613223779904961,0.5126607081258956,0.315330285676007,0.138052555586634,0.14805050395190342,0.16357544070854507,0.08937782513514611,0.0434689763008095,0.009632224446430127,0.004771022000397207,0.0018577710280211126,0.00045329083010188265,0.00011558217431101002,0.00012555356194913974,0.0002645109639647387,0.0009281599550516475,0.03259835563804137,0.10566342165494184,0.18276615358851672,0.1885983879298028,0.21794616992842852,0.10868189748812042,0.06333599412632973,0.09895477730047714,0.06559322119668828,0.01117633590099909,0.010907394826946377,0.030406966762655724,0.011616412131806433,0.0070230417708738125,0.003770901024421598,0.004768150242182479,0.01762301206767451,0.032873358819349226,0.01659744881439378,0.04974915734069389,0.0423718300466648,0.04372373869233646,0.046523987289358755,0.014982841194464318,0.01569736904709722,0.004178151228262577,0.00861652167764713,0.012963538893385713,0.006684796834162393,0.031104788393632624,0.03142097923572134,0.04038460742868386,0.05395298269992476,0.010946067014698841,0.01363420904554356,0.009921255438284185,0.008494598672204397,0.014050609796940157,0.026294557704873205,0.1171541550971888,0.043233477362170515,0.03448325547491031,0.05617759958412333,0.03568676160122077,0.04611707563452914,0.05363578763972385,0.03592919526091373,0.01314108251687369,0.006674566410463696,0.004594791201671933,0.008084150033407093,0.0025895836671476703,0.0004298891635981222,0.00026905188231630094,0.00039199587113636353,0.00021398175672564232,0.0001792785728382383,7.429097882181636e-05,4.755552317151546e-05,6.342297393276911e-05,4.195989702618883e-05,0.00015034162584202254,0.000406084151424114,0.0006015651653996672,0.001017013920368121,0.005268095450383753,0.00355304492737173,0.001803651807462355,0.004466089997160564,0.01265839503920958,0.017860240538619912,0.007792670798457438,0.0021426250684317095,0.012367689294179172,0.012869201042115927,0.00633465622387429,0.023891002406964987,0.027512932837235615,0.052132319891911034,0.06967598726411693,0.052935394567819295,0.08506124745368035,0.1974432653972803,0.5651703735512515,0.5332072082334366,0.7235875047582397,0.6421100498221926,0.5033563690839895,0.5437248227626991,0.15766553914691137,0.16648211855064868,0.5833121142729736,0.23018952083736774,0.29988554109081456,0.14980428647602806,0.04051765434457566,0.009031673106963577,0.007278872349346676,0.017283916602685072,0.0029954962486128506,0.002053589748277363,0.009667519224082398,0.023520010187157034,0.009955792995098276,0.003053333325354044,0.0023654165497637753,0.002672445875241335,0.0069215406742292734,0.0011729946465851714,0.012864546361710702,0.02214173428720091,0.010661162437598562,0.003787641503770901,0.0004270182740020267,0.0016502095376317487,0.003949218090470944,0.007769885017807745,0.019406138523727592,0.00824627528127518,0.013084534158159463,0.00859136866233913,0.013743787087049068,0.012766645518132625,0.002083943688756466,0.00735367357188529,0.008516917747494366,0.0029602191974990584,0.0024174734692768633,0.0001378067057413404,0.0033433908810618085,0.016801438251741702,0.03430157753697123,0.020956723143543503,0.01199822654600668,0.03465295883848999,0.04843207344383829,0.07276128915170568,0.07936888487781414,0.08996765328723394,0.23880373714143452
-3.7000000000000224,0.02301854609746973,0.01881793953728596,0.009453782773203962,0.004421066743728725,0.006196209754599781,0.008768309650705523,0.014471968815861453,0.0025028861851555235,0.003312771218748731,0.00405794837315897,0.0031529536554649774,0.0011234898989589076,0.001124306314394233,0.0014004678326446126,0.0011259995222606236,0.005408018691496218,0.006151376086316474,0.007954227521553068,0.009340974528384869,0.021942187838132114,0.0320258042048497,0.035924791121474835,0.04341136233240731,0.044908788076146115,0.09394863622558801,0.08453207981642524,0.08872597002714688,0.08320140880127692,0.12660441094125072,0.16998499735811298,0.26184083788709134,0.3891979847586563,0.6936569295553418,0.7101764690100025,0.301849291477275,0.06479417402497886,0.015081091144087469,0.008275943378611511,0.002266145813763666,0.0038901890187031875,0.0015778249103663297,0.00025303889538858974,1.9796721952179745e-05,3.0362883104486947e-06,6.795077906587135e-08,2.678348883591817e-08,7.025151426251333e-09,9.675641511010682e-10,1.3206816438700114e-10,5.485540066218288e-11,5.627045165283119e-13,1.2338258506435993e-14,2.6718195194782993e-17,1.6427435266640875e-20,2.0918436289545732e-22,2.328081048556718e-26,2.5985917746613217e-32,7.307791642055862e-39,1.3723547521463417e-48,3.341248800747636e-57,3.8531661957420947e-66,1.6543246701122667e-89,9.407426634792952e-126,0.0,4.487174794479663e-130,5.3738714007661797e-95,2.3271298655494833e-75,3.9301838300176604e-59,1.4546128091165907e-48,1.8233403428145484e-39,9.798901317403435e-34,6.8220780892042085e-28,2.224486655497544e-22,2.4328404846945085e-18,1.070254703020378e-15,5.618001722117593e-13,2.9793639083892603e-12,3.019428725311371e-10,2.513531954295496e-09,2.780655814539428e-08,1.46935730424758e-07,1.0761290265463951e-06,6.4612640327901516e-06,4.1706406777987505e-05,0.00034347683353830305,0.003738708415705994,0.02327044136277687,0.0895913502864923,0.06972312732405292,0.01699607335335277,0.007894990441347739,0.01858942420605148,0.027006405804970154,0.017109750381915315,0.01259969880776418,0.01947421383327142,0.0656637790283086,0.10406333531846176,0.06924662498261537,0.12471621079501603,0.18416496089049927,0.09015698889476231,0.08951996527530207,0.06937510972055023,0.11482440984047515,0.09471828588130606,0.10460717489385198,0.16543646206124346,0.1832768472636174,0.2198850051439652,0.2850290513905783,0.3080539205626592,0.3389469699537979,0.5808356284502332,0.7529963651128267,0.7761584691692711,0.6127101953914246,0.8414649643219871,0.9495215813131044,0.9960354845610866,0.631463521743661,0.7390318589229662,0.9523612302170109,0.7965193077614892,0.7576425831505199,0.6483519790113825,0.21045795620325142,0.11526847302209577,0.1202667500123271,0.19896808327391446,0.08951554181869883,0.1370139192500098,0.17685705801653429,0.3398223636766212,0.34119385403562397,0.11919949859538999,0.4584047663741474,0.29871904023349555,0.4703126095874379,0.5385367180635459,0.816830006837063,0.635170404362094,0.33992122397532015,0.4078342567656036,0.27042315656815064,0.2620776410960287,0.15818552635318672,0.06437256756572567,0.04559309704213593,0.040993983669015716,0.025778261805597332,0.01296537245035874,0.002013122383564436,0.0008363371492654502,0.00044712659975705733,0.00025253265269992576,5.8557405803773284e-05,5.683003415824136e-05,0.00011134008233542605,0.00022779150399608627,0.006503129370700847,0.02007918040224062,0.02519852281515393,0.02892529650157713,0.0370608409842026,0.010395109642320736,0.004178921991038566,0.005884640575297945,0.002958630772983914,0.0005894976533475931,0.00040088700574003,0.0015598669710469156,0.00042419889479205407,0.0005488506248928019,0.0003948859967615462,0.00018630687029698873,0.0016363773705697802,0.00388741508342349,0.0019528815507817438,0.004838065153940221,0.004690022642162987,0.01472202606380407,0.01652106194159407,0.007587908310340165,0.012098690992095778,0.001684833795716617,0.005988158524200639,0.009259131631731412,0.004451961359205355,0.028184789549682312,0.022662919006650323,0.03534174192103462,0.03721584201374504,0.009264672946308828,0.01057998981730746,0.010066943796919888,0.00914123022006219,0.008966386222861153,0.016279371296001703,0.07740756656553495,0.034300137941400084,0.02304046547598802,0.026336936521130776,0.02046255855935344,0.01931740663671054,0.03380505977915903,0.017917034817177678,0.0054464266512905465,0.0028550260649395057,0.0018234116340336288,0.004966831774169763,0.0014533358573668182,0.0004401699607954389,0.0002823745936089117,0.000415976363561612,0.00019116194016388204,0.00019901009530904468,9.422285226643487e-05,5.391156213289147e-05,5.867757314883256e-05,4.846581446956433e-05,0.0003513071546476897,0.0007340491320541958,0.0011070846744566038,0.0030417360633430376,0.0066052600591640824,0.0028427238581241253,0.002689558642420874,0.008357448024567091,0.018280106765005504,0.025115236185386167,0.00868267156849958,0.009443897900712766,0.04393492827954646,0.04655627174712955,0.042313579224552526,0.10557066630205074,0.16240197029352393,0.24405911919018952,0.3295840927588943,0.2458473526522758,0.4107802341260919,0.6114834527775568,0.9266073544663226,0.9074679592131231,0.7048823263064689,0.9568652131555418,0.9837062312295008,0.9446117155037229,0.49542659361678354,0.4648282053695543,0.9692831528490821,0.5530195827119812,0.7509429187246739,0.4354248849967017,0.15078730639319396,0.05949851899760729,0.04854628139144458,0.10846586982150278,0.021727376360363444,0.00758506301666914,0.03973255176267017,0.06995117167395956,0.024062250429768933,0.012855869130372254,0.011397985445199082,0.0030697121596540288,0.00801989857463929,0.0013805126764347528,0.02063746809137459,0.041843764421474465,0.01346215247535215,0.004502165005525923,0.0004536116583519984,0.0017598114829265891,0.006401853261516907,0.01091187315136138,0.02278819915253327,0.007217841553545462,0.015125193012517258,0.011298854418934263,0.014822291721127685,0.012338218079930461,0.0021944553266814697,0.0078544894205725,0.01297325371229766,0.003772669114495941,0.002209581483719284,8.172457949395931e-05,0.0019803067453986263,0.005479501789734941,0.009206827591082944,0.002528211126396243,0.00048060256604141047,0.0016122741589363516,0.001998007522839078,0.0041976765543581505,0.004972458077375008,0.008280918104916116,0.03076640520279825
-3.6000000000000227,0.04270753306270393,0.029845366871914848,0.010174657905799116,0.008943256742879676,0.004325242412177912,0.004783914174556633,0.006458323781036408,0.0015047861840779683,0.0031313435001446574,0.0037145332538499574,0.001427185971554164,0.0006527715473633636,0.0008867969121801733,0.0024067193055862836,0.0015811202291530632,0.003119883248216663,0.0030619271384398064,0.004888867070878202,0.00453667081666375,0.006910878063047047,0.018343584588316416,0.020340174286159304,0.02348006479026546,0.027664315533046133,0.0416603734523265,0.03668864945864067,0.03992341316848714,0.036665338111844595,0.12222568346781862,0.16438171853940714,0.21431817215590598,0.32767617144783784,0.6231579312314665,0.6301473887076706,0.2912041130994303,0.03514317754282311,0.004852704860706539,0.004089305866876143,0.0006426849875121908,0.0011779892692428278,0.0004959494141479123,0.0001447439845728987,1.99938242136679e-05,2.9771855861573034e-06,4.296968715700849e-07,9.096572351403555e-08,4.15642449017154e-08,2.4556466878077447e-08,3.750432240972639e-10,1.4424785573792442e-09,6.1714206725514815e-12,1.1369556555718138e-12,4.992814411741554e-15,2.825610767053547e-18,1.4673901316421312e-19,9.337188991252176e-23,1.4282154897341687e-28,5.133765730314278e-33,7.000493186538083e-38,1.992546838336288e-45,2.3318237589196713e-49,3.699840027192098e-68,7.098498509565177e-92,4.487174794479663e-130,0.0,8.214146605671805e-133,7.733374281641422e-100,2.8300402308455876e-74,5.656974134331538e-59,2.967290803910533e-48,2.2350338360763152e-39,2.0912275026938816e-32,2.1802673252525747e-27,1.4470065321838925e-21,9.515851942315911e-20,3.1065996484521327e-16,1.0468919962818465e-14,3.808367850224628e-12,5.654105345880884e-10,1.3202368915881676e-08,1.6148033998712868e-07,2.111466527147061e-06,1.6448972719332855e-05,0.0001728769455693358,0.0010073540076519978,0.007505991775316248,0.054751410561772164,0.1652862833630533,0.17580056479471803,0.046282396377019724,0.02477799337409484,0.0451994696719677,0.07556019703339627,0.038459424921351335,0.03692842067256027,0.04955794842205099,0.09381379958150256,0.11620431038697973,0.11210364944878475,0.15352627819106177,0.17678238719070666,0.09511780069382755,0.07043230312798854,0.09833057408660484,0.1058877918996274,0.12648590000980947,0.1482565797606519,0.14658696575641575,0.2296978806298289,0.21009160431744434,0.36577917926343245,0.39158214404762637,0.42262455992959497,0.7196123199063453,0.8865903819104611,0.9759886051249663,0.8157818992854315,0.9883118924952558,0.7976210120983722,0.7790717079816224,0.4585704275991936,0.5031581054109505,0.8123528886550291,0.9123700889308859,0.9673029079551231,0.8731840437930899,0.311440524661417,0.18337917241538942,0.200259425965919,0.2854856506208824,0.14719555207873214,0.15693074464424808,0.13443759241111658,0.3471460813643939,0.35925969830201937,0.13766664199530085,0.5789516496400231,0.3636244362004277,0.5544093950564638,0.8554093389301336,0.9864589875987325,0.5938186672972349,0.27396517342197635,0.48491820258471013,0.29748754136572675,0.30476204511398325,0.12839475647130288,0.053865022330602086,0.049550604182172574,0.048682126407472014,0.018817309598090814,0.012428502389980995,0.002104282252269019,0.0009833159247086322,0.0004341001334338806,0.0002069730567646603,6.022804299909966e-05,0.00010141036543484558,0.0002135671651043788,0.0004449851678991828,0.010401649555938234,0.033444490923070336,0.049368337839925204,0.07236591581585429,0.07730776401334555,0.04320520673733884,0.021993214986671516,0.025990017865147794,0.01930897109685707,0.004279387584493229,0.005833132058622988,0.0166100955764427,0.006893326553056076,0.0038523263774654514,0.002786308970203074,0.0018461768967006657,0.009858249664303334,0.013332902669124756,0.006562935331132284,0.023925566498750432,0.031008247577175508,0.025447822842202,0.027078369842573672,0.011059025946340032,0.02245859106974494,0.006906794795533596,0.01532863056309263,0.03210120813684219,0.018757864410028396,0.08789258506166167,0.09082918102185597,0.14868205229814027,0.12616547239423692,0.0300273572470371,0.02873515213413615,0.029161842387763218,0.02171471515366282,0.01909864099498788,0.019538243244494918,0.11924181549663983,0.03744240365072364,0.02401099367744411,0.03883216285091345,0.04197413702478501,0.029063376100832296,0.046023614282506634,0.03152099106742811,0.012164213134539185,0.006633496184106527,0.006053464909107078,0.0177404864154712,0.00277780264808952,0.0010605025693459424,0.0006677403742282211,0.0012342334366658122,0.0011783035432671868,0.0008359745256149418,0.00025052090878132695,0.00014160018545542532,0.0001603689308146052,9.093491649356091e-05,0.00022151232063863756,0.00024582854076348387,0.00023191437680440645,0.00033782922727358704,0.000616782787447962,0.00019908906704934018,0.0001671968858674268,0.0005893177937661072,0.0006376863315886829,0.0014774780027257061,0.0003524498823159199,0.0008326180699779664,0.006040328794840551,0.006838687318263429,0.006902597932972731,0.0299638852508023,0.058507080345172574,0.11530616270650654,0.2028985336457796,0.18175202984901356,0.4429263666012006,0.6348371191938621,0.9243963885027316,0.8278499219797902,0.6516243206136908,0.9980865178948312,0.9059167880493173,0.9288703384840474,0.6610668197688384,0.43772874806547574,0.9787264277513117,0.5550654091940578,0.7521576230457496,0.40975119565720686,0.16479719824627345,0.10164269299357984,0.06382697993316595,0.13133967461822246,0.01740878082077396,0.012549232053742044,0.046417270730925636,0.08611609872747449,0.03787350909402972,0.015033635459160836,0.010922195675943209,0.0018457193224140384,0.00556940803834007,0.0009830734952977432,0.01373666214918625,0.0410187633311054,0.009884141068606382,0.0031061558120304414,0.0004562439633659212,0.0033217121211233207,0.01074383044532291,0.013345638207964475,0.03285392431394082,0.01166343717248363,0.019800406271041317,0.015810788616799843,0.008131114675662013,0.006522031265580372,0.0006657297220730761,0.0019850865889008604,0.004077709097960226,0.0009230567427093643,0.0008537067650410881,5.763303393329924e-05,0.001970148875007117,0.008707656941869587,0.014811114103887456,0.008493473944241624,0.0038417672737046625,0.012893351638101402,0.017478963932205147,0.04642521777939247,0.048122250317146904,0.07483625305575266,0.151936334490531
-3.500000000000023,0.06344463457869841,0.03300399010763289,0.016030289841219708,0.012319141416462174,0.0076445156086512945,0.010709355081482786,0.012380844642696133,0.0026641525145067032,0.00934213391254254,0.00832557894853194,0.006393065910162029,0.0019581045464114456,0.002015642686641597,0.006934560190271313,0.0029829037626879426,0.011690569090506848,0.008736014769216939,0.009856368793949705,0.015748377070420948,0.016703948980610183,0.04426620822653617,0.03190674439785529,0.039282197421304316,0.03924522489445858,0.04980971825822198,0.037103019875028245,0.0424959628063828,0.04037596052260525,0.12167520685556901,0.1841020528281517,0.2650534004772416,0.2956341635882359,0.5692468046786492,0.8160060615844258,0.3597623336383,0.061330907596807496,0.012597134777971643,0.005070772987866036,0.0008141777139763744,0.0007066600818237996,0.0006176992113038679,0.00018089237063250395,2.6880644110735733e-05,6.862326891684685e-06,1.121916402692229e-06,2.5800828772599014e-07,2.018789294661051e-07,4.5208174088779395e-08,3.6721795240501116e-09,5.814221784783871e-09,7.392902261950113e-11,2.4183835616045454e-11,9.427002519887447e-14,1.6308161204253262e-16,3.555633666267185e-18,2.534658371859283e-21,6.81004232722859e-26,4.786526774736831e-30,1.7208941880226133e-33,7.263777230493695e-39,2.000907862835415e-43,4.4489938197025695e-55,3.705295873404282e-71,5.3738714007661797e-95,8.214146605671805e-133,0.0,2.1767036629114214e-125,1.0136929612007024e-86,1.3481298184908095e-69,3.5437904657871445e-55,1.5988153532255126e-45,8.134637012791628e-38,2.012881417340927e-31,1.556211844139988e-24,6.087908411897456e-22,2.91925691266404e-18,3.2113023979121195e-16,6.997574402453643e-13,1.2593839503702286e-10,9.15333774503145e-09,8.448961205983019e-08,2.502490168255604e-06,6.128200677205381e-05,0.00043111857471621085,0.0017612639982765254,0.007034486794554144,0.05201773273258313,0.17199889696263002,0.19321790092989297,0.0686503415942303,0.04154542880603673,0.06861991344664997,0.10684068147439389,0.06834823398678697,0.05486808253381909,0.06394281026182924,0.0884394305480835,0.12797657041942503,0.10663763750047782,0.17560720776614036,0.14364220550275308,0.08536834607069442,0.1122718037091143,0.09098071133803881,0.12838603510035898,0.10853405692372335,0.15519270150615797,0.22717149485673407,0.2149158769413209,0.23630802861423564,0.27633614759807545,0.28961996275630214,0.39014507313525093,0.549144634017956,0.7563861704533547,0.7610485863290922,0.6412750616940789,0.8432252774986246,0.9345677285209654,0.9515828730039093,0.6652439702918973,0.6436525829711555,0.8288709984782343,0.980319058939185,0.9688553546399532,0.8101907789211964,0.2896293213537741,0.2038813107821656,0.2063820919330435,0.3043557434077394,0.12622756542389554,0.12216772822003373,0.10437600993531439,0.18252220302084926,0.20477463879833516,0.05616729604863941,0.28051994949321546,0.15019314159224728,0.29965613840723243,0.4957348901354121,0.7595442086237222,0.768528352342891,0.43059040424501466,0.631682750387938,0.3899128251064008,0.386515613589394,0.1745644304238437,0.06636734629426912,0.05812111897380272,0.06260569424202159,0.04811439718837958,0.031280118211264966,0.002802990763469571,0.0013423856959135696,0.0005501998163578534,0.0003696724764068388,0.00010241183673199644,0.0001716738134599149,0.0005974393910752706,0.0007770753207256552,0.009900057696940839,0.026469781785011155,0.03652400114457893,0.08327791799822336,0.05745748228264324,0.02903537767851981,0.011229346330125534,0.013700586953263184,0.0106998126172044,0.0037803279349593925,0.005952919523506856,0.011168916697503561,0.003790119940354688,0.0032900410430645177,0.0027089407989410127,0.0009013939494245544,0.00432147890589506,0.004360428967282186,0.002004525387568663,0.008734971408090089,0.015004145717460293,0.00891388331372255,0.01196055964690929,0.003880006128143653,0.00935081360241039,0.003970780764473296,0.009196666900572149,0.021493605146409234,0.012584504252117087,0.04370288102549841,0.0503070829703384,0.055687175867388965,0.03871897701466437,0.005367132505398454,0.005549486224731294,0.009129681692801615,0.005197727563643602,0.004679745059667644,0.004046470758739119,0.03828515184204632,0.015026291087480988,0.003959230170059955,0.0057077480166680345,0.00635223938823624,0.004474831833710783,0.010600874252881335,0.006258698496254881,0.0017211000371605844,0.0011324246530343535,0.001089185509016728,0.0029551961689934965,0.00042680809421115096,0.00014385500698443777,0.00016525849121788676,0.000333628755041872,0.0004126831417965561,0.0003633678539926083,0.00010025133280019787,5.1738654693565614e-05,9.488118113628811e-05,4.1001185222815814e-05,0.00013315146583361406,0.00014045455512411075,0.0001447591197207377,0.0001809941040331209,0.00036670650844960285,0.00015293076873682768,9.135253452673177e-05,0.00030454492285886676,0.0003956042981201411,0.0014863061778867264,0.0006139492581483087,0.0018353679290700165,0.013006426472655996,0.013569826133445373,0.015351878465047668,0.04893254901785521,0.0810631937188967,0.16041219685375208,0.3145159276599958,0.29977694636498975,0.6845073033518028,0.9035594106959103,0.7743638371527646,0.6831339755315259,0.4605279435382634,0.9008738178969901,0.8435775871578692,0.9376049350045254,0.6919892884858091,0.513264988783884,0.9560726843696203,0.6184772935397154,0.7504201035700705,0.35129554161376314,0.16574728135002637,0.14028099055028467,0.09245668022514478,0.246790180610594,0.03610460383509389,0.025059719511700055,0.10371815187431953,0.1663832770028312,0.07771591210109909,0.03546029495680484,0.0171016561022705,0.003656277887365016,0.009313923264719366,0.0010323565049033868,0.016728955611533057,0.039901645763140786,0.007141186313787136,0.0013191297657223773,0.0001412844066485604,0.0015763367177415355,0.007798533388135691,0.015036911056608706,0.05208261639813773,0.019786775082590864,0.042639020357243346,0.04394706171026538,0.023281824332504055,0.01747008881837126,0.001954781844702476,0.006208639679584705,0.012932364039705308,0.0027543153844220196,0.0031768720252604065,0.00016382507132485833,0.008370837958539176,0.01983970612066884,0.033121981918948974,0.01083744641794305,0.004246220451239398,0.010808417904533567,0.013040694630612573,0.0266002523714903,0.02399445244888113,0.04881397793125541,0.11254672087624999
-3.4000000000000234,0.11724529735396028,0.08730222411678952,0.05756272599600292,0.04640688773948653,0.02716004978850963,0.022233202688220755,0.039131505940518,0.00724591147137015,0.014983170829233087,0.010059940550108731,0.006204126865447169,0.0027237061183404895,0.0018977314407555045,0.008639895954807972,0.003918246032617613,0.012444482611977425,0.010286411304285979,0.008951072902205188,0.013794836084962516,0.017609497702592614,0.05028204116438269,0.04730947220141053,0.08043842576006971,0.11215136451744324,0.1797178587449792,0.16033846813445504,0.19404322043181574,0.16244323796849502,0.34632560423561665,0.34965887325032097,0.46756011103027284,0.6446133830069528,0.9969443310928684,0.4285051111090959,0.14052740230186825,0.02083827976225829,0.0030454958430173712,0.002112166388098685,0.00030314913441789934,0.000433467434825737,0.00046763699154590404,0.00012860148110112728,3.372176752165758e-05,1.0471819534783432e-05,1.9574004089744605e-06,4.557937519631666e-07,4.104521726093798e-07,2.7007515927818077e-07,1.8929393594639562e-08,1.6047230343372028e-08,2.9636180449651064e-10,1.976437664369935e-10,4.686617481176908e-12,9.946081485004052e-15,4.3778336328841857e-16,1.9623954543279888e-18,2.6901806455596655e-23,1.0070099820998902e-26,1.3467718050250463e-30,6.939346447391284e-36,6.624166590024441e-38,9.908193725467296e-49,1.1066458887805823e-59,2.3271298655494833e-75,7.733374281641422e-100,2.1767036629114214e-125,0.0,1.3017429733625506e-124,8.194633489360323e-96,1.088607428645013e-74,3.936412671851222e-57,2.5649765535857646e-46,8.592444480253795e-38,1.604157013471479e-29,1.6596518629111175e-26,1.572339913757017e-22,7.536024240682432e-20,2.520466892849284e-16,1.5105246785357589e-13,6.740273820142612e-12,2.8147096674319e-10,1.9126962647845408e-08,1.4494662173572952e-06,2.0947066323161147e-05,0.00010395817872241736,0.0005921456357154679,0.006403459592399871,0.030406354020939212,0.025685843977891677,0.007987331674963067,0.004825597753006577,0.01172108886340024,0.027605577977135927,0.020178023503035155,0.020421800912110783,0.025846623913172107,0.03746706125515453,0.05082753642358503,0.05062690857330807,0.09952995312036515,0.08643798635817665,0.04208828865136129,0.062472541051371094,0.04353566297327655,0.05703716520128015,0.043195371761365044,0.06492374218665982,0.10601944404950384,0.08720684373692472,0.11297683450276971,0.17624487294645072,0.19689995233807864,0.24435593835917357,0.4437315391273364,0.696289609156706,0.6783119447416441,0.5590430740344141,0.6408135711026908,0.7908411990257299,0.916283334920189,0.8197416005119461,0.782096493258243,0.9586919152313389,0.9980067233985216,0.9224591845684987,0.9060820935476293,0.3906818581659314,0.2969045151354884,0.3356143193024553,0.4628129847481084,0.2358064332783759,0.2676845286660558,0.30400622606182715,0.404553288967448,0.4334603775988208,0.20674128412608214,0.5158902999798686,0.3271216495471826,0.5910806090348066,0.7420825857575656,0.9847955710874485,0.5688621419378345,0.27257918744802406,0.4217576266145011,0.21600987168543398,0.20031615199846142,0.07888073529679261,0.02226880381018979,0.015297862780952926,0.01555960905250536,0.00933564629451887,0.005664906355581192,0.0002653224113782862,4.9627632763815694e-05,1.6139733383023075e-05,5.220521494477513e-06,1.3635624851943857e-06,5.148882979572376e-06,3.328799993503881e-05,6.794562882212702e-05,0.0012103777016594917,0.005377141301112084,0.012954852298048197,0.04216439024911258,0.03980897819006632,0.024897505385271176,0.007562589569859146,0.010841913455147954,0.008243160433357303,0.003555895465383276,0.006953892620465555,0.012180498382810942,0.00480622046324765,0.0032592341513547466,0.001843416680869068,0.0007193793076083653,0.0035644130060848507,0.005615173778905787,0.002853453951902505,0.014468326086807466,0.028016570805990567,0.02510190062471048,0.037059226989922374,0.013399166680756261,0.025451889113543732,0.01030076305964835,0.01650533185680361,0.03783881128421787,0.023321364624831902,0.07627503438282734,0.07328661739999365,0.10232612911021972,0.0725491585592894,0.012578895701806,0.015322494601639347,0.010466722776920614,0.011580662256224526,0.007367584978262153,0.006096374761240343,0.07915426867683431,0.021996571443108726,0.006942400228107812,0.009558683725665897,0.01163474775524171,0.005757788473878171,0.013361527237302901,0.007961799371728336,0.0018725657353220386,0.0009118441255950327,0.0007719831843527562,0.003199076528583567,0.00041027931156891096,0.00011886574907046125,0.00020357467531919172,0.0003395337297584137,0.0003454484308364171,0.00032892404553729726,9.731934256414588e-05,5.604914949290026e-05,7.520392937705733e-05,1.3566374626339046e-05,4.213036906428005e-05,6.770886398338472e-05,9.272836889268387e-05,0.0001541836414996351,0.0002853999344593523,0.00010163430659926413,7.294763342345802e-05,0.0002138755894778317,0.00043293412439076147,0.001764886054928576,0.0007037348902001213,0.0012583425964705064,0.014791342907769156,0.013648006285664626,0.014667378896386056,0.039131694853356144,0.04883718571034598,0.12704219699068442,0.22157654469733323,0.17570909353258993,0.3781412911906056,0.5031478992393754,0.7341620541698796,0.7091964773293805,0.9123458629784962,0.4200609462544839,0.509196507738689,0.4792182701894321,0.2408838497889285,0.15804920301867478,0.5278142189434002,0.2533370132591406,0.2909753730048312,0.14696125459460035,0.0648410058493885,0.03559866427945469,0.031567212223640714,0.13579249506390112,0.021210972399688912,0.01839617755348793,0.07889029814784686,0.14155317293098182,0.07273990265139382,0.027712028811132453,0.013279672443704326,0.0037242672640934974,0.007381312284899523,0.0005815422040033653,0.01350243142793651,0.028404413366560365,0.0046063378984494245,0.0006732678756467171,0.00011303008885438432,0.00181422153493742,0.007387138988679966,0.013289481042011528,0.04422271507999058,0.015273127672936185,0.028785954132046543,0.03624003335852548,0.014790938379770541,0.010334085699259397,0.0007976747910306275,0.0027074748753660428,0.0035334839961821763,0.0006142941174783973,0.0007305258166825196,1.9372315881611257e-05,0.0017949163143596372,0.004394987582830885,0.010439696689197033,0.0022093105746770906,0.0006631579226152526,0.003609970904593313,0.0059133837826973205,0.013122589264901912,0.01232269507523294,0.022663147732329803,0.07092205972592888
-3.300000000000024,0.28251940868062553,0.22744642789640407,0.12896517303894764,0.15115095449467356,0.08755250939989206,0.0687807352682365,0.12970883571257855,0.05550989939564659,0.05233234941109277,0.053909193928728054,0.02843457024585796,0.016427104916173253,0.016374373930932,0.038980849200907594,0.03746990935845884,0.05827413423445527,0.05021780468215184,0.04687426149926881,0.05636529307751636,0.06803120824715604,0.13145447343214914,0.11712474655543169,0.11202821272388938,0.1708177540906874,0.22720624131367612,0.24833849906125527,0.3499474311944576,0.2665916614917553,0.5064006920727296,0.40608325054969435,0.5468238414703331,0.5442825777657502,0.788321177069,0.5693208686472201,0.2629662351674858,0.041090078148867344,0.007042989050032638,0.009647177297274242,0.001096570049025636,0.002237200431623086,0.001736756388664959,0.0003787832337862833,0.00016255865598863726,7.58683974478899e-05,2.7696473633254006e-05,2.8316356626833516e-06,1.72152269887761e-06,2.9433084868417245e-06,1.0995224606505935e-07,2.473915665430098e-07,3.2979588021626965e-09,1.793818990151899e-09,2.2901757775645783e-10,3.512655659924683e-13,6.683596891726941e-14,7.511909422230189e-17,7.830732747426432e-21,1.720192961139652e-23,9.076598610186095e-27,3.7291370055163374e-31,1.7181402856184583e-32,2.0234904575635684e-40,3.52743953272647e-49,3.9301838300176604e-59,2.8300402308455876e-74,1.0136929612007024e-86,1.3017429733625506e-124,0.0,1.4732797244666573e-139,8.370239835851663e-100,2.0634104929726363e-71,5.138727498061559e-57,3.016623623938565e-47,6.268717017786166e-38,3.839404828056668e-33,6.660321978168902e-27,4.8721239132873664e-23,5.058921518964956e-19,1.801810979665731e-15,2.297231799013501e-13,3.252409328414041e-11,3.74180143422263e-09,2.1264742437110357e-07,6.313306789952055e-06,3.646631153157651e-05,0.00020243307589315034,0.001967043922316303,0.011973791699675359,0.00556073346544106,0.001763688193101986,0.0008398118539776358,0.003491046797978391,0.012696978159639652,0.013053033930533923,0.016030572798880018,0.02103170593813375,0.03610302373439035,0.030197818212089285,0.04010629372416784,0.041505932139703515,0.03612567504903724,0.010321284258953945,0.009287917022643866,0.006556033512460414,0.005116797008679862,0.011095622834481834,0.020307038969909746,0.019561835385635697,0.027420350572789954,0.02462215843500645,0.08329058539823389,0.08572469918610656,0.09042803124423639,0.2837617328299639,0.44122303646091715,0.502212374737935,0.394849491722602,0.34441769307245523,0.5047258563339881,0.5685296708918551,0.8983127282367678,0.9640407180565655,0.719965993447382,0.8521960164756762,0.9484970208187228,0.9716844331050192,0.5241019111434535,0.395864348224898,0.44473877529878847,0.543237190006558,0.33059735439305654,0.3577980269721948,0.33423725732407644,0.5498945221173348,0.49585779631664867,0.26637906078009205,0.6081390942928688,0.4128051345199809,0.6225018067810574,0.9173784515817206,0.8117512299353679,0.42638905429762103,0.1501025391329832,0.30993158067457866,0.09545953375456682,0.11056540835190332,0.043329473038640126,0.00862262714096878,0.006128358814757935,0.007057273835884322,0.0021978517062497586,0.0011468692243679088,0.00012010839729287497,1.0515203570660447e-05,2.6027663035617346e-06,2.880421108004401e-07,7.230546322006539e-08,3.433235243365751e-07,3.13638888038042e-06,5.768180409930135e-06,0.00020030586422811706,0.0014255450239824999,0.003941100218620422,0.01174146662549935,0.009384128773380076,0.012890896750961136,0.002986565336952421,0.007326712872241293,0.004695912118141838,0.002582555014970177,0.005205011464182793,0.010371671015278732,0.002434295000538401,0.0012197520517932966,0.00020211013402901467,0.0001016038161742096,0.000531262627258475,0.0009975061471092805,0.0003355044439949815,0.001206836175103388,0.004352534256064866,0.006094126625463917,0.007976357858485168,0.0018063950870717302,0.003760066594580552,0.001104374247392912,0.0024428384358649753,0.007716441211574147,0.006046153780285253,0.023659973529945474,0.018280252874723516,0.021997533392086648,0.015782501420968695,0.0024977075754137198,0.004969341096904425,0.002595390802647105,0.005211804025295495,0.00416994547884436,0.00357618828684875,0.043147633319242255,0.025822380222211457,0.004695591273638489,0.0064534730148321975,0.008679942720940005,0.0022013234589196963,0.006335636703618555,0.003013957850647464,0.0008786545898486675,0.00033560525462676677,0.0002208216995312632,0.0010005201143434598,0.00024022172764363116,8.253352462222861e-05,0.00015888272029438376,0.000238480759739895,0.0004176210193998299,0.00026867177167452577,0.00010728177938226198,6.180263788427302e-05,6.122080254694711e-05,1.2464189698949406e-05,2.948511728413296e-05,8.192118740698207e-05,0.00010506937984279272,0.0001495998161377258,0.00014999785919093898,4.071491442209878e-05,3.5090417478345714e-05,0.0001718976236677983,0.00028670050370201703,0.001310124323988722,0.0005146035729062865,0.0006872362331283887,0.009386557740891996,0.011071548496434056,0.012380198089163514,0.036789397017610186,0.03504079073832995,0.07749640182181766,0.12558345521676864,0.10081666161111162,0.2118780212419409,0.2513706240696843,0.4207834330894594,0.4118577010791575,0.5031813098531864,0.19942284564231677,0.2764444011916635,0.3039690386772083,0.16791589047178165,0.10866668896687988,0.47182675951918235,0.22092515549903557,0.27188751456048693,0.15708785165346711,0.0683172117955574,0.04668855327821807,0.049464493895206706,0.16741228282028917,0.053598957872181045,0.05026225702114978,0.18304979724631124,0.27330895194966487,0.14790850431658056,0.06393395916978964,0.025137206710226425,0.008987286388609978,0.0210239448743924,0.0023463834040294697,0.03772029320530108,0.048755706555170586,0.010010736562907206,0.001327042831899578,0.0003037514728105837,0.0041112834543687625,0.011908021231980174,0.02195386678041924,0.0465509093800553,0.01944022968473059,0.02634466424389171,0.03256116442918573,0.00938067949034366,0.009950193290920546,0.0007329178849250652,0.002291634778625274,0.00328886838563561,0.0009032945979108364,0.0012312048448333297,5.341434906030783e-05,0.003747667885563444,0.011763937985666528,0.039051818949015986,0.014248027759163368,0.007430271274125814,0.03761623241941848,0.06833489353893576,0.14515518346676046,0.1355941871302362,0.14138627187993386,0.32462351943491097
-3.200000000000024,0.4763033357079621,0.44348804354923593,0.3518851729260083,0.3181389325175415,0.2500472859375194,0.1925200580170474,0.3170428935387278,0.11889178375869322,0.09749708202454108,0.08362334611164102,0.07415665144825587,0.048662353021692806,0.03639388042477742,0.0779741687492782,0.081299555766716,0.1836025651407033,0.15655805265820047,0.10039626289313919,0.13496741909229026,0.13182610651187238,0.24026365423556983,0.2394242457009181,0.25683435400765703,0.29017027152643,0.35049887958544,0.3271224494524046,0.47332457936229566,0.45020044977390067,0.5951967897205078,0.5431104614151192,0.648185843088358,0.49444457613260107,0.7616475983470603,0.817016657120397,0.37887673910197034,0.1467594052165274,0.04831682183910173,0.029143442507700602,0.007404683587313783,0.009133547026842442,0.014532567219142225,0.003860447359991517,0.0020010088063583246,0.001459741340331641,0.0002622236656571816,3.4544507836066486e-05,2.2964398012751293e-05,1.2286056881015747e-05,4.925741614001482e-06,1.886488107188295e-06,1.8745881941007132e-07,8.24396492818688e-08,5.023986370453306e-09,4.3662692990949666e-11,3.1017477242141494e-12,1.379018470908117e-14,2.2661691101754287e-18,9.578138940202859e-21,3.037396319610261e-23,2.2039555148762458e-26,3.451208145060034e-28,1.7762471120467822e-33,3.7768860243266835e-40,1.4546128091165907e-48,5.656974134331538e-59,1.3481298184908095e-69,8.194633489360323e-96,1.4732797244666573e-139,0.0,3.4510456201925675e-132,1.388543692706232e-87,2.781247571343931e-70,1.1048041135674435e-55,2.7222601111609352e-43,3.4727132403732312e-37,4.0988815571895975e-31,3.233695429154514e-26,3.6664549700997866e-21,2.9065842288697798e-18,9.363506328132492e-16,3.905882790990873e-13,7.880658897157929e-11,1.9478762212873778e-08,8.45470070879068e-07,6.764337723699862e-06,4.291671019277606e-05,0.000401390415443935,0.0027792835984151894,0.001729768186837949,0.0005458412943415245,0.00023331366011442964,0.0013498456856590568,0.00368410296671987,0.005554093444443769,0.008303686113707862,0.011963028738558474,0.017774458138295833,0.023899266075392476,0.03792404215047215,0.0644422774508537,0.05265089487460075,0.013937530139503945,0.01686308400600509,0.007664292501982237,0.011390160486034879,0.01093853206869089,0.022933829001672786,0.0498673948032404,0.0332065994891034,0.04568848661081256,0.09791317731522077,0.09561617975062289,0.1154714869070324,0.2813165219285713,0.5740195359359977,0.6395055841689988,0.5343754398747924,0.5611102808181118,0.7204513382292311,0.9284461260802621,0.7450072520580512,0.6633102501835457,0.8992486800805561,0.8546340243370925,0.5708484230166837,0.6826049926535512,0.9087923146025069,0.8251613899350954,0.8262072309418859,0.9952487863697621,0.6631171966038261,0.6294477541814817,0.7419692693707811,0.8674290696424493,0.7134648423934263,0.4218996810358664,0.8118111179776953,0.5912157412787824,0.7857473597132528,0.9577228082339618,0.6863030430065702,0.31686577534481153,0.1496678395653985,0.18518898323104302,0.06464382758322455,0.04656407658862822,0.015865239115231175,0.0037753819411349395,0.0021145207322687933,0.0013702274684672324,0.0008450598101732678,0.00026359944157098523,9.169365235947888e-06,6.029118266392859e-07,3.791701064494885e-07,9.187479052322496e-08,1.8943693053129158e-08,8.971433485062838e-08,7.214466756911414e-07,1.993413578949837e-06,4.4029303712714213e-05,0.0005183955150306974,0.0024091009481281176,0.01030254901922296,0.00836675877354442,0.011196597109809091,0.0027028266353579748,0.007652771659840138,0.004923222286677197,0.003886700409436087,0.006976114901628124,0.011641084358477412,0.00291821130883018,0.0019428671539963869,0.0006323964710787917,0.00022972121875552062,0.0003661367114805606,0.0011315638378870151,0.0007293259767940818,0.002031494264282023,0.00479261366737756,0.008212352827790087,0.011857781157875134,0.0038625551935265864,0.009900546417449047,0.0038356619761380343,0.007139810170872417,0.012212891799779869,0.007137910713059049,0.023540654394434108,0.016989946661165232,0.025053281521802976,0.019166929964717947,0.002986330275370139,0.004925017342743512,0.002841172158059882,0.007729699518918038,0.006109430247444824,0.003262417994265343,0.05009634712500588,0.039150120874458495,0.006568681356318692,0.005750803271151405,0.007960110908814159,0.0017053517483418463,0.004758651040158629,0.002045420713115879,0.000689373411725601,0.00031001360153001556,0.0004904067172346142,0.0022733325749181845,0.0005010633946270354,0.00010113655336899352,0.00022794818302919272,0.00030165779505335766,0.0005116256351043126,0.0003433095566392725,0.00010304752716451624,5.841165633879078e-05,7.213724722847348e-05,8.976307752082687e-06,1.636832437378465e-05,3.666804799949284e-05,5.348728499648624e-05,8.04307918254031e-05,0.00012944458390141392,3.081584528378245e-05,3.960733065278094e-05,0.00023169968941565096,0.0005557615877552851,0.004561268925088565,0.0028424929952121395,0.0025776471925925254,0.03851770722454428,0.03595312297166143,0.05572736915867895,0.12412174274047137,0.1169291052467465,0.25607771468448853,0.41211385156599495,0.4033190064750176,0.6459324562962777,0.7969760575708538,0.9755414631880308,0.9180177476324991,0.9171648719712466,0.43951752780616266,0.4912938353323852,0.4585842870137374,0.2713642024215865,0.16423297205513165,0.47805925513188474,0.21301971880787982,0.27956840231997016,0.1817361329479571,0.09896972252879477,0.08353163305717408,0.12855779430741598,0.3413335090376366,0.1547475571730258,0.12377268183957135,0.3769644460639703,0.5171220211371583,0.30526293480137284,0.12949699738107748,0.03672639303156933,0.01084017073230702,0.024869638113782067,0.0025888192782259883,0.03898506112648512,0.05214612325993611,0.009969059762876568,0.0015426696719936643,0.00037997839193301995,0.003945764777846222,0.01046510326955732,0.015952122519444834,0.04037821640862844,0.012314190184501177,0.01834943920670587,0.029525311978209894,0.011099679168012095,0.012435499729550692,0.0006060502175561941,0.0017507293176881999,0.0023995659750310778,0.0006365236858347102,0.0010572472580391164,1.8697523237917804e-05,0.0013768097998241111,0.0037477172611917286,0.012395533254637768,0.0021157864962597635,0.00044867998816078714,0.0032359057237571695,0.0063583215007404666,0.023428998905606697,0.032312509822072615,0.04679189889116517,0.14117319746430876
-3.1000000000000245,0.520642385540647,0.4811794656960226,0.3849136819055745,0.49810665258527986,0.3444478428811792,0.309889677878534,0.44141095861964763,0.26345564700544605,0.21019207790257738,0.1818237862768389,0.11698603528957,0.0987342278865604,0.10608571719996378,0.16787574997235183,0.158926434518209,0.22611279677937712,0.26149534726840723,0.21237074583582133,0.20432156269818932,0.18937810378379505,0.2773317032103564,0.32538103146256325,0.2973369961774355,0.35510279297080843,0.36310622225477135,0.3718667461945651,0.57487808558491,0.5014645032223386,0.8133469298934,0.7048611032182979,0.8522883208030919,0.7859065263063877,0.9601222340541515,0.6387848850064369,0.29793220895616185,0.0710852703822174,0.02068504221388939,0.020721888814499063,0.0038996784129690125,0.008558622985945393,0.010542429348681845,0.003836775900686173,0.0035295233988539678,0.002076738126166633,0.0010860433208048563,8.478542709585343e-05,5.507921577599696e-05,6.756478020119256e-05,7.018305584358687e-06,1.1772810507405911e-05,2.464283440809801e-07,2.398343865832857e-07,2.04934229439432e-08,2.4037335287050217e-10,3.5266958006392006e-11,1.3969153350059748e-13,2.7906424379107466e-17,2.496586509166756e-19,5.810300900358863e-21,1.1967220606126395e-23,1.2984638683783012e-23,2.4192159570984336e-28,1.0038579296336713e-34,1.8233403428145484e-39,2.967290803910533e-48,3.5437904657871445e-55,1.088607428645013e-74,8.370239835851663e-100,3.4510456201925675e-132,0.0,7.731066430204531e-124,4.599667927387077e-96,6.551146851061457e-72,1.146894533136868e-56,4.475570369194098e-49,3.380756652442243e-40,2.5741773533856237e-34,3.2786384249896275e-28,2.703071032984474e-23,4.898161962957253e-20,6.487971697206539e-17,9.343445542638261e-14,3.799680203116517e-11,3.330442881106528e-09,5.064986241305956e-08,4.6260564216773333e-07,1.8120030336319055e-05,0.00023823982997649872,0.00015866593943776063,3.195363916369869e-05,1.2588736676409958e-05,0.00011426258555750061,0.0007364927961245206,0.0009280648266606125,0.0012055432823253446,0.002173865465286042,0.005832818458750517,0.004111928459163161,0.01180910828601295,0.019986657250302717,0.030604355796844805,0.009108970302069861,0.007273813514391864,0.004384863933787383,0.0019233591953573556,0.0030377285562609253,0.007087287852941169,0.00864956068503221,0.016228713510322783,0.01622115685012146,0.0539872604241231,0.08150366134855581,0.10049121639404532,0.325396361531461,0.5736734472229497,0.7184664827586423,0.5896736631499506,0.5108411284419735,0.6997369937858414,0.8488187623737736,0.8334121474418188,0.8410755167706176,0.8970673044332118,0.9697971157381859,0.8535531633713397,0.8312364404985805,0.8232928661752537,0.7095900393604145,0.6750338547603162,0.7983056513767034,0.5754333054293549,0.4326413308502095,0.36007648853471763,0.6323305965622894,0.610967583047343,0.44882753674183806,0.7594368610034652,0.556291950845427,0.6689344292110868,0.8986078256267037,0.8802411433606672,0.5193943210832175,0.26463934568815695,0.3799847299601858,0.13444814224845442,0.11842410353782325,0.03205739193963238,0.010908001278923643,0.005909273724988347,0.002698835038151116,0.0012044238160056702,0.00042550479830475335,4.714454521225265e-05,2.33279425771161e-06,1.03462632445528e-06,1.6387072790163421e-07,7.554476735467749e-08,5.458690544130723e-07,3.0898908982838887e-06,9.493542506998543e-06,0.0001717714699097707,0.0017580135879265706,0.008128056644576071,0.01911553763406758,0.014969935081579303,0.0451992839233685,0.01606312385810716,0.03490195646798287,0.020870476170439183,0.013667477514305372,0.030285830994359483,0.027802980760035328,0.008520605432345363,0.003922881833578556,0.0011223374782894366,0.0005057394875797616,0.0010690807422610682,0.0023828728979030512,0.0011878654550014716,0.005001229881488526,0.008292249217711633,0.008939046568647916,0.014528563985904094,0.0042929906848664205,0.009976789054975213,0.004520498650230066,0.005051580688802113,0.008914277755311527,0.004399516862400496,0.019641404823512783,0.012155117438880533,0.020067796682542785,0.014813126086883933,0.0018458037075207185,0.00251348373502743,0.0011845674910018948,0.0028692716183501264,0.0014619439265879225,0.0006130484049403451,0.011664160235742302,0.0035945081182423818,0.0006818951058559099,0.000531299129993581,0.0011141270690744377,0.00018871242618005393,0.0005643781675079793,0.0004453491982400237,9.424987992866991e-05,4.115740332079984e-05,7.196879484555331e-05,0.0004241376223192638,0.00014362187437355506,2.6304526936041646e-05,5.9711269917548685e-05,0.00015493268685695297,0.00030761163550097173,0.00022252742699053804,5.630550525272824e-05,1.8825673168899208e-05,1.5079809803287248e-05,1.4975926916973607e-06,2.66218200148135e-06,5.790504590825364e-06,4.7567588684690185e-06,6.125037737642528e-06,7.433245124666923e-06,3.1891052165851053e-06,2.899810244854214e-06,8.659865264216648e-06,2.152188939015841e-05,0.0001897670499158155,0.00014595782049145822,0.00014172591493273988,0.0030699780794621943,0.002518772447425238,0.004130638736346319,0.011032689742425878,0.012133613858350947,0.03705435996292139,0.06605786631281499,0.04429848924414005,0.09553508581608434,0.18845671780994352,0.29301531200249836,0.24421056338094346,0.23901177222331377,0.06100304578786246,0.05854583676803023,0.06364725604419512,0.03943961375589395,0.018532514922483707,0.06332437886686353,0.016051044218751958,0.038709530687994785,0.021648752248512627,0.010032286081750004,0.010732405590361494,0.021685894479966755,0.11376573970996628,0.03664410429333446,0.04747682549742363,0.2404206595327807,0.3944288935797613,0.3122449308379095,0.10388821797562765,0.035845152122491175,0.012687378739579208,0.05261821792644604,0.005733361649194793,0.08969933225079084,0.11280897057641082,0.03213279141354858,0.00719383420741551,0.0010975817530312858,0.012191323155737743,0.022769772172506784,0.032795323437638295,0.06615979069918448,0.01510425363239423,0.02023169891770185,0.046250294134550805,0.01580425173568033,0.018779496238050017,0.0006237280034203563,0.0014061022269160957,0.0011931307158516322,0.00035146655095800327,0.0009379789401902101,1.8866409441120394e-05,0.0016237951538608953,0.007046282879629078,0.020964986513341555,0.00508133441400954,0.001968917551551953,0.009024159712063636,0.018715698309541562,0.03729017050793751,0.04828450497562362,0.05738886013389945,0.135249584074779
-3.000000000000025,0.46255927589805756,0.3425214189510287,0.2908413219287356,0.31582715996277505,0.19891997492961877,0.22487840617282523,0.2733062291073058,0.12033400100768213,0.1048960588693563,0.06865888710739043,0.07932047583066268,0.08366011576448723,0.08359584080958953,0.1336800861884859,0.08314235683282287,0.14369277092229055,0.19141459571132657,0.15946179703766208,0.17017814648903665,0.1511096081920336,0.2889280292713956,0.3628645231361674,0.44103013534330165,0.4658779558234494,0.4774473643535077,0.4321345830463055,0.5732259076238773,0.5255411945032988,0.8411880365892093,0.649898590311458,0.7444448615743083,0.5279939347575366,0.7371314887138346,0.9180550825511198,0.5491366220039136,0.2656591388994794,0.1146242061322406,0.06533510225538655,0.022128467426569067,0.033144975681584664,0.04205469136513963,0.01904348881872125,0.018476630927018553,0.013002174633724958,0.005918859224231246,0.0011007560837029589,0.0011724555159650638,0.0007068582584319014,0.00030290337211869966,0.00028055442250126875,8.26723501288624e-06,6.904263583886271e-06,5.220825322613827e-07,1.9875134993911958e-08,5.344071943154943e-09,2.4099257936544176e-10,2.6683171408837157e-13,1.254092149736779e-15,2.6427513831798907e-16,4.005145481155784e-18,2.995727005097559e-19,1.8936511332901113e-23,4.841229744321558e-29,9.798901317403435e-34,2.2350338360763152e-39,1.5988153532255126e-45,3.936412671851222e-57,2.0634104929726363e-71,1.388543692706232e-87,7.731066430204531e-124,0.0,5.273125003396057e-136,1.5870964010062744e-96,2.303025313137899e-72,3.631504780612064e-59,4.3101408670408074e-48,1.2199395096194407e-39,4.097653964795411e-32,6.984430263108658e-27,7.680882871915303e-23,3.462391100362352e-20,3.2003343331906685e-16,4.1610348158868043e-13,4.225538547723652e-10,9.025067648232506e-09,1.3037130105487188e-07,1.0445882924485105e-05,6.56281571646838e-05,5.2473182571500395e-05,8.480536089104886e-06,6.502092375088993e-06,1.595490403898178e-05,5.8871479814762364e-05,0.00012582279538419472,0.00022283875067484766,0.0008222402484940405,0.0017181208055313836,0.001296453668870713,0.004105795466958974,0.007965596540108592,0.008206061078285932,0.0019962476139318043,0.0027802228526712124,0.0008245309798430508,0.0005594352034458178,0.0004461641483557496,0.0012669796977440428,0.003350965853177264,0.002058349610551014,0.00404743452442073,0.010746503326756529,0.020705586262002494,0.039447880357787006,0.13947391709818419,0.3286299167141676,0.37446247325751975,0.34171498718351667,0.42796123338776587,0.5525708608675357,0.7738762882086612,0.9992050782245511,0.9690506304381542,0.7937957328688798,0.765148126659394,0.9037390475698885,0.770871335553744,0.5333783649016156,0.5424946401471289,0.444072129366003,0.619853319168068,0.4563480823115429,0.3160103533500576,0.26150908480031865,0.36526307128008356,0.4295637176824774,0.282405547794608,0.5618289994682827,0.4481183436835529,0.5792284539046022,0.8559106804762517,0.8529536950602572,0.557700880049091,0.40526172014226375,0.4264255334702626,0.18461942658485364,0.12401832314691977,0.030341831766131713,0.006272837143160435,0.0030717387146979337,0.002128324113439038,0.0011403961391311496,0.0004693973815450734,2.3920310545030366e-05,1.0348859885568105e-06,3.74673130531761e-07,7.350932107106368e-08,8.395798706481212e-08,2.0448683086647645e-06,8.231114688231391e-06,2.2572354058367348e-05,0.00015404553214937096,0.001118772656978707,0.0035949909079927784,0.008197887783585218,0.004888450251306982,0.016080747325392098,0.0041816756294391815,0.007855045164693675,0.0036821330566327165,0.0040451579505482995,0.007896891441911616,0.004930819944540479,0.0006133613074976082,0.00043961402966792454,0.0001692582052235847,2.8123063826455272e-05,9.541005888668266e-05,0.0002837477968714572,0.00015894217725093327,0.0016126252966554761,0.003140789431121777,0.0058390124726799,0.010839682173084472,0.002840992752733668,0.007955584576880345,0.005000443970409258,0.004168871402375518,0.007322364242594519,0.0044662242728287305,0.01739947861270798,0.012279120917124185,0.011129207687030204,0.008327311279275234,0.0010986988046672863,0.0014928771932678348,0.001354926519279015,0.0036595839498219564,0.00186143963416202,0.0013257278668634038,0.016784538018280084,0.007541269015195015,0.0013994933926772836,0.0006046653141098793,0.0015175557666742313,0.0003169133633920322,0.0011186536881777592,0.0014781934217498042,0.0003797929676273854,0.00030601974781315367,0.0006220694152766064,0.003786452443743945,0.0012715124851288536,0.00022654921894355593,0.0005595077772632762,0.0015195753777724236,0.0028683410056155787,0.0036874262742475888,0.0013706079400368735,0.0006080657072547014,0.00046835001022746734,5.517379030337657e-05,8.615394632198242e-05,0.00010192501432321745,6.883588923239933e-05,6.240768294606008e-05,5.8654947110778074e-05,1.4555065502665477e-05,1.50731598195335e-05,4.2150367494557864e-05,9.396479192011334e-05,0.0006112582522625321,0.0007697139355010793,0.0007884334151381078,0.008451842987499708,0.005687409634484752,0.009421022545505255,0.0275473380519155,0.02905667230055377,0.07753055627215986,0.10784133469650581,0.10275141409615814,0.1879106400907046,0.3868268032921121,0.5205480190123879,0.49753510323440114,0.523521048595776,0.19578553350735087,0.15175730961687392,0.1096641912227492,0.06709077192413962,0.036555853164941046,0.0959999225774438,0.019917454238015903,0.03940837888419898,0.023773165743641973,0.0060807644356868475,0.004737547831911286,0.010326563850227427,0.060653221563302086,0.015895374316673306,0.022736161364711214,0.12865748039297614,0.21187981065332928,0.15947271299299925,0.0323756291546008,0.012451770263423508,0.006207102360425731,0.023228616696241034,0.003872376528834416,0.0805943209819288,0.10935729843331003,0.03681002593673523,0.010672318512593816,0.0019246119715680477,0.014633504962366439,0.02040923331838024,0.029088674315943544,0.06891340831986419,0.012154052231474624,0.01332281934211115,0.021599416681052832,0.009281798482203426,0.009819639179664956,0.0002451502322708402,0.0007686489141649234,0.0006059203284694542,0.00015921764094624602,0.00034315501916737736,4.819353268366726e-06,0.0006522906546847828,0.0027621036307400424,0.010071918089277218,0.001631559651934213,0.000305217111765096,0.002048425601476711,0.007631184229466341,0.011962963797017279,0.012327846897791405,0.020935828046458237,0.0512531761254595
-2.9000000000000252,0.682456799988147,0.5457029659050531,0.5078467630498076,0.6932833699605853,0.5136455608578564,0.5707596786992187,0.6612975684618181,0.37771231437582625,0.30647154806703747,0.18427483346605605,0.22938566604519117,0.20216615052997985,0.2123428795445379,0.27820756028304894,0.19986492359149796,0.261740903577151,0.2987131163972754,0.2762755293851882,0.25204917945753674,0.22889413709106057,0.45938064533194317,0.5396882056764263,0.5906169853023353,0.5694159737419301,0.5614003026517718,0.482405931009678,0.5849741134613506,0.5112032671205243,0.8062822331885312,0.6600351640402775,0.7621730508598358,0.5025736846526957,0.7108437798339471,0.8406743330368263,0.5957621514732393,0.27811401697038346,0.14976101846875992,0.07534378461514683,0.030833786286724587,0.03916061999272173,0.04795256218414257,0.02630605330833601,0.03516491115841851,0.03879282423295433,0.022338813320460664,0.004889231800943986,0.005899305990840322,0.003773370816020348,0.002586319011954623,0.0013230421518858307,8.890409698167e-05,4.382145635161124e-05,3.030061359183003e-06,5.165138658166578e-07,1.2417309621706862e-07,1.36688278863041e-08,3.911774972594106e-11,2.3480659840271277e-13,6.092384657524215e-14,1.2188372667410848e-15,5.454437467370887e-16,4.7191335563389084e-20,6.334479323891914e-24,6.8220780892042085e-28,2.0912275026938816e-32,8.134637012791628e-38,2.5649765535857646e-46,5.138727498061559e-57,2.781247571343931e-70,4.599667927387077e-96,5.273125003396057e-136,0.0,4.814639168600863e-126,4.35830123617178e-92,3.344757730066747e-71,2.2237255650766987e-55,3.362640897532632e-46,1.5031584781797844e-36,2.0055333981847997e-30,6.577985065304943e-26,4.951273994172458e-23,9.02903352567036e-19,1.3762362925788464e-15,7.48250420797573e-12,7.034638401502938e-11,1.3459464102502174e-09,3.1294935919083796e-07,1.2144596238189692e-06,1.3732124294221836e-06,1.8000282627336634e-07,7.324519527012692e-08,2.617517690856079e-07,1.956119301749904e-06,1.1450507494819593e-05,3.3161610286581236e-05,0.00014321501767233989,0.00042829768687235794,0.00023915761072550585,0.0008049278892047205,0.0013906728417434993,0.0017314714794216634,0.00040498249887528957,0.0005610132088227349,0.0002497510496574371,0.00023698936405894364,0.00019578083867972267,0.0008479176428524329,0.001687459974495448,0.0010174593612251976,0.0012618602812837071,0.004850867011254511,0.010233913806281638,0.02343840183442774,0.07950012231727646,0.1966798844395861,0.25710899503517226,0.24141494632874494,0.3060094695943448,0.4662257693413339,0.6802222938438697,0.9751575054832955,0.9877386301248697,0.8247671828643842,0.8499876576174182,0.8722880569965387,0.844942639696784,0.6445918146598013,0.681064530748074,0.601026424093511,0.7789821112527631,0.5673944488544695,0.39699860413748594,0.3181572876378245,0.40401960281601534,0.44619990981894964,0.3021067371338103,0.5464604874979767,0.46112794289060566,0.6697066138108385,0.9752006436869691,0.726417448103536,0.47457223794643677,0.37288356353471647,0.3915852700945036,0.16839274905594148,0.09708612254538644,0.02865147425205053,0.006611049394549151,0.0032636659952647736,0.0015817060157957519,0.0005000111157236841,0.0002986453065447864,2.133173457423287e-05,7.806350110560909e-07,3.958568142667829e-07,1.0102022130921071e-07,1.950474990540903e-07,5.7929010926133274e-06,1.6394543846238086e-05,5.2050730124530474e-05,0.00020613826808950038,0.0014020334250116036,0.006546314609128041,0.017282056612129344,0.01079149862828811,0.027281454241832277,0.009425078738944359,0.01657967440845278,0.00801121443633507,0.009024421651331526,0.021610329186934955,0.00869799524652363,0.0013431541411768073,0.0008568413654904289,0.00044751217363907464,5.22386992965345e-05,0.00011841717341693083,0.00022990775985180345,7.526616274912708e-05,0.0007585310473147147,0.0010357483559396865,0.001955269576022161,0.004792222467617763,0.0016186311195549156,0.0038034167961428305,0.002724220556295602,0.0023599280982483433,0.00406048107996747,0.0012195574539766666,0.005253221693111913,0.0038399484548637636,0.0025124795093230045,0.002211555932121888,0.00026486975296251763,0.0003250700111630765,0.0003743097795371236,0.0010834139354778918,0.0005582644926386423,0.0003861019871831516,0.005879498531960498,0.0017165726956032783,0.00031521435103449105,8.249970931033875e-05,0.00029101581082659965,6.568327316794074e-05,0.000589769937158341,0.0010274404113881116,0.0001872457509048604,0.00017173193627337765,0.0004125877591498182,0.002296320072431415,0.0014800631397030959,0.0003145723522296257,0.0008473443401795299,0.0031104223803824485,0.006370974097029587,0.008300438943399433,0.0026288910322602656,0.001247399126408933,0.000489069655605602,3.7357328049584386e-05,8.154985625927572e-05,8.178796977966114e-05,5.3064215328095305e-05,4.770272927423471e-05,4.3325441626090734e-05,1.7941723619425217e-05,1.8768563213253857e-05,5.507655509900404e-05,0.0001530555830055878,0.000904416667853654,0.0009260513147134358,0.0013376653427817913,0.00614020213242769,0.0033725020306029797,0.0033326160163342634,0.009632516499465968,0.012847196269897068,0.03694669016511684,0.053022214989210587,0.044856289682257515,0.08029623279818447,0.22211981543697606,0.26046714676824423,0.2571340262063965,0.31093913355466407,0.07390075935552444,0.05778972644140691,0.03302040291208657,0.022524913444170628,0.010373377852331434,0.02622822137009333,0.003943434341861319,0.009042780305323883,0.005341696156398319,0.00167698456596844,0.0016140454451937802,0.004731077107112265,0.024952538739414828,0.006878679130006043,0.012666273312541072,0.06237735265118697,0.13397820675974623,0.09420297784183637,0.019083801091943367,0.006473234770413096,0.002988236793381878,0.0146307942795141,0.0018419621516464182,0.04330393511170721,0.05113001841125051,0.020885303209038704,0.004303680469710273,0.0008100708226201286,0.009218682220624276,0.014006085432452747,0.02416241688446021,0.06309276430962674,0.009692591203682778,0.014161263535519003,0.03210284446801564,0.014789120208223093,0.0173261897599379,0.0004619790507122752,0.0013310564613773564,0.0012481451612079185,0.0004928257728023046,0.0005736535223519811,1.58727176473556e-05,0.0015225281084599567,0.006134305474451403,0.02041922727575677,0.0035539074548211233,0.0010104990363906407,0.004857409585018025,0.012330477788252293,0.02306501655990319,0.01700016437444452,0.025653806231842925,0.05516719994501429
-2.8000000000000256,0.6447610194774389,0.6743799495383143,0.5710070428280087,0.7838383329208909,0.5746022382554447,0.6094089607652264,0.6997788175688999,0.4780618424809705,0.36173391980479175,0.2859039345852643,0.33556164562327573,0.25009984392554047,0.2898736705657427,0.2792142174831499,0.2459590879536073,0.2748713408323707,0.37555595613351156,0.3823964775739448,0.32926937405804585,0.279710507196773,0.6145577363780962,0.7482111121750117,0.7856176732460585,0.849692538464591,0.7072749110510708,0.5668800588345458,0.561619557693504,0.41313216759632465,0.6860296763734565,0.6435921681487363,0.714163023433921,0.42888843757503214,0.684857735627017,0.9586607552256741,0.5382197647352646,0.19350692800574731,0.10848803941522685,0.07708663550801695,0.03125271183585197,0.04475036332038508,0.048946935575147905,0.030127936424927275,0.02936627372774319,0.03478035205681372,0.03030123018441492,0.003582275541556274,0.0031355140269220387,0.0030650469352793805,0.0012683653679426705,0.0012127064125792178,0.00014288769193795717,6.997996345345905e-05,3.002003103368154e-05,5.33552278088132e-06,3.495471644706377e-06,7.412402749944762e-07,1.255202617494195e-08,2.345808188087142e-10,1.275453470057178e-10,2.975144382814366e-12,8.115354720108622e-12,3.893526475157013e-15,7.094928332726964e-19,2.224486655497544e-22,2.1802673252525747e-27,2.012881417340927e-31,8.592444480253795e-38,3.016623623938565e-47,1.1048041135674435e-55,6.551146851061457e-72,1.5870964010062744e-96,4.814639168600863e-126,0.0,1.0515921445044816e-129,8.52357838739064e-98,1.0513170929419958e-72,5.444766816197389e-59,6.94502725893641e-47,4.024586797599984e-39,2.0422826719902023e-33,2.4170007134520477e-29,2.0458387372898342e-23,1.6910487092392172e-19,2.4780604706035516e-14,8.149714722441589e-13,2.028211941860525e-11,7.462643059400049e-09,4.5940851586307256e-08,6.437333465314548e-08,1.6112602392858833e-08,1.1837857876488615e-08,4.933147875048497e-08,4.6600267474653945e-07,2.2585396317474493e-06,1.8688255221577275e-05,5.830576836706143e-05,0.00021004457279755634,6.37848599459788e-05,0.00023726706143221198,0.00027976551674043355,0.00033977446615973114,8.554150424695852e-05,0.0001021962900077556,5.701740541555147e-05,5.0299307090747506e-05,8.332416619419051e-05,0.0004031602754754167,0.00041981333470863727,0.00031834625904363534,0.000364556288449513,0.0032650452502440445,0.00999336853899378,0.015044697953095128,0.04478647122107771,0.10847634154196902,0.147997139295374,0.21743355836700026,0.26786925082420315,0.5415135694609445,0.6737225006438543,0.9790482897670097,0.8344119554599299,0.9786444362314022,0.9695433953977549,0.9131423474618937,0.9958207004668943,0.9142533447159138,0.8672196304367331,0.7624995242780982,0.980309875368857,0.8467738370330313,0.5423706398529267,0.43342259789358606,0.4397061173903982,0.35945308670439136,0.2573907254674939,0.44458787914856573,0.46054711914372687,0.6869871414267971,0.8338427125975153,0.4809880519983431,0.2970247805248749,0.22544528940327596,0.34279756169828324,0.1317865315692706,0.0838802800136437,0.0241106315961423,0.008409075685303162,0.0032965874229016314,0.0025208363635852017,0.0008081002063097708,0.00045966557581730844,5.703479073956504e-05,1.9975345660912286e-06,7.305096335759201e-07,2.3747494915056019e-07,3.2244186306724796e-07,1.1536850880525985e-05,1.9330118447296828e-05,4.995565116665825e-05,0.00020684463265871586,0.0005027804584075497,0.002345462367574789,0.006079628880123303,0.00241317300164982,0.0062911058625921236,0.0015096469054646385,0.0035381943492342814,0.0016893984627843691,0.0028110795777186834,0.010682119104709165,0.002954238338445954,0.00031232004907011076,0.0001176882392748849,3.991887973502034e-05,6.406233539268031e-06,1.4905384463472623e-05,6.502025158218801e-05,1.4784001990888361e-05,0.0002554300093027305,0.0006067372259332917,0.0012092354968406113,0.005791279709172886,0.0038063597180743483,0.008921352585865742,0.004973478449325832,0.007069867219253874,0.010928987458245222,0.005648166408207821,0.020359842257854692,0.019848745420218156,0.01119285570425032,0.010552201775649361,0.001797381519429638,0.001528027337626457,0.0015256403010747864,0.003125424513024819,0.0016745020730670876,0.0009044797483343081,0.007179175509431115,0.0032690124738528393,0.0006766787821039222,0.00020190479765191038,0.0012174006319560626,0.00011488252154610611,0.0005973314069763242,0.0004470825710253,0.0001416462454949039,9.260273273483896e-05,0.00023165802664716251,0.0013314509953160105,0.0012963838131177783,0.0003262130031611656,0.000756114865190993,0.002567101023415751,0.006077941387412616,0.009853283689788375,0.0028964380231863793,0.0016791647100286816,0.00046993725019987034,4.085877743879586e-05,9.214307590630555e-05,7.73460326934847e-05,4.214522351810307e-05,2.8878854376211245e-05,1.412621783191403e-05,4.836545224689465e-06,3.041617421088134e-06,9.559729598832802e-06,2.967803113377201e-05,0.00018276305286457853,0.0001625283888097247,0.00025756358066454356,0.0007054976979036206,0.0007712410298071,0.0011613890923290846,0.004177982822480852,0.005437128633372445,0.015421263809713268,0.022610489157694164,0.015181187633295633,0.027369715252875317,0.062246966223577664,0.07578430910494777,0.09774910501360562,0.09654073751582537,0.027346054814958578,0.018437638147928665,0.009657206532543408,0.006951326482113237,0.0033339092078361744,0.007506327256361772,0.0014309219544666968,0.00338618538806084,0.0022039004151329874,0.0007694377324894818,0.001042399035781574,0.00398317930625666,0.025993459061333372,0.011285893305388067,0.015850200652507005,0.08540987373442992,0.16670224720097845,0.09758677836030055,0.025697625869348296,0.007110809768272217,0.002220694751959682,0.010090695406100293,0.0010748491441406472,0.0300975926548977,0.03572036650083422,0.010120422991644045,0.0035519945158541868,0.0008868917843024892,0.010514202748476352,0.016594437481623946,0.04077376176464811,0.08590031677670905,0.015220173231864618,0.02207029183002753,0.037746480951364354,0.014032633384044903,0.021895266681007008,0.0007149447087637437,0.0019956058117382752,0.0026710680405309453,0.0016896901886462453,0.0016551094750512818,4.029086734941277e-05,0.002479866068776251,0.009785785298626911,0.03726164686185215,0.014486707689280204,0.006700371249850874,0.01947294726860168,0.06174842205427105,0.13694522345759574,0.11822573608224883,0.12032805880728524,0.23729701788532528
-2.700000000000026,0.8399632181680898,0.8594848474354467,0.715735952306828,0.7708650924893488,0.6670587658769047,0.7900811823849669,0.8282725482815753,0.4512227829382822,0.2841386795060086,0.2592144647942742,0.37558529026578874,0.2809421908872454,0.31073174892712857,0.2196248473263538,0.26231838267722335,0.33478171552664904,0.4800452269254597,0.4212137507202248,0.3359607522123906,0.2846755424383912,0.5875589826549493,0.7569064908669586,0.8239360074597699,0.914418370146167,0.8221425918756302,0.6184789186555167,0.5787748787206036,0.46296403257277763,0.6168018516152665,0.6273622664579476,0.5657575617812608,0.30057198879711416,0.5416769874008167,0.7318439372970459,0.7145736842216289,0.40667207873056865,0.25479574963142254,0.15675742224111416,0.08397001198675585,0.13036940156633717,0.14876522720443364,0.09413954528985294,0.07124622844668603,0.13275029090064272,0.10939091839540593,0.018795330634776636,0.01795639204815015,0.015867282234452888,0.014904432502185847,0.006981585698235741,0.0015758378161166743,0.0006984653426751142,0.0005095586616453106,0.00010287318838755194,7.225502246418828e-05,2.3994466231732767e-05,8.396556779054583e-07,5.6257312521870934e-08,1.4214314060434244e-08,8.536387691304703e-10,2.467814074326586e-09,5.915990011513938e-12,2.014664411113853e-14,2.4328404846945085e-18,1.4470065321838925e-21,1.556211844139988e-24,1.604157013471479e-29,6.268717017786166e-38,2.7222601111609352e-43,1.146894533136868e-56,2.303025313137899e-72,4.35830123617178e-92,1.0515921445044816e-129,0.0,1.2604544999668356e-129,9.453155284641362e-92,8.789269202397977e-74,3.596580334016952e-58,2.5330557784599535e-47,1.2779171701186089e-38,2.6147297537244942e-34,5.4032269473685e-28,3.369711713844046e-23,1.0192968230692066e-17,3.097145147225925e-16,3.367001397107231e-14,4.677336185778361e-11,6.9945713683808e-10,8.919094281696822e-10,3.4911458128223446e-10,5.79185201163793e-10,1.906829882211581e-09,2.3677588550616808e-08,5.426663701395561e-07,1.8288000663262678e-06,7.97696566115207e-06,5.4474367376725944e-05,2.6572269617668702e-05,3.9755605299589295e-05,6.526609662621734e-05,6.927433356369269e-05,3.215740276565434e-05,7.842038424186346e-05,2.0844591969830514e-05,2.934008575985466e-05,4.304891375174554e-05,0.00026311460674303906,0.0007092794037242967,0.00025216315904732367,0.0007100997046184473,0.003873136065634525,0.011156106584973133,0.02557651056343506,0.060743465390545925,0.16584267963898827,0.16738186765993074,0.2228135116097094,0.24527187022670027,0.4896694680645019,0.607032766158534,0.8561306846512313,0.9791684166188657,0.9231668993732576,0.9396702122743109,0.9944399137705988,0.9933122827539825,0.9219826703450669,0.9150400768681491,0.7558139614842212,0.9410229661092804,0.9073560997980131,0.5723190609280013,0.451357770996943,0.3663012754894529,0.27470184999652525,0.19759352208109268,0.35189535217566803,0.43217213674503835,0.6776541463523723,0.9874907790393065,0.5951621980648056,0.3904370472550316,0.35732762529603973,0.33822163251360676,0.19300364149273327,0.09162780914207427,0.02957375065713162,0.010926836249527356,0.002831277213851688,0.0037934447777057765,0.00200798510556973,0.0013209221039576812,0.0001334295575035378,3.2401298082198684e-06,3.831529531300311e-06,2.5707173928027507e-06,4.538428103165729e-06,0.00016907209081394055,0.00019453152966235934,0.000944837119209036,0.0024386967394197535,0.004532177193397427,0.022023081482501657,0.038802213663510284,0.029742096278367533,0.05440215958908425,0.01380339421138153,0.030187860770390533,0.013809331942593551,0.02758500428284209,0.06889697819856741,0.015847619900905028,0.003032426632875394,0.0020780534540957856,0.0009505997388346928,0.00017204364370703847,0.00023604517349801803,0.0008721742727665498,0.0005768602060690751,0.00202558808326034,0.002873424329323914,0.01787753018536804,0.03621660494255843,0.02917820538581182,0.0620007648682366,0.020040398072926208,0.03725330516463594,0.03954485127975492,0.030808437753079107,0.05537162620540731,0.05813462629819792,0.02843184225254595,0.018172064931912594,0.0034468430843539797,0.0023460644505955545,0.0034053902405406385,0.004496429705823382,0.0025072188507383264,0.0008889638950616642,0.004944275388370235,0.004377825807786583,0.0006672848912510392,0.00019993602471147354,0.0014226942563581632,8.024633706958854e-05,0.0008494126524867705,0.00029398304458997033,0.00011373727935802499,6.3653536625401e-05,0.00011982393578578898,0.0007705485661994075,0.0007211501778354576,0.00019329336448725338,0.0005472757195454402,0.0018533509616940798,0.005061005372556616,0.005916884291062785,0.0021816099406301586,0.0013134824960583805,0.000247138070134657,2.3123557369418006e-05,8.02129622068108e-05,7.384869528243756e-05,2.749563250080577e-05,2.279574897390245e-05,6.583253406808805e-06,2.1440995118752463e-06,1.578898247259304e-06,6.190996511580094e-06,1.8740822825923276e-05,0.00014454867045973952,0.0001575984498731054,0.0005748877047147966,0.0008718736869412926,0.0008284353192836979,0.002018748342642276,0.00277952716909187,0.0043072983587831085,0.007395604413231826,0.009565281797781771,0.00479407850646251,0.00967730827742434,0.022236201358971117,0.02048684558449252,0.04678593691581494,0.04606137507365011,0.018959189071171723,0.019305027668452428,0.008567688146060288,0.006885087496490542,0.0038278302210167335,0.004205440657938221,0.0007096028407353165,0.002585150918202172,0.0034540318144379027,0.0017237197542410861,0.0031035609845788984,0.013910688264436226,0.041262368625769465,0.02288617038413925,0.023943848235954152,0.09169320429633912,0.13968896209586162,0.07930255878059594,0.03317912172308345,0.012597252718160147,0.00652453533691218,0.02100666022314935,0.0028179712542646153,0.042290919171280285,0.037380956181435235,0.005737308689437401,0.0012501667842697967,0.00024285313347286122,0.0020039957257384352,0.0035608961239092913,0.006974866695886095,0.016371865832409585,0.0018161543371595405,0.0039614938388198295,0.007552495699794261,0.0030906710600583105,0.0063470689930991645,0.00021777486823164446,0.0006976982360324939,0.000937267032351689,0.0005557137023333636,0.00038566153205899753,8.533096591659536e-06,0.000625481323115525,0.00216402731104287,0.009672270802215681,0.002144419346174084,0.0006845483897698874,0.002256318772583023,0.008729537798768805,0.05022296719326525,0.055263481059781384,0.07397106366922636,0.14368328903441305
-2.6000000000000263,0.8331334936819798,0.8914012977207809,0.6457674123750375,0.8875932811632663,0.6010063043813026,0.6934267842915408,0.7636335960388466,0.5209198404163051,0.462701606536378,0.4141828973932232,0.41134128212854154,0.3072054978879477,0.4450370941815199,0.4286117410979754,0.4941548000855094,0.5086882072771055,0.6801576881950335,0.6156551701688434,0.44466685771279935,0.2736244113902175,0.5786083233396414,0.8032395767979698,0.8913358227255807,0.8970825049938257,0.9723643921978163,0.7796681607906712,0.8761868778299657,0.6443355697074955,0.8737174335883637,0.8608188036054337,0.848977170875867,0.6290896091137681,0.7863277779968726,0.9941422826309237,0.4796490979845505,0.19062847934920604,0.0961788295880956,0.08776922701253552,0.03925538811247369,0.06907082643817176,0.06505389469728703,0.06408087826763656,0.07057725862736872,0.11473039344599935,0.11290677515189733,0.029905706462302492,0.024092798612181228,0.030542791227353292,0.01317951846612097,0.009979378490488558,0.0017602884701736637,0.0011403674529860569,0.0009697552932838501,0.00015235282441545511,0.00019762333206791837,4.339899197131203e-05,1.399339533637641e-06,5.099632047434061e-08,6.245705067760482e-08,4.1192450706153425e-09,8.134721222604676e-09,3.029983252253109e-11,1.6385323672529063e-13,1.070254703020378e-15,9.515851942315911e-20,6.087908411897456e-22,1.6596518629111175e-26,3.839404828056668e-33,3.4727132403732312e-37,4.475570369194098e-49,3.631504780612064e-59,3.344757730066747e-71,8.52357838739064e-98,1.2604544999668356e-129,0.0,3.847164136376052e-126,1.5869524409013262e-97,3.658381198004203e-74,9.015685005824467e-58,1.233659141241783e-46,2.4390299850665994e-39,6.644960844455459e-32,3.756181600124058e-26,3.2230466393792444e-20,5.9060211535763275e-18,2.720448329610619e-15,1.1605748574912285e-11,5.441945943329161e-10,8.589642133709248e-10,8.972028139932186e-10,1.5623968602018012e-09,5.178258499244551e-09,6.703401502261885e-08,5.738627986256664e-07,1.7884418926789471e-06,6.527047441692689e-06,6.019328554992581e-05,4.031886566526916e-05,0.00015219743830292007,0.00024396955409085888,0.0003968888613332655,0.00010259176268821451,0.00015153739055160046,6.565842069705587e-05,8.393195530234279e-05,0.00015366701669559276,0.001060113853251104,0.0019619625300242734,0.0014971977263260015,0.003073283368174729,0.02091125275561599,0.04288423340028671,0.07672734350759741,0.10991500244699604,0.19151214018676943,0.25136660736254685,0.24555249100544893,0.21884922135766002,0.508494850332495,0.5660414251077547,0.7776763226793934,0.977635824254432,0.8116340805452588,0.8175497915858368,0.8212948431991955,0.8945779759345537,0.880744647231967,0.8772490310590857,0.7357316661247482,0.9289872008565598,0.9804913304101653,0.7107473788394376,0.482499236177075,0.528631384497429,0.45820056148121224,0.2584996638197064,0.5074040250953726,0.5495825213982598,0.8730162739896073,0.700520000623079,0.4190256597430082,0.3011533718274539,0.2754306891440174,0.42274857090162765,0.2190385793877676,0.16350208586587167,0.05736140512626612,0.02155300525027968,0.007775935355787125,0.009934101177786966,0.003553812844566311,0.0022817677681033154,0.0002933294870007176,1.798965828400862e-05,1.1038642874571077e-05,9.858432646036863e-06,8.1788134333775e-06,0.00019651359508600548,0.0003686029869250029,0.0019125808877948963,0.003578561011808232,0.007010652287052813,0.04002976629141218,0.07106511046412185,0.04349335346103961,0.08206346780784465,0.019302558909204338,0.04705615791818949,0.03428932872607339,0.05685454906551714,0.1503012872208222,0.03824755813534398,0.011069389748304723,0.004994164005110113,0.0018231840808779585,0.0011647676681078604,0.0018545929715299589,0.003934348388541535,0.0017822095393203558,0.015395535799142868,0.02190887238684795,0.045140174583754966,0.11031996860460584,0.09487379505654574,0.16934059941817498,0.08925646405519075,0.10437141771928718,0.11169064558291307,0.0708481262465875,0.10857717245809763,0.11968575532361385,0.0750840432284815,0.042542849286205886,0.005998391124934084,0.002660342131528316,0.0017483600408349075,0.0019105139896672526,0.0014088593129396882,0.0004486405700405478,0.0034521428595209675,0.0009321103870830392,0.00018819389513383998,5.221012601087996e-05,0.000919517194233583,4.247731269671321e-05,0.0005799252074703201,0.00028129953606732675,9.885543366965501e-05,9.900872195331943e-05,0.00017219477943882563,0.0011704458910778404,0.0006935323627917855,0.00012790192876445289,0.00031622054447568825,0.001401960087813693,0.002567418375598339,0.003545711486333882,0.0012213737941065659,0.0009947253973637189,0.00036033350081743316,3.439089561908378e-05,4.561928980173688e-05,3.3527313273899436e-05,7.2317203041102935e-06,4.531054298034408e-06,5.226316188185569e-07,1.9031662868461348e-07,6.60056199965699e-08,2.624460392373925e-07,1.1122160321810633e-06,2.0998977760665667e-05,2.9740871892085734e-05,4.8940114906217254e-05,0.00029593693166339184,0.0001883683839330129,0.0004059641812843037,0.0009686872725448102,0.0013793463994580474,0.003460594631057013,0.004634271734761085,0.0015351815583204852,0.0029075516526833535,0.008985471269976028,0.009189636961853882,0.019682442184853915,0.015586219150108264,0.006625843876658896,0.0026818418058317407,0.0007620379765194501,0.0006885053858286094,0.0001841314794777189,0.0002577828612619284,5.663270842787465e-05,0.0003339614136574381,0.000766276581098338,0.000810219320731952,0.0028991192758919646,0.018709348822141127,0.04685934649779423,0.029207066418552446,0.04036487859316127,0.10572292940878265,0.16639627236919782,0.08644088885318477,0.025601960002739264,0.01040446631555165,0.006654935578375704,0.02510945430588781,0.0028286334496240846,0.03925544688328147,0.03294672549626421,0.007624486266175224,0.0016999512935275164,0.00016102452104312047,0.0010910607273662961,0.0014939438762639765,0.0034217878508215603,0.0088240315496357,0.0008907362963819902,0.0027256149654570176,0.007724755091547386,0.0024874418878551336,0.0051372817790058065,7.389791587511417e-05,0.00024455803337883233,0.00034014345873095166,0.00022032335967442536,0.0002466567031395597,6.97333607590339e-06,0.000636917565050184,0.0028134029586268957,0.008634898646256542,0.00417425416621039,0.002444031833747488,0.010087317541614581,0.04572972807003827,0.15446701552680955,0.17274593393218068,0.1351048488986776,0.23205221009933813
-2.5000000000000266,0.5894079814036585,0.641612789099764,0.47660826207497264,0.6870865788892114,0.43919641773712953,0.5125328215582413,0.5620937561434021,0.3889182153465555,0.3814377150621761,0.3499242845571273,0.4218203941708929,0.3388142622088882,0.4461342333869402,0.42513648006941857,0.4462355638614056,0.5290759387871767,0.6409985733695028,0.4790001100479696,0.35530685670444323,0.24976685198285858,0.49819464796464247,0.7210622541116579,0.8374180136598637,0.9864259695931116,0.9764931511507499,0.780649192290028,0.795168450596073,0.5437129606639213,0.6903901337162615,0.5776879336550026,0.5076332712445248,0.366726752586568,0.5146397782504124,0.5912378569932556,0.871232623090702,0.47871184419451995,0.28633205753420843,0.2619817588749614,0.16483023389776394,0.2288207838460101,0.2523735678789886,0.26113292129072757,0.26381697908293467,0.3347667387489308,0.32046780545834547,0.1148597176976569,0.0842452983852958,0.08938048583402447,0.04555326034828249,0.014975088504890996,0.00436179591782719,0.0024715081957809547,0.0019956127008995783,0.000670000019534473,0.0007016908049938238,0.00017427891082027252,6.724568820845281e-06,3.4733975486487066e-07,7.65008769860018e-07,9.009517245714498e-08,1.123576059084475e-07,5.980080390805951e-10,2.581154160167545e-11,5.618001722117593e-13,3.1065996484521327e-16,2.91925691266404e-18,1.572339913757017e-22,6.660321978168902e-27,4.0988815571895975e-31,3.380756652442243e-40,4.3101408670408074e-48,2.2237255650766987e-55,1.0513170929419958e-72,9.453155284641362e-92,3.847164136376052e-126,0.0,1.3951988064904575e-134,2.8330166224595737e-103,7.852219492845442e-79,1.5435915687581998e-60,5.974595887439135e-48,1.9714612855825773e-38,2.317534063781899e-29,5.149649506012043e-23,4.3527846658453e-20,4.820679794459273e-16,1.9541935094010516e-12,1.6484622979153023e-10,8.951781531968304e-10,2.6582407618039984e-09,6.7541222650423205e-09,5.6403044220157144e-08,9.532925101793299e-07,6.276660682439922e-06,3.392960909608543e-05,8.099477760461498e-05,0.00019513969593572625,0.0003488602125043186,0.0012932865975071785,0.0019944100063954777,0.0018386163048020538,0.0006723350089011563,0.0009057175382664319,0.0003916335511359446,0.001461105276630214,0.0014639334637323329,0.007539307405692849,0.0176071589197029,0.008868169484853281,0.026161245644576916,0.10078856057572955,0.22152467564770567,0.34201842591946957,0.3589995943923737,0.6083010551037834,0.6917152574423312,0.6798650555795694,0.6815506765195006,0.9060791250426156,0.8132711384774711,0.7077555345588248,0.5403397492322664,0.7147052846444254,0.7981464956651849,0.7989576904550955,0.9120913644408091,0.9300902636739257,0.8842062805126433,0.8859670754726421,0.7461432296201923,0.8482588452407895,0.8161708165437179,0.5593252061551819,0.5755927207642588,0.4937382211986204,0.24198931112560843,0.4895949169697022,0.5394839456327007,0.8186750513885975,0.8241067850550391,0.5188677267086742,0.49793777097328346,0.44935255694871307,0.6855867554730032,0.46951670098692544,0.35908225658547477,0.15054835735335803,0.05768842550122561,0.023085121227463888,0.02764933034534002,0.008210085546243468,0.01065199545815633,0.0010271431497993978,9.90195005959749e-05,4.9554156237202544e-05,3.37109503566474e-05,2.9011985755889212e-05,0.00044342104572194684,0.001167207157403603,0.006676919150404682,0.007231404683141142,0.01546773251622023,0.06635906192952026,0.12284459829885107,0.05013128435357188,0.07736696939035251,0.01870525551438197,0.03565958021484695,0.027543902530039896,0.050465801510307856,0.11383055327661425,0.03190649116769116,0.017240676716543182,0.014856026195968198,0.00855946117352976,0.003142859137765304,0.0032861047977923753,0.011307319085478558,0.006102438305475822,0.0334335325827173,0.03754308691141906,0.07189293861550898,0.1667000984838065,0.14397835730846828,0.22108915107237165,0.11711484335770823,0.15093276352747997,0.19818564796363242,0.11434823263443744,0.1328983017811768,0.15717723949228862,0.11071862196916187,0.07314307793570568,0.014069305456432904,0.007076106979343044,0.006462400155867403,0.004335818542124079,0.0019276452834018603,0.0005956385937359779,0.005138469149907153,0.0015017411463900188,0.00034794201880407853,0.00014336654882424047,0.002504667758747993,0.00015205752083442676,0.0021323520753421545,0.0009619126724132405,0.0003381935733734146,0.0004508441943433523,0.0011257967193172517,0.006206340593754067,0.003259267701258779,0.0004742709388907218,0.00080782039395713,0.0024970961847874235,0.005238503990533334,0.006954078030114708,0.002395560835771653,0.002621817569422332,0.000935337141977043,9.306807756753166e-05,7.873718972536644e-05,5.4200932632507256e-05,1.4322014558096647e-05,1.54483724479033e-05,2.66956044097697e-06,1.202850967134093e-06,1.3143526825879104e-07,2.6578887828674284e-07,1.3681963930031832e-06,2.4338183618202647e-05,2.911301493472935e-05,2.9032071239850315e-05,0.00020056819632437788,0.00010051175011639633,0.0003454232972076233,0.0006308415517760091,0.0007480312388487869,0.0028264025445868504,0.0045490184132285566,0.0021469385617389233,0.005057579936987088,0.02095326702231338,0.025628425834634875,0.06315498810129903,0.06708920135221848,0.03451574911869311,0.013332486603250206,0.003675879138686735,0.002734658999975116,0.000401750194001469,0.0006152266817493143,0.00023199671198494904,0.0012289409406707496,0.0029817808508754593,0.00253045448687196,0.006281729791929991,0.026595536518197068,0.06738996989947227,0.056487198040020614,0.07213197967582109,0.13149076638261,0.22927265202425373,0.11417922115814566,0.027318018371516237,0.011501471142478762,0.01943718940583642,0.07058846833386802,0.015399326114619307,0.15885929687267195,0.15690707667369763,0.05097257867297964,0.015789647337722597,0.002822249947968217,0.008953883508784993,0.009975109542140616,0.016864400510392886,0.0285139285601988,0.0027039677344761473,0.010699860056013656,0.038210870460895933,0.0103924705094092,0.016808945003281096,0.0004872771115855647,0.002346090035249055,0.003924325174238484,0.0034662904082520046,0.004649192881441886,0.00018857254179832774,0.009318225383025604,0.018498136943629676,0.0324600591421896,0.0128207387140485,0.004484765510604693,0.02315867631823836,0.07016305448214488,0.2846039544138511,0.29763791314199034,0.22160398731396153,0.33328440458848624
-2.400000000000027,0.6605741088046682,0.6688493451073529,0.4730568638168633,0.6397705665913687,0.3857222623435544,0.5569928135341264,0.6658983459355169,0.48279912456670065,0.4858005335288611,0.46405260702712486,0.5115487975459001,0.4829384630126471,0.5865827042312322,0.45890178053256225,0.46929061625370694,0.5042980219300729,0.5315536910263178,0.41571762495660647,0.276475185591385,0.1723926393557399,0.32231264974419715,0.5533489988950103,0.7322038656185867,0.8231167153652836,0.8310793005242629,0.6100665588336107,0.7052592884030818,0.45589650997880976,0.6586549528652282,0.5874832200289898,0.5019860198364637,0.44451285423812587,0.6343278875401623,0.8173489542132532,0.7049369609888111,0.44319733755798113,0.23224015224316938,0.16754521837638356,0.11705722624651159,0.1914209561522502,0.2149940538698988,0.24702216690331816,0.2297783106808625,0.26714593365039224,0.2672998128112467,0.10294962666481018,0.07005362523131835,0.05535076417042838,0.020322424518881853,0.007462795853051145,0.0034792723806363417,0.00159008280256994,0.001563755350407022,0.0008116971177007752,0.0008020852420379409,0.00026479210121968077,1.4625162061237002e-05,1.3952886285486972e-06,2.9331636394540775e-06,3.806105621810263e-07,3.316201731377549e-07,2.638345339010733e-09,2.565254243970906e-10,2.9793639083892603e-12,1.0468919962818465e-14,3.2113023979121195e-16,7.536024240682432e-20,4.8721239132873664e-23,3.233695429154514e-26,2.5741773533856237e-34,1.2199395096194407e-39,3.362640897532632e-46,5.444766816197389e-59,8.789269202397977e-74,1.5869524409013262e-97,1.3951988064904575e-134,0.0,1.2484852770287996e-138,5.8800838316818374e-102,1.1981317706846197e-76,7.623768923759414e-61,2.293442977146819e-48,1.0664913377666557e-36,9.781173670200774e-30,1.4139434323961864e-25,1.1777548714807453e-20,3.7534215962197865e-16,9.430299278377698e-14,2.297598493993685e-12,8.492567578065141e-12,3.457406603701888e-11,1.2494096188972273e-09,3.19800084640733e-08,3.9584609561209063e-07,1.6981891759258404e-06,6.878285768092177e-06,3.134386501927134e-05,2.3633893351970035e-05,4.538574958999699e-05,8.237227225854338e-05,7.495729983078727e-05,2.0146270455962672e-05,3.132860436279063e-05,1.1690063026744473e-05,6.467738310631954e-05,6.943282073780883e-05,0.0006383781411156943,0.0017817349481664632,0.001260558827170976,0.003085973734048517,0.01886529909967439,0.033959505114924564,0.06799080842502635,0.055113037434260215,0.14014060031047884,0.15971063557492812,0.1259142074529654,0.12156051792211005,0.2536080302411869,0.311264067464371,0.45864839227020776,0.6299767005114835,0.46162649847695836,0.4621174375740903,0.4964972290922233,0.6216964873949893,0.6280164548425327,0.7239658034851456,0.5250397744063341,0.8507724720077817,0.8160510647503613,0.5697383904332479,0.41549345468687626,0.48652628907809814,0.47981979337668634,0.25479137286952663,0.46793016573654206,0.5330097160638178,0.8733121568561657,0.9600919541937678,0.6742935404399292,0.6583201111420754,0.5698737424889319,0.7710319012077906,0.5833939019530072,0.4514426755100419,0.2541644414282514,0.0921520665206798,0.04429675777857894,0.06602082532616034,0.026721549106887472,0.03354897641572375,0.006441976151737509,0.00117986926895264,0.0008680306517138665,0.00040323161108666097,0.00023131452895689344,0.0011476452125798817,0.0015123400014338474,0.00782879773952661,0.015516342774879791,0.030076266318549597,0.12950063768593545,0.25659121085075703,0.12062236808456138,0.12034455489327096,0.03406058836115957,0.0608475220183804,0.055666926959188096,0.07140846216613542,0.1507114469471318,0.0391521620723079,0.022813713415582183,0.013239198981858385,0.008328117866649288,0.0053355768596284455,0.006029855018053396,0.019009046298509854,0.009777997409812089,0.04597457053759339,0.06201955376944402,0.13555648049154811,0.2783804372985175,0.2731909328888333,0.36634843200637857,0.23913971116303623,0.2731692193067703,0.31342546428306906,0.18063781272309312,0.18038085987112265,0.2070767204690887,0.09824764647243249,0.08087742504815826,0.021219088319494067,0.010338594435235434,0.008476349358708318,0.002631201655284547,0.0014733750338798929,0.0006505947199588175,0.0043222544303546636,0.0014197898320565622,0.00031030634583197975,7.975156648869725e-05,0.0015531522353365403,6.315823159218924e-05,0.0014861150923011423,0.0006091206043794413,0.0001963399690005254,0.00022296344379473868,0.0004449139046633858,0.0018796094437786987,0.0010988869279375765,0.00019137259894996968,0.00025655264405848244,0.0011212620327795504,0.0018694999751264034,0.0036669243641085526,0.0013306998559162958,0.0007742768687176924,0.0001946980703311077,1.1874341501352613e-05,7.868220328026968e-06,2.731633337077503e-06,4.1314163187998406e-07,2.044696645971247e-07,1.255966569178971e-08,3.127381766845154e-08,7.4456815552233895e-09,8.503620956163862e-09,6.234474734132044e-08,1.1674077105575019e-06,3.2087506626321225e-06,1.5936320732929793e-05,3.4620559623737566e-05,1.9012166405540636e-05,6.841938104239589e-05,0.00010851026245869435,0.00019479242451393778,0.00048084193974780586,0.0008997096723416208,0.0002108341749078421,0.0002391188645443257,0.0008789907421668566,0.0007013452384648567,0.0015813503114530177,0.0016570578415244634,0.0008503600841888922,0.00023396709655441338,4.757117847027295e-05,5.0446592863012783e-05,4.840392555529386e-06,7.3543269535905055e-06,2.4400978099178616e-06,5.657111247970628e-05,0.00035327788839708825,0.0005881758231406273,0.0018257606915369972,0.01225208880839503,0.034818687438015264,0.02642234415531312,0.044284298060422465,0.07870690098848461,0.1293209934672995,0.0718824445454248,0.020413507780095326,0.009004303995399426,0.012535641822738324,0.03370859795649848,0.005298327138260492,0.0567169322576177,0.05271625325380978,0.009669944126062997,0.0026965073926139066,0.0005326084416041337,0.0016944356957605356,0.0026151439117198102,0.0032867924985618404,0.006575909089270504,0.000652118965969157,0.003009701628759519,0.009119828260762077,0.0030873689027521205,0.0033243881279415304,4.566946792412916e-05,0.00020502013564283088,0.00046235817020498434,0.00027405902186926166,0.00035648295965915084,6.05709593737872e-06,0.0006513848222372018,0.0017354020186589293,0.0019868710136133564,0.0008356873873065976,0.0002147555638554701,0.00221175631663579,0.009126831516009857,0.049806516374053665,0.04860734955112175,0.03098563349547653,0.054036551881309444
-2.3000000000000274,0.6669287146587567,0.8138055303594313,0.6888022694528442,0.9187671292716919,0.6568548182695412,0.8054354108809476,0.8355097266055256,0.7269283737441773,0.5872012792545738,0.7498792641389332,0.7905002358750706,0.8343657311601942,0.8513843184142246,0.9154934229507934,0.9987739318869898,0.9238353490996764,0.8566574180713683,0.7261102851476073,0.4861430253147046,0.36312068665103886,0.5600616780492611,0.9304471544723734,0.8161063331670447,0.7705932881882052,0.7544804097898793,0.9147639947409834,0.7920566866882467,0.7774943077113711,0.8919139487312523,0.7717238597723186,0.6344193666423202,0.5440595405252251,0.6771494459611209,0.9206329620232704,0.761124840895875,0.5410551873030897,0.329986603345783,0.4103950376013241,0.2518935151829279,0.4460650766546152,0.4739041876781278,0.5428388157532935,0.4212710158937889,0.41396513078533365,0.39383504553537046,0.1648281074779414,0.11813016924774739,0.1294450131735734,0.0387199897991872,0.01703757868871062,0.007929545017117876,0.002835424614660189,0.005043090546379408,0.002481996679881159,0.0031742145536018443,0.0006626900603378288,9.55824117579587e-05,1.664884703403004e-05,1.8696913587565145e-05,1.981755167399757e-06,3.114535905367146e-06,8.794497339899985e-08,6.914721798596852e-09,3.019428725311371e-10,3.808367850224628e-12,6.997574402453643e-13,2.520466892849284e-16,5.058921518964956e-19,3.6664549700997866e-21,3.2786384249896275e-28,4.097653964795411e-32,1.5031584781797844e-36,6.94502725893641e-47,3.596580334016952e-58,3.658381198004203e-74,2.8330166224595737e-103,1.2484852770287996e-138,0.0,9.300731428321339e-139,1.377102035174621e-102,3.5120039063278574e-75,1.07786137740857e-58,1.3637208585127823e-44,1.67715969873823e-35,2.300061431909017e-30,3.691422843146505e-24,1.1643916842232668e-19,6.442857821812632e-17,9.198550168292899e-15,2.8113474620285385e-13,3.442806627024283e-12,1.4432889989540941e-10,7.767244955719301e-09,1.2193289012324566e-07,9.299301595097582e-07,6.314621899982421e-06,1.660084199375124e-05,8.973109963422901e-06,4.359885358366604e-05,2.0481521434039704e-05,2.1372753868478417e-05,5.416065489105847e-06,3.7381516744795277e-06,3.242360592826799e-06,1.513664376374885e-05,5.7145257079914596e-05,0.0004905044519995056,0.0008752942420107859,0.0010189421273569441,0.002447191009442116,0.012508621171804993,0.027746708393870143,0.0441161674974463,0.035517920747090495,0.0765865156100927,0.11591703446762465,0.09701169553608671,0.0875129177540307,0.1740108589673585,0.20699149544851864,0.33882845375059256,0.411871458309406,0.2802161847797114,0.3082119737040352,0.33796918914616153,0.462619691355894,0.5041781526730078,0.443282693745536,0.3312486789175533,0.5747387070401158,0.5784042249556206,0.3812792696514966,0.26712338913793454,0.3522023684087171,0.29136385487988503,0.19684543533265977,0.4239257601932227,0.5584032975433354,0.9696154764093766,0.7348985924580649,0.5761924151721731,0.5780492067777808,0.45346869651682387,0.7527394044767719,0.5653931915521888,0.5535978463577779,0.4045529003190999,0.1777699158123555,0.0861151350252286,0.12767939855325297,0.0387682700170413,0.05164947576310804,0.016303480250734834,0.002780287793929481,0.0021797983717212134,0.0010170298746414697,0.0009326109165569647,0.004090309408842262,0.005272040002883417,0.013340393468377426,0.031858985717158485,0.0698900337876006,0.1944368851668385,0.2847534198849084,0.12785384163677166,0.1266839891147888,0.03195991084970389,0.046327055057973375,0.04138193078547106,0.03865780869697081,0.07944492535768787,0.02149308863004435,0.01411900355666321,0.006184180878112202,0.0027698437494686028,0.004057517444484829,0.004824280127970295,0.0302040668762824,0.009659199789320559,0.027199962917518406,0.04871599222269466,0.14324352318234043,0.2696397413616197,0.2646491050742345,0.3061665090564654,0.15558857584035943,0.22667985478853925,0.2607779078591993,0.167548966896322,0.2571997184617644,0.2856274965275554,0.1490138520054291,0.13950331260286086,0.0560718362102115,0.03359207966344847,0.016298884622559868,0.005956193599703901,0.004134883505549998,0.0015720850060491978,0.004200363076994895,0.0025164607549057277,0.0011378547429805744,0.0002688550550004167,0.003205559087238378,0.0001031761571655425,0.001730919265306368,0.0003767147256051313,0.0001928793440740892,0.0001442277400064967,0.00015172814529112473,0.0005199403237272625,0.0006875630952756884,8.825752393402735e-05,0.00011712285480058313,0.0006800902595678497,0.0010972619989825785,0.0016965270108334283,0.0004851497704874428,0.00024112361672325408,9.942104724153548e-05,6.972682824438858e-06,6.099886463321696e-06,2.8799220833493074e-06,4.114710487185238e-07,4.524443711432958e-07,2.2308874152733693e-08,6.294388084091913e-08,2.1373635258916918e-08,2.1360718353874908e-08,5.234490512101135e-08,4.125704956289105e-07,1.1219798028583673e-06,2.901556628117138e-06,2.723731547490757e-06,2.3616555995007686e-06,7.3688430042564886e-06,1.0355514671379545e-05,2.3501262139847773e-05,8.16510488471509e-05,0.000151336822494139,2.0435030241077336e-05,2.5596845638237332e-05,0.00012129931864122435,0.0001179532284979355,0.0002749512048673604,0.00034758771146262265,0.00010289006347235693,1.7546816726751792e-05,2.0727354559800006e-06,3.9853420327640735e-06,7.406504075064255e-07,6.778528702429049e-07,2.5452838577173257e-07,4.419539622896836e-06,2.1374907787787943e-05,3.198627979318945e-05,7.085547374618432e-05,0.000851686848723125,0.004458335495944337,0.005156409221512664,0.010135262720153587,0.016447735808711336,0.03680274158740428,0.020699568349030244,0.0063500816674538834,0.001668937566290758,0.0038514494766197266,0.014716768822720001,0.002036822555732479,0.03723465611161406,0.031002819172579726,0.00556758278340347,0.002724578106108079,0.0004832473752450681,0.0021614242644881587,0.0027079001636465066,0.006792456977875188,0.006255455421662851,0.0006087449885544166,0.0034360204274184957,0.011560444828506305,0.004657235634519635,0.006690032435657411,0.00013425176201071722,0.0008172427773414162,0.003079717684203884,0.0016799088631162,0.0019899677111365945,5.1545746214320575e-05,0.0028846611162932434,0.006596997272499141,0.005627958219910266,0.001991382096663196,0.0006722981589501602,0.00633076768588307,0.021826690975946157,0.09568092821642514,0.0924981856828801,0.06557029988024421,0.18054013637641783
-2.2000000000000277,0.7390573063566035,0.9009583457738778,0.7890060090129579,0.9346685557028859,0.8355810063290361,0.8787184460259486,0.7329642699473791,0.8101491361611962,0.9423887846508809,0.7958538256092387,0.7299707329402506,0.6673144022243009,0.46680633661665866,0.8080297468341944,0.6927124820503419,0.7561865334815097,0.831334218771369,0.9668080588308733,0.6410768322174367,0.4977993292640096,0.6496479129884698,0.9294010483169005,0.7548587458028903,0.7143806213041233,0.5717345465121605,0.7624802783329434,0.6166137130846007,0.9531466884795989,0.9512333888169113,0.92025256176418,0.6886742530900914,0.5089753192551988,0.6740590504068761,0.865971283022369,0.7410699339704223,0.4956640114553596,0.3872097131809101,0.453131607558901,0.28262679095270876,0.47632464865962587,0.5188980070887668,0.6570216734428564,0.5364971290473476,0.48928722074761727,0.42831210265859593,0.2100431634594884,0.1389493611598076,0.13287227902333706,0.048928724067635244,0.013041900072795935,0.007433754474990692,0.0027789387181086068,0.00348967305852118,0.0021147667874701587,0.0029462919222764034,0.0008227327411135053,7.442303331705619e-05,2.506663272120658e-05,2.055842816458753e-05,3.5617420997084372e-06,2.173399654597496e-06,1.0588010889418309e-07,4.390803198515811e-08,2.513531954295496e-09,5.654105345880884e-10,1.2593839503702286e-10,1.5105246785357589e-13,1.801810979665731e-15,2.9065842288697798e-18,2.703071032984474e-23,6.984430263108658e-27,2.0055333981847997e-30,4.024586797599984e-39,2.5330557784599535e-47,9.015685005824467e-58,7.852219492845442e-79,5.8800838316818374e-102,9.300731428321339e-139,0.0,3.112274068336358e-146,4.369457333300306e-102,2.016710797207226e-77,8.220385251851707e-58,3.178561239538476e-45,5.32421944028584e-38,3.886151308864157e-30,5.126645472786332e-25,4.411502569213496e-22,8.647348941395007e-20,1.9772345905957814e-17,3.720933152699095e-16,9.608093694672646e-14,2.396296468310623e-12,4.707801607860002e-10,5.403011177475941e-09,9.625723948023625e-08,5.152848225056201e-07,7.485486246492804e-07,6.009748214753804e-06,5.664176226388975e-06,2.713056491140094e-06,5.039196406966661e-07,1.2282205868033592e-06,3.728742831086623e-07,5.898364856257177e-06,2.6389380047665912e-05,0.0001682688592020905,0.0006634371168823936,0.0006090310821739487,0.0015449730760685996,0.007918375937532734,0.01726597634198798,0.03053400052418142,0.02210840676032608,0.048234520849387466,0.06128784769575456,0.04256983907782951,0.04383072183300543,0.0727123191882984,0.08407228777751882,0.14308248705948604,0.16382516104148545,0.08972613455393112,0.1102532462425973,0.11588005496623877,0.17071890527006747,0.20857765693495497,0.21925869383359953,0.14876047558742322,0.41555666962797944,0.5071455983219969,0.3556714638483642,0.34944922735211,0.4077502156505797,0.3932317527089515,0.26404610126046596,0.48224203058997656,0.6942645875027591,0.8573157228191779,0.6984705247793844,0.5431722986346569,0.6637501920482154,0.5574779743967254,0.7487848754664748,0.7156286157706546,0.7402255435202156,0.5760579431990092,0.2608542835395235,0.144309363589718,0.1869937251841344,0.08906675793418367,0.09790878333218504,0.03217382051360236,0.008260509495753028,0.007817615320625549,0.004396122609578674,0.003159695787660088,0.0142335131042719,0.020198880832984288,0.049284018993165035,0.09398252936114299,0.15222402491422043,0.3311815606950751,0.45900984693875196,0.22408632396293882,0.1885227933192411,0.05911265275860037,0.05966951051698905,0.03534175667608163,0.0378944652846412,0.07397879015542295,0.021245913692842136,0.016747080810561223,0.0093693030767274,0.004250974369277488,0.005894618844583635,0.009740074476013617,0.061542437374109776,0.027485666762325188,0.06635773063079262,0.08536824575560982,0.25915780948960193,0.3770648170528629,0.3686277145291629,0.33407844025159916,0.16595321923803813,0.24303950206340866,0.28718021362669494,0.19923851430061168,0.2958110701205435,0.2830109199399715,0.1471067461198387,0.1448517234728699,0.059493644363482895,0.024200272670942186,0.012127180259554404,0.0037279470030536703,0.0018202596831092927,0.0007893588832165044,0.0032388981309246995,0.0017582667490169395,0.0007877967118314398,0.00010339448105728875,0.0012672130617018182,3.962459495119153e-05,0.000812547470791527,0.0001980396927322188,0.00013303512343831829,8.004780154505276e-05,7.711959441313988e-05,0.0003289947378366696,0.0002748489201498765,3.271310742549981e-05,3.0287746258489662e-05,0.00012967965173838605,0.0001270964346595908,0.0003961687940852801,6.282986115450883e-05,3.217537338697611e-05,9.291845849935093e-06,5.302428166103877e-07,6.637250190805841e-07,1.8612697995858823e-07,4.0899447894479155e-08,6.008517889988821e-08,3.8094404979250466e-09,5.57895260548189e-09,1.1319347382562082e-09,1.1130491946532689e-09,8.431547825855132e-09,6.617880761204853e-08,3.010774195188374e-07,3.9757735467441894e-07,6.724151670110212e-07,8.147103877558487e-07,3.2611439747241243e-06,3.535227761159284e-06,8.1269479972837e-06,1.7551579684909607e-05,4.563742875593296e-05,8.013749503502396e-06,1.0261289300079837e-05,3.798660783085307e-05,3.4225503787121095e-05,6.601320936649881e-05,9.457245783849151e-05,4.099626380734175e-05,8.66800182368529e-06,1.8118637970413378e-06,3.133235309183513e-06,4.837343490644135e-07,2.7994795711521407e-07,9.047954807349955e-08,4.5123154667408544e-07,2.4784965169007706e-06,3.864180117727956e-06,4.508546069663239e-06,0.00011797116949464704,0.0007504455419688712,0.0010368085294972036,0.0020081383006368076,0.004379268056476593,0.014103480988677412,0.007165257161982378,0.002183098429094516,0.0005989212104736355,0.002039847232817852,0.004156979966517439,0.0006839664220639642,0.01428835182034185,0.010958510453206902,0.0020917314657657015,0.0006486228423369493,8.046630769649854e-05,0.00027864316085170497,0.0003984882948394817,0.0010151713930804415,0.0009347630159138897,9.132136642059645e-05,0.0007149408095177764,0.0024802135564513748,0.0014104512044687274,0.0019306097413295472,3.1945859672576317e-05,0.0002359656487043993,0.0006939053614383256,0.00031443131239350906,0.0003854089813217057,7.690115125610787e-06,0.0005356252941317896,0.0010096419801081669,0.0009799784302289662,0.00025275976642987407,3.5858371872657316e-05,0.0004231868951449901,0.0017450689808177812,0.014495443253680976,0.013904595119278268,0.009649898508671718,0.037660644527344
-2.100000000000028,0.7524521388388917,0.9422942543888697,0.9346814155081852,0.8016927426504038,0.8618374523926474,0.6359435630489201,0.46324778914244086,0.5092180502789164,0.8682527533805429,0.7066629715540922,0.7853193625832907,0.7052597930358547,0.4802772280871291,0.8041283991004878,0.7347653152827633,0.8850024125310946,0.9299281313319476,0.9653954257971159,0.6503845810991152,0.516339452316752,0.6538029867316388,0.9290274157567249,0.7683125468518311,0.7559340318703148,0.6103495663280681,0.6573979799774479,0.5038343607495005,0.8881044560270854,0.8106301536062706,0.910547732767768,0.8576138915906456,0.739993109804822,0.8743695601626689,0.8557325372517616,0.6518310139988135,0.3774337250150454,0.353583123611364,0.5352328138618769,0.3234472720256991,0.5208270162558971,0.5243861738975266,0.6944545837580987,0.5279626242586618,0.38025191735543423,0.3734861794661464,0.17066633301244055,0.0983024189517154,0.11556852283519513,0.031776277961701876,0.010719416840027661,0.00798918081951104,0.003135241317456951,0.004603195473950588,0.004108362723584387,0.006036804661821794,0.0017667326863871106,0.00016381185109957803,5.7245875522256946e-05,4.456836190645374e-05,5.788370360787104e-06,6.776586883133284e-06,3.515101818462181e-07,1.4682895031499226e-07,2.780655814539428e-08,1.3202368915881676e-08,9.15333774503145e-09,6.740273820142612e-12,2.297231799013501e-13,9.363506328132492e-16,4.898161962957253e-20,7.680882871915303e-23,6.577985065304943e-26,2.0422826719902023e-33,1.2779171701186089e-38,1.233659141241783e-46,1.5435915687581998e-60,1.1981317706846197e-76,1.377102035174621e-102,3.112274068336358e-146,0.0,4.30331130980262e-133,5.2201676851506815e-99,2.4403658872371392e-73,5.752459135658124e-56,1.70308002580928e-45,1.088197843245949e-35,9.839536565145902e-30,1.657288830101424e-26,1.7379058805310673e-23,3.524365968115182e-20,1.2426693025188392e-18,4.072702362416148e-16,2.5956383583386752e-14,2.9443993167718207e-12,1.0421062282864033e-10,2.238231813952679e-09,3.5231394095451176e-08,8.025553073798843e-08,8.103731262944448e-07,8.830406066364194e-07,9.905796541310135e-07,2.5599742039062325e-07,5.627668064541308e-07,2.598189222065754e-07,2.162153259450835e-06,1.5722843718487917e-05,8.572199972150721e-05,0.00022548074255878314,0.00027629511133825597,0.0005482250804876597,0.0032816649676025117,0.005514431031768381,0.008596503518921708,0.006160407257109147,0.009566905621267522,0.015111330959069509,0.011109762997864134,0.014938325730710515,0.03758479787243926,0.04174686013749204,0.1017643928381527,0.11425267518986998,0.04948679983327629,0.07333745279037882,0.08590497467226804,0.1748615985654036,0.21417883795148088,0.1823276543327741,0.14910068453593026,0.3848250354724861,0.48619001438185044,0.3653411680218383,0.4029948619979781,0.48555636547397885,0.45694260695729494,0.3363116622896573,0.5003986573949274,0.7481904528207856,0.8579662995846133,0.6788513784952991,0.5817021087281773,0.7089424371010755,0.6101109796427974,0.8853295193925839,0.806055088457203,0.8168936731479103,0.7158334365599676,0.36373698047405756,0.220383932450235,0.25170846368019334,0.12293384968934067,0.13247054965772764,0.05365296437133871,0.01954345393698285,0.016519063448984354,0.006176061241519397,0.0034545715277548967,0.01463585630246325,0.017746978321284503,0.043666786699832504,0.08801754325610178,0.11729696124234962,0.2857763054679334,0.38896152427433545,0.17942708972560975,0.15732030563875646,0.041635880083724715,0.03385651370136087,0.020104224611775117,0.016090670555344706,0.034453500452388416,0.009237901192412593,0.007257962314157562,0.0029893926626137707,0.0020805563137705012,0.00696635208932955,0.009821132200765161,0.07724890415441014,0.026593599320265057,0.0783969500890503,0.10981414976657257,0.1946648364911421,0.3095836609587992,0.34429048479730284,0.2855798202728241,0.1791326874269812,0.17023572587227806,0.19883897918904223,0.14764052048603876,0.26374555482766493,0.2993690560913451,0.15159502326786473,0.1857586773753114,0.08287500924075651,0.049609650769731055,0.020634303225611668,0.007580294439731333,0.002651317621511842,0.0013366836365762238,0.0036170785051013927,0.001560845659522061,0.0009839073885928816,0.00012729573965124873,0.0014318753387065077,3.32603546849081e-05,0.000899319003231017,0.0001959088985080265,0.00014902771023677435,6.708032018346835e-05,3.293215470866856e-05,0.0001425686597972931,8.703235848682595e-05,8.579543234785923e-06,6.323781099174617e-06,3.60309276224332e-05,4.686460299012793e-05,0.0002806298173480707,5.875326835534433e-05,4.315509184433457e-05,1.670321670705693e-05,7.370157800423795e-07,6.48815991388492e-07,2.1191569077842727e-07,8.35462863156128e-08,1.1932529872657426e-07,8.767080345200232e-09,6.712971085127676e-09,6.781818986935076e-10,7.980513621187911e-10,5.906648876142659e-09,5.409846042663152e-08,1.7626851970364536e-07,1.3248585938649984e-07,3.008693733713047e-07,4.0233980784002235e-07,1.3716266287755878e-06,1.9678520698347467e-06,3.8885823951264875e-06,5.9186455040805455e-06,1.4937172788433756e-05,1.583611935505231e-06,1.3868596248494411e-06,4.673859953439932e-06,3.992803570323503e-06,3.448931145112738e-06,6.462136436095802e-06,2.1219669478674463e-06,7.466794321199097e-07,1.023150208756549e-07,2.7178777448832445e-07,7.70529865592829e-08,6.989259843822124e-08,1.666280304135438e-08,4.248782944389316e-08,1.9789202930657705e-07,5.132308391296373e-07,4.1215908486016203e-07,1.9303617047828162e-05,0.00013259642165426856,0.00029301344991223676,0.0006159784966048513,0.0017633134059468827,0.00870416440146992,0.007049998567505718,0.0032168612766594767,0.0006897870846976193,0.002487732125607199,0.004044984614070044,0.0005712638983294421,0.010500640414634905,0.005777856153253616,0.001212293561838671,0.0003859319637322107,2.737086547840384e-05,0.0001821299091044213,0.0001859089700158582,0.0003494978296977591,0.00027535753794713795,3.292726103162436e-05,0.0002631638627761235,0.00101814729895037,0.0005751983045161537,0.0006337539802987108,9.449569152355191e-06,0.00011132839857774217,0.0003801017984647798,0.00024771130185705017,0.00041869459885101993,8.550713232065574e-06,0.0006774282785545791,0.00146119046170276,0.0022752084891949466,0.0008846212854884972,0.00018938370311311997,0.0017702224900569734,0.008784135434133119,0.04628549167713752,0.051612202565308976,0.03760657409631102,0.1232447851807584
-2.0000000000000284,0.9462689214171746,0.8019388346269867,0.895406394537878,0.6973165227837562,0.7698071011490517,0.5081970674008545,0.37706851308552686,0.3885140069907419,0.6668434281576434,0.5811883779890586,0.566815922593195,0.5392488542876338,0.3843518422996761,0.7104213821846548,0.7122720789961029,0.7354763217758449,0.770428471110301,0.9969977071783503,0.6480169212701626,0.5207205619013796,0.6747381742367061,0.9543789771208268,0.7983303703768199,0.7270924873920885,0.4588552132278162,0.5157920736455603,0.34810243258161444,0.6156588722383025,0.5674141036310453,0.6462668032247004,0.9395976457490011,0.922074343528282,0.9373409427460664,0.7093261466582493,0.5538064637788568,0.2862091311859223,0.297784137739817,0.3893152349551237,0.24806537909065315,0.41617439407832085,0.5315923505337058,0.7077668090515907,0.5521533164055591,0.3881865065346049,0.36902205214676215,0.16541643267190914,0.09779046102549609,0.10182584821551434,0.029757115547761122,0.01308552471649807,0.0095961407470236,0.004119937552820124,0.00507988071370508,0.005995543459105721,0.0101474851096831,0.002497726363368772,0.0001164071033260731,2.9845311724526783e-05,3.2230154890249804e-05,5.291679115445618e-06,1.4881143364743842e-05,8.896033806847713e-07,9.142704642798703e-07,1.46935730424758e-07,1.6148033998712868e-07,8.448961205983019e-08,2.8147096674319e-10,3.252409328414041e-11,3.905882790990873e-13,6.487971697206539e-17,3.462391100362352e-20,4.951273994172458e-23,2.4170007134520477e-29,2.6147297537244942e-34,2.4390299850665994e-39,5.974595887439135e-48,7.623768923759414e-61,3.5120039063278574e-75,4.369457333300306e-102,4.30331130980262e-133,0.0,2.8069341673891095e-135,1.551073055191555e-94,3.773500996337564e-69,3.1718528532569043e-56,1.0877729701073294e-43,2.0184667767635351e-35,5.54872389263884e-31,3.2676853673094346e-28,1.558435682857928e-24,7.698704080983374e-22,9.365506881641887e-19,4.645723204733218e-16,2.66228840801515e-13,8.873763034364458e-12,2.906936784309797e-10,9.833624301799164e-09,4.763109042577204e-08,3.038949703800368e-07,4.899662114974864e-07,3.1278936011671144e-07,1.5106326282386218e-07,7.454390275655771e-07,2.574651851091826e-07,2.5267148432498002e-06,1.740117223215205e-05,8.245954977441312e-05,0.0003638444531098064,0.0003126727677290112,0.0005540070043638481,0.0022511962980477107,0.0035302571118764627,0.005280742167521825,0.0040066819437316785,0.004956068972449195,0.005076571437130751,0.00392691029864169,0.005884650710235016,0.013770399384526047,0.01801758345244333,0.042525963494681664,0.0514227039169539,0.02735105275174274,0.03671096396058943,0.0453054318666546,0.11539902364864311,0.15520316423411457,0.16041926339436963,0.1255962886757503,0.3383774588572234,0.47572038421237195,0.34650817648116444,0.4311659736340178,0.5410397082280399,0.6285793270221208,0.37569213192921974,0.5237271122428707,0.8325218875994872,0.7949441026815716,0.6207911129169899,0.5535415747989627,0.6833589056458724,0.5870595252326875,0.8345740432334979,0.8221801296015389,0.7622554754177615,0.6272446927830335,0.34112062188600056,0.2297764187462582,0.26018579504807476,0.1858542888689644,0.24474247887225642,0.10940947815016308,0.057067652589724384,0.0614361276096862,0.026341909831376284,0.015917753594239074,0.047793267815287345,0.04295741012494354,0.08091685850927118,0.1299762246560899,0.15038651048815235,0.2710735465246667,0.3862827029524104,0.19814019803730118,0.16126992421118383,0.04210582655251711,0.02999353124966144,0.018439984279918453,0.017312874940492495,0.035753846513701275,0.009464262796724071,0.0073033448497974215,0.00519668884681574,0.0035918463705137105,0.013469707125313549,0.02791964476237042,0.1559748327643591,0.06665491665080973,0.22244753308769258,0.2639562294589202,0.3915261873160456,0.5824689420200303,0.5629540117445908,0.4993612663627024,0.4281268647302141,0.34900564260244304,0.34899023912457283,0.23689379233184124,0.3276693391225864,0.374306552388365,0.13239234692925347,0.16136792889970397,0.07450162193857628,0.04416276911512937,0.025997415736192128,0.0061911436296716044,0.0028051207896477377,0.0013537869877624626,0.0038306582770789533,0.0015536159214519095,0.0009032252251710728,5.127414617979346e-05,0.0007130876255671191,1.7985229040932594e-05,0.0005341058088098915,0.00015219877678380878,0.0001335898251285807,7.003085420788533e-05,2.8555330241336983e-05,9.444162380476911e-05,3.693751575757479e-05,2.8746867760072473e-06,1.195039203384675e-06,1.1855560999975775e-05,2.046284195146379e-05,0.0001717847237123301,4.1253307969398674e-05,2.583250698589965e-05,1.345916821070079e-05,4.6025138084295203e-07,7.041778136724547e-07,2.531502711778682e-07,1.3161400585053638e-07,7.769800821938107e-08,7.627889191660653e-09,5.781482577182838e-09,1.963024536148887e-09,3.1864536916454326e-09,1.6447117135808577e-08,2.1933473335951796e-07,5.568228755089993e-07,6.971284660225347e-07,8.562720758721788e-07,7.680615641938381e-07,4.505215333416646e-06,3.848748631112545e-06,1.976236678582872e-05,2.6418498007095835e-05,5.097343514900626e-05,3.2393439585927325e-06,1.9586201513171873e-06,5.507988072868026e-06,3.3996622858569912e-06,2.793164733887111e-06,6.212949969598377e-06,2.1329958536337313e-06,8.336702384450632e-07,1.232223347137654e-07,1.294516506091687e-07,6.843974659566107e-08,4.700423319255175e-08,1.1650309077428601e-08,2.4348696573623915e-08,1.2658754064757675e-07,7.598801629653376e-07,3.480224603070671e-07,6.437703024468974e-06,2.8846262547208916e-05,3.682629494587001e-05,6.856088327776708e-05,0.000225049573076395,0.0011836094647978588,0.0007456827985699472,0.00035808963931447486,6.739928382061074e-05,0.00025823809960404673,0.0004620306236055208,4.228777895394001e-05,0.0009369591952201441,0.00042220422683939717,9.721134791970731e-05,2.9919203287976035e-05,2.5469706272702588e-06,2.5067050855170382e-05,2.1750499738287613e-05,2.596705267034507e-05,2.7276468550387357e-05,4.50614783026585e-06,3.706532758359464e-05,0.00014146025520202256,0.0001170730865925007,0.00010618843434085885,1.2975181799193971e-06,2.2491415048447144e-05,5.813988525557869e-05,6.193571747045957e-05,0.00010150676871165958,2.179970475695007e-06,0.00015453646118456012,0.0001597623566016541,0.0004883482622150563,0.00018820570979097206,1.4805986970417172e-05,0.00013571625825003252,0.0005180170158196271,0.006285929805498531,0.005596605456751052,0.0047316810363078375,0.016770272237467333
-1.9000000000000288,0.6282138354703476,0.9411638088446295,0.7819539848388427,0.891656546898931,0.7790814819275967,0.892071860814223,0.6215108553498694,0.6522086357103486,0.9983485520279235,0.8913254818050902,0.8552451451248793,0.7599817644427769,0.5712544743084672,0.9995974094446468,0.9533978337836421,0.9980054901565073,0.9970727720311074,0.8004886511141917,0.5027721915715486,0.3211688624268594,0.4519529902796033,0.6405787248189226,0.8223555110088465,0.9408226124558698,0.7024435225271122,0.7430657086251152,0.527097795634096,0.9199550927623412,0.9623467601617417,0.971849587997583,0.639665088513229,0.5911613874490946,0.6587598157771908,0.8271500724617592,0.9604743551330742,0.5096075974629801,0.5560520151823926,0.5921656452506895,0.41459049544791043,0.5752780771668343,0.6944535549548817,0.8324310473643178,0.6070632188891519,0.43785585607520033,0.45290322370562935,0.23005282403384383,0.13174936624162598,0.1411788021221105,0.04978561334240025,0.02385298148135451,0.01666834783177584,0.006846677677689851,0.009351410157048275,0.009598760300590323,0.016673043106021985,0.0068635883664028095,0.0002625523868339816,8.098918882535832e-05,6.338255263327371e-05,1.223463791185476e-05,3.400263038346211e-05,3.562144003907081e-06,4.904363163483537e-06,1.0761290265463951e-06,2.111466527147061e-06,2.502490168255604e-06,1.9126962647845408e-08,3.74180143422263e-09,7.880658897157929e-11,9.343445542638261e-14,3.2003343331906685e-16,9.02903352567036e-19,2.0458387372898342e-23,5.4032269473685e-28,6.644960844455459e-32,1.9714612855825773e-38,2.293442977146819e-48,1.07786137740857e-58,2.016710797207226e-77,5.2201676851506815e-99,2.8069341673891095e-135,0.0,2.9711150501621e-135,7.17860401330148e-96,1.2531274922801646e-72,6.36984150738183e-55,9.663322483101944e-45,4.986588817576531e-38,2.06325204255498e-33,6.363418152766319e-28,2.8020344761990243e-24,2.1683120914737016e-20,4.8634548291528215e-18,9.530198742936223e-15,3.0834058430488343e-13,1.1498240061248515e-11,6.369858847303332e-10,4.8204068704760745e-09,2.728596618787678e-08,4.418654094454839e-08,5.186074201044696e-08,5.460339121290197e-08,3.359592901009522e-07,7.073477569063921e-08,6.196248070837116e-07,7.014966365114628e-06,3.018434728526604e-05,0.00017451524905395292,0.00016544903702014934,0.00032678082420580494,0.0011570268637391722,0.0012072946252837287,0.0017267269857754678,0.0011096043577667426,0.001279521603090753,0.0015014689488476148,0.0011466390695296358,0.001795976890269923,0.0051761572924779045,0.007662945361043337,0.015375959005214986,0.02398600028224782,0.00809975553483639,0.018053913084549428,0.019729652065836198,0.04635844110262213,0.09022663181654514,0.09537061537557466,0.06455309908228099,0.20686119295376235,0.35176944424309464,0.2675079725958356,0.32836059876731577,0.3997253689559488,0.4394719137893351,0.21162349342982234,0.3958861677357629,0.6840466077040189,0.9740649618731122,0.9005148775941731,0.806269541964405,0.9317035835356147,0.8510985295188107,0.9996672106005171,0.8671368618114241,0.7714896689750619,0.6594538997293615,0.3784743980566211,0.30389608929851863,0.3054168104085732,0.25453649641757575,0.2940969283399331,0.12393408203207831,0.07417632155734145,0.08113044223112918,0.028723664427275426,0.015248444610009954,0.04744983991853415,0.04161224769360583,0.07899711401437234,0.13193937693110402,0.18064078951584547,0.31588107780917624,0.43203853075068277,0.23530683652154946,0.1462935761521433,0.04349696118523981,0.026597174655874325,0.019227895638022817,0.02067913445297089,0.037643344615449284,0.013492639970105438,0.008434343758373127,0.008932847648629796,0.010458390460960532,0.037985232818024676,0.060374733123076355,0.25023077053264653,0.09928757662269488,0.27417918806518105,0.25881106824263683,0.34896830504644244,0.5291823651972027,0.6051209398779847,0.5302227133293703,0.5198456646730872,0.42199499714928185,0.42219865993553285,0.37370747739416804,0.44458859332347767,0.6055975566555213,0.25259951379392614,0.30470406468382255,0.17475390376997418,0.10352595534537795,0.057135802262218,0.015966200692011955,0.009387469994559014,0.006012043709588384,0.011703172988540199,0.00513401294714986,0.005380801055472599,0.0003771117692209521,0.0036645097181944642,0.00013826960557782506,0.0024295717471888903,0.0007829734860627201,0.0007648231491531102,0.0002795449658051862,0.0001368016518260074,0.0002825579631740788,0.00010222246196467714,5.696772488333269e-06,1.5442471990983996e-06,1.9129571191699515e-05,3.249092326545195e-05,0.0002931242899705823,0.00011679249469216801,7.756202956626361e-05,5.160153475984863e-05,3.4969548955403686e-06,3.597611952974025e-06,2.745001442486573e-06,8.212048630039442e-07,3.542161912210356e-07,5.022252652495564e-08,1.899992462971433e-08,3.065055158245954e-09,7.383509618651778e-09,4.4039559998539114e-08,3.3795771566423266e-07,1.8108041977920643e-06,6.979796503431286e-07,1.2060665983800215e-06,6.561136062843469e-07,2.544084145808389e-06,2.6375980513999005e-06,1.1488368638831115e-05,1.3524036703316318e-05,3.345964205037442e-05,1.2421170500902109e-06,1.154882324559811e-06,1.8075528196973064e-06,8.646091473672927e-07,3.732613186585248e-07,8.935769009145967e-07,4.580023201839407e-07,5.147265096616465e-07,1.3196393973425238e-07,9.579237790534942e-08,4.44672787281796e-08,8.294749175447978e-08,2.560036263928271e-08,1.5005683971326814e-08,7.123445697570129e-08,3.310947988101687e-07,2.5435104742510343e-07,5.985023586148899e-06,9.462494626886624e-06,2.102562145511343e-05,3.146431833201263e-05,7.799768222524291e-05,0.0004480754816099674,0.0002474375633460642,0.00023499027284033653,4.711130482983915e-05,0.00017953552881569312,0.0002480306285645501,1.7249787308300613e-05,0.0004522307079525057,0.00020400177584900208,6.49586386082103e-05,1.8364169570299394e-05,8.564303069127747e-07,5.17599415211741e-06,4.3256342159405215e-06,4.771989291398759e-06,6.390935465879774e-06,1.1052375419358735e-06,1.584032251051834e-05,7.400881662332541e-05,7.873550494608834e-05,5.111294909927101e-05,3.9138168442068725e-07,7.627360093734199e-06,3.26344623997403e-05,2.5975195679958373e-05,4.892352642630072e-05,1.2017623786468305e-06,9.50915844111534e-05,0.0001687771738008628,0.0002862014393148983,0.0001409347202009618,1.1707797783199848e-05,0.0001289146113333672,0.0005115452759624055,0.008464549889011717,0.0065730458199137,0.005990908911832413,0.01501641616187295
-1.8000000000000291,0.38248560684499505,0.6573893562235248,0.47571111438811214,0.6090182140068537,0.5117442156737273,0.8966583041504469,0.77168879336057,0.7570226858157877,0.6738776606328462,0.8643857610612568,0.7808665003732853,0.9702252513853193,0.6914242455246432,0.7879658301207967,0.8617411579484353,0.7119627452737163,0.7185173666447493,0.6300627127278443,0.42245868014692006,0.26326260148081704,0.36367612616924305,0.5243033928931445,0.590663023173855,0.7163934387801053,0.9278370505581345,0.9215883681327299,0.8412639089514482,0.79329306486068,0.9671013587123309,0.9318270291409917,0.6209324383733036,0.6880539317670649,0.653753056274745,0.8168416427684956,0.9849362912172719,0.493351119061187,0.5208488134064474,0.6276564276206216,0.4033893890514652,0.6623625973587527,0.80738900039446,0.962572653853659,0.6524598485339864,0.4411782101077175,0.508286021299955,0.23718153758577992,0.10949632873727602,0.1398116480951564,0.04485312517532564,0.027788780769774056,0.020681428199005276,0.0074454337314520235,0.011509908061422408,0.012562926048185675,0.025160210175864447,0.014763431994909485,0.0011268739776089617,0.0005046007575003644,0.0002857208148265926,4.255776900589189e-05,0.00015226542447105326,2.0181827970313522e-05,2.930172885680329e-05,6.4612640327901516e-06,1.6448972719332855e-05,6.128200677205381e-05,1.4494662173572952e-06,2.1264742437110357e-07,1.9478762212873778e-08,3.799680203116517e-11,4.1610348158868043e-13,1.3762362925788464e-15,1.6910487092392172e-19,3.369711713844046e-23,3.756181600124058e-26,2.317534063781899e-29,1.0664913377666557e-36,1.3637208585127823e-44,8.220385251851707e-58,2.4403658872371392e-73,1.551073055191555e-94,2.9711150501621e-135,0.0,3.8170898015317763e-131,8.272576182625208e-94,7.826439511898756e-71,4.38416912718483e-56,1.768878471266957e-46,3.203920168266975e-40,1.4566382693767718e-32,5.777447605091615e-28,1.1584012507545652e-23,2.622198046118175e-20,1.139767547844326e-16,7.630682287701802e-15,5.293429041206759e-13,5.377531562795967e-11,1.5324068242172586e-10,1.1035437282866364e-09,1.793889298714963e-09,1.7183929322207598e-09,2.443736379174229e-09,1.4098771861038934e-08,5.590938956849472e-09,2.3777021897743806e-08,8.281275963770742e-07,2.4755424378897856e-06,1.2364408648141974e-05,2.640849518797374e-05,2.6281217766118344e-05,0.00017462523330484867,0.0001705316537574014,0.00023653209576974702,0.0002258691862752728,0.00014479633601343714,0.00019658548395239657,0.00020094692579860143,0.00034018397259678087,0.0011090204457717549,0.0018884716828069107,0.00595420571159896,0.00842208765400132,0.0020062670360158816,0.009961612867900397,0.008660035553663925,0.027452659589433118,0.05447406770334455,0.04716421027021892,0.027231421382483176,0.0738692802879057,0.14432196353804955,0.11205769240396693,0.14885314536629923,0.2393930522927271,0.28620330186504295,0.15546166701234604,0.35829344031653665,0.6944418359414131,0.9500954692199269,0.8483364280174857,0.986218715731312,0.895790160771007,0.997622679139562,0.8765258562570927,0.9309157081499315,0.8038546929120075,0.6572803069850961,0.3604015149547138,0.27889574599952294,0.30399627567821214,0.20799639298137476,0.2118305082381048,0.10314706624633752,0.05892611389700568,0.08321162140453858,0.032750514214880705,0.018037641632247425,0.052562348940339045,0.03926437307008961,0.06164899369578825,0.1102076933764634,0.13659216241055958,0.20108381140218462,0.203007005203502,0.1284842764662157,0.07620425647342483,0.017581252958510176,0.0054561574905145575,0.0028657326636751888,0.0021798118277566256,0.004029033496172565,0.0015762686259579168,0.0010183365063535996,0.0006909309421363106,0.0006896354037737462,0.004759048299163397,0.012033269524352689,0.09312919687737023,0.024814967030387283,0.09968558640199414,0.08699281531000749,0.18345806987425,0.3379983650226761,0.4766695031291357,0.41560124803409537,0.446130063476483,0.3279783082803571,0.3299817630944521,0.32130378312057273,0.47594881894250857,0.6107749860428241,0.2694944052610881,0.3351003297291388,0.2500094991225211,0.17639469192933738,0.08143861021625333,0.034265304294391986,0.02086785203350403,0.01662493235469926,0.01741777604009101,0.005477681155877604,0.007036320854799208,0.0004377675767995439,0.0038126722644194265,0.00016247477900630238,0.002696654537006224,0.0013643032044685158,0.0014230772825330107,0.000643467786444475,0.0002758101933562431,0.0005271522947176812,0.00013154848201050594,9.05667759690752e-06,1.9256107968488244e-06,2.2234736766966522e-05,6.524517735040181e-05,0.0007097117363811224,0.0003873002929559725,0.00020068978792797017,0.00016724931697683962,2.150238961521241e-05,2.6105140883711254e-05,2.4439016175750627e-05,9.41841389933819e-06,1.900652969132836e-06,3.6725806703260785e-07,1.9526736783794757e-07,4.1508340950070633e-08,4.393327970061614e-08,1.686716986017547e-07,1.038427053145594e-06,5.7335513449082795e-06,1.5943624654003027e-06,8.709765296128064e-07,3.7148257821972884e-07,1.1725350061255067e-06,1.653751528438033e-06,6.205480621476854e-06,5.613449986253812e-06,1.0932301310369035e-05,2.4626642506243093e-07,2.648343936051323e-07,1.7390946502082512e-07,7.765100439979872e-08,2.125032914046882e-08,6.84662861838659e-08,5.3886702037196144e-08,1.2826287447613515e-07,3.843527089241289e-08,2.604774765479856e-08,1.4718197088992347e-08,2.5162168927667e-08,5.0348281049698946e-09,2.17794285015868e-09,6.8356753498524896e-09,1.4976818131943233e-08,1.3650411042472942e-08,5.204364088336908e-07,5.19371306988942e-07,1.5149047384029341e-06,3.925719158947443e-06,9.651631080813635e-06,5.8933992957797176e-05,4.0754508516343844e-05,7.123309813136508e-05,3.32087841750884e-05,0.00021530417258505146,0.00039914357239461133,3.3363216996922844e-05,0.0008942112948628687,0.0003635484333808352,0.0002427828072706662,9.620199115310185e-05,3.263892536835043e-06,4.2452733948678715e-05,3.009217951926757e-05,3.768904837154551e-05,3.266086426664987e-05,8.803819262876742e-06,9.861413599004303e-05,0.00023780137150062992,0.0003329821718534664,0.00021844340552791954,3.5188331499539806e-06,6.983470371223549e-05,0.00020252324681998822,0.0002086102007650366,0.00037571193709920746,1.0011851122186677e-05,0.0004891928391134975,0.0008685219733817189,0.0018821011511969024,0.0012888545446503102,0.0001719723378166295,0.0020560845387250066,0.006678836596940662,0.045940910812876816,0.043677906027966173,0.0336037156460902,0.07831865802744281
-1.7000000000000295,0.5364046293796825,0.7974148763457921,0.6188008789538825,0.7494966198362507,0.6614331731963291,0.8208163644501495,0.5340935675618678,0.6294837230675965,0.9039623641489694,0.9827696469695184,0.9690493740415365,0.7488000164769569,0.5744076298211157,0.9842671128572454,0.9534067039461975,0.8474276048741631,0.8609463000158825,0.6895746536687412,0.5029051907420596,0.2705367127762964,0.28821639860202675,0.35674368800362927,0.4021355491221321,0.5102204512703516,0.9573816575587372,0.8413471231451388,0.913660821628726,0.8165716280557533,0.8108690951247446,0.9257848232503336,0.7147778733301255,0.926094351209743,0.8522754480330136,0.9498984861747116,0.7994376053772324,0.3189729942839306,0.4480975781466714,0.5040497719254904,0.3820635957542953,0.5737292273824985,0.6593215112328379,0.8588656316848828,0.5778041113682575,0.3738933318129324,0.4631359196329088,0.27782982430755243,0.14055768529848287,0.16274061481487181,0.06707849276869704,0.0405554355055884,0.035545084144365635,0.011140698779243863,0.014090787502986677,0.018363438701240596,0.030132101111674903,0.02158408311766991,0.0022364439142377544,0.001692812797066951,0.0008705332442809578,0.0003021301855746397,0.0009765854948006853,0.00011232050421844172,0.00020743427965638428,4.1706406777987505e-05,0.0001728769455693358,0.00043111857471621085,2.0947066323161147e-05,6.313306789952055e-06,8.45470070879068e-07,3.330442881106528e-09,4.225538547723652e-10,7.48250420797573e-12,2.4780604706035516e-14,1.0192968230692066e-17,3.2230466393792444e-20,5.149649506012043e-23,9.781173670200774e-30,1.67715969873823e-35,3.178561239538476e-45,5.752459135658124e-56,3.773500996337564e-69,7.17860401330148e-96,3.8170898015317763e-131,0.0,1.875395343886787e-123,8.885638762336096e-91,2.5423710015502142e-68,2.0386841313904042e-51,1.6890082004831754e-45,8.137593013817616e-37,7.020815242977337e-31,1.1566182442074027e-25,3.462487062082505e-22,4.056664846821214e-18,4.092095963018611e-15,2.2717519808507244e-13,2.938800207111835e-11,6.487393575987442e-10,2.381669378791637e-09,8.214355573434095e-09,3.0257866132759993e-09,8.110490113909146e-09,6.746264100508337e-08,8.158461325453832e-09,6.936257633058728e-08,8.702136572786837e-07,3.4100210476138018e-06,5.5940972279274225e-05,0.00010368969421405643,0.00014221465221811777,0.00029757439440065823,0.00028361686046674006,0.000557818030435791,0.00037420143061415464,0.0005865734170355406,0.0006472449469461927,0.0005722112361408242,0.0011157420630925846,0.0015759716239547934,0.003457452753470886,0.010913082718328932,0.011515600206905986,0.003447306904301126,0.012286255273112773,0.011463890942551215,0.053714321889225924,0.07868612118073293,0.07204144918909579,0.030414158003282295,0.08118646667272152,0.1669739355498246,0.12254466654526365,0.23219145296624738,0.3947244960827263,0.4899896353126982,0.27707029655806686,0.5044202103350791,0.8339284749036329,0.9910081653273232,0.9782105592067304,0.9314540733894311,0.7858934272698369,0.7651243776582204,0.6643490798678415,0.7636682916056973,0.9554385068305088,0.8898370264373953,0.5694721615995965,0.484221814971845,0.43497925320158215,0.3858071457340586,0.4273798771119442,0.2430986896052285,0.17621838781218946,0.25777999895164283,0.10964227865787889,0.06043915614491485,0.11112281369707594,0.07371595216913812,0.10732031034019127,0.1858717344568428,0.18592163173192838,0.28100244815160375,0.373686879777158,0.31667756509932676,0.1902564100782356,0.06733361289665153,0.02627687003842363,0.023192453166582472,0.012318084747864111,0.02028099756320215,0.009777120392670828,0.008091267104212036,0.0057100884226192975,0.007549805778744958,0.03295063634304367,0.0598681190358277,0.2952423899241571,0.13011743338230383,0.3506844619044368,0.25793145217790614,0.37166356490366537,0.5519127982655461,0.6806070191596392,0.5918367175330389,0.630783997546661,0.3646969650992535,0.3693736054494281,0.34040538186219893,0.4309107019015934,0.6942423475646354,0.25693841452864913,0.3022668619294813,0.1924891851280032,0.1112799127157589,0.0480635791155727,0.017020058389929937,0.010184274988786483,0.007320752023769867,0.005885843628786114,0.00128165104369823,0.0030522618085050872,0.00017751723940301879,0.0011847238007839473,3.431365400610611e-05,0.0007403286776348216,0.0004225081561875376,0.0004429071047769037,0.00020750923090326725,0.00013183786120376687,0.00018572817233435495,2.032406639397929e-05,1.8856014224746536e-06,7.14586355980807e-07,7.961420769815024e-06,2.25150634342328e-05,0.00027865595965093407,0.00031694428314413595,0.00014037671494037516,0.00013110578916782553,3.0068637840057265e-05,3.826794754395092e-05,9.706983990194671e-05,3.717597410239507e-05,9.99728830380628e-06,4.246419512580876e-06,2.928134249641663e-06,4.942001828898494e-07,2.9283835900696425e-07,1.5514129251020555e-06,5.228578489077386e-06,1.824124845583916e-05,7.263121230157787e-06,2.7294504753692156e-06,1.0696199859601386e-06,7.397587626090132e-06,3.451350491963763e-06,7.002547719691038e-06,2.756741302966369e-06,5.529359451515874e-06,6.3875130479089e-08,6.153175541739159e-08,4.5219448510411876e-08,2.3580808047989445e-08,3.983175209902536e-09,4.74672817520729e-09,6.104249613075163e-09,2.9474592952810163e-08,1.6350311428325855e-08,1.4892893632671683e-08,7.68195853932278e-09,1.1105747337602879e-08,1.6113811039924695e-09,1.0518685171511362e-09,4.767839501393309e-09,1.860412431108725e-08,4.656434015504078e-08,3.320885219778101e-06,1.9665634893748315e-06,5.422194204186927e-06,3.13978468479427e-05,7.090406030656693e-05,0.00033481368675763665,0.00030555756680173475,0.0005588910856548291,0.0002871205889489328,0.0009915256659224693,0.0013915390421434374,8.125846912480332e-05,0.0013759259307415592,0.0008270366067197887,0.0004325921761016634,0.0002725853286100102,7.345176139911954e-06,4.617580171707186e-05,4.193364916893154e-05,2.545008452208278e-05,2.877091620932491e-05,8.928620398011784e-06,0.0001647006608741387,0.00041889688305284854,0.00059495960032971,0.0003661227447163761,5.800862593836536e-06,6.695613908513854e-05,0.00023162699193696241,0.00020217451202313825,0.0003063419447361932,6.245520958151848e-06,0.00029738777106638254,0.0004461733011976482,0.0004932797861017358,0.00025143962558743705,1.9178269961999514e-05,0.00029808711891607804,0.0007394813864495626,0.011661091028426936,0.011344010613874526,0.010305758207074982,0.02345797295279242
-1.6000000000000298,0.5921625270859956,0.7767879261256947,0.7112604223147283,0.8931653388458146,0.7992806444002748,0.6630920330793253,0.37229328825606783,0.44003938762665373,0.7925571868055897,0.7398246888164268,0.7370947971869647,0.5156234600012476,0.37757259294765116,0.722820284660571,0.8228445581696556,0.9755050042927201,0.9540215090308521,0.8176735153964598,0.6126750620835186,0.30450023726815606,0.3213299634688856,0.3914024299014333,0.4357647290628077,0.6281361115730459,0.8055923111142151,0.8614292835727557,0.7731368585128784,0.9264259863075123,0.8850700132832088,0.9742254326716457,0.827114158284111,0.9378598774444957,0.9058522896938391,0.9376173062017403,0.7178046502200325,0.28465588522738944,0.3724456184393126,0.4921286110721729,0.3278724262953378,0.4923791935056695,0.5228383910716256,0.7113422557949812,0.5069536983639721,0.3920019460307527,0.4305260087801689,0.31595596638378226,0.25312928988993455,0.33347005101878135,0.15105008070967207,0.09951428575667609,0.06830080442289733,0.02067682832053445,0.029035816208576794,0.028823645584049352,0.04438808269832133,0.03821335043538546,0.0041723561887709575,0.00497258327595837,0.0027180281355708644,0.0013945411576585908,0.005669792100683985,0.0014323254330317833,0.0021141631465192916,0.00034347683353830305,0.0010073540076519978,0.0017612639982765254,0.00010395817872241736,3.646631153157651e-05,6.764337723699862e-06,5.064986241305956e-08,9.025067648232506e-09,7.034638401502938e-11,8.149714722441589e-13,3.097145147225925e-16,5.9060211535763275e-18,4.3527846658453e-20,1.4139434323961864e-25,2.300061431909017e-30,5.32421944028584e-38,1.70308002580928e-45,3.1718528532569043e-56,1.2531274922801646e-72,8.272576182625208e-94,1.875395343886787e-123,0.0,7.284745136598173e-126,1.3639707717376187e-92,1.1113629443594758e-66,6.876323509865192e-57,1.6796728213501516e-45,1.053130892786174e-36,2.7435821727892733e-30,1.1214784838947966e-24,6.960178164370896e-20,2.514965664824147e-16,8.313932124262637e-14,3.0706803421164633e-12,6.055026236883536e-11,1.7524078682809517e-10,7.09918888304102e-10,2.7215480240185784e-10,1.757519150802523e-09,7.936152103511807e-08,1.4512111868856513e-08,7.709524685162413e-08,9.383670782337238e-07,8.9225310663457e-06,0.00013052269100675653,0.00018340156819797131,0.0003040155628623262,0.0008135418554328633,0.0009620258537472411,0.0014463728981236744,0.0013024971493430617,0.001322301665321619,0.0017586456382272094,0.001592479365548736,0.002341993186870902,0.004715535435572139,0.009257321781930498,0.020309459414970983,0.023895297682702838,0.013398827238827312,0.046645780304269746,0.04013073533748935,0.1610748778861045,0.205531070779195,0.19704549615393666,0.11039151273806579,0.21755304743345935,0.5069994143089313,0.3638590926621204,0.5216855449686426,0.7954480721056533,0.9863414077866409,0.7278182945839444,0.9951002631819621,0.6938587654295205,0.6223353637909563,0.6334302913543013,0.8718065604299448,0.9969985613162259,0.9919770971162996,0.9197708000232114,0.9519972756532491,0.8060357232516068,0.6982167295171856,0.3709226111404354,0.2868293138255251,0.3319597475365574,0.23754862107612223,0.2907779914765763,0.19685902223934038,0.12422313039431836,0.24759654822940705,0.11614474326275098,0.10300543156322421,0.19053736714236305,0.13931877068067258,0.18355106858966233,0.25676132879067437,0.23067643750938335,0.29277722940298373,0.3179619989832318,0.3672007838222228,0.2304269016409351,0.11410587758111478,0.050755039989061966,0.03215902564181405,0.0254329497104528,0.05099161971477114,0.031213453130718875,0.023682394232642755,0.021907766244937205,0.024913788963084122,0.05819515727873754,0.12309961131942278,0.4106157254347152,0.19344786857360197,0.3766452677384742,0.2088370048032351,0.3449122113464351,0.5567798416773083,0.7031728565626355,0.7606680409325137,0.7774472384824684,0.4871627879223501,0.46545334151419104,0.4251595571598151,0.5600940961086817,0.8345251467930552,0.27752556740177736,0.2965650471768501,0.18137352926057776,0.10236608114182609,0.05128072704907423,0.014995172668540164,0.005956341737450207,0.0035169767853724114,0.002681033966778147,0.0004810599141783716,0.0009988947030493667,5.064357086808971e-05,0.00029092908548481773,1.0463991982347745e-05,0.00027975920362798245,0.00015922892261194485,0.00013624027747188177,7.738569925466131e-05,3.23938341839575e-05,6.581993132357234e-05,1.3085908601506895e-05,2.417854833464832e-06,1.781504318342057e-06,1.356691071424198e-05,3.7408558607317444e-05,0.0006140036943006155,0.00035449793412687313,0.00019880572011167665,0.00011268711785552373,2.066177186866338e-05,4.7951090277079576e-05,6.851014125434995e-05,4.410182442955969e-05,7.553371937551839e-06,2.7468545137578395e-06,2.4129519140719286e-06,4.367455729338325e-07,5.161091991843164e-07,1.0740243781616532e-06,4.505000242910217e-06,1.8973757592578304e-05,7.344945517985688e-06,1.6899022603501211e-06,5.743255772759455e-07,3.8914726849949405e-06,4.328708637537955e-06,2.3704443217450787e-05,1.3592962612659992e-05,4.7171701320124756e-05,6.095681255562872e-07,6.978707859151375e-07,5.092780454893746e-07,1.694055606128489e-07,4.3388113940886e-08,9.541389106882798e-08,7.871357690487363e-08,2.2535863138019136e-07,1.382766647521475e-07,8.934168143954659e-08,2.0633453651825144e-08,4.559405868733484e-09,8.265263863703459e-10,7.691996037018006e-10,1.702351994443433e-09,8.05785307501926e-09,4.484899537221863e-08,2.7591022685796485e-06,1.0868815581601669e-06,6.630443629309853e-07,3.775297816601012e-06,6.192020610077424e-06,3.874884824751433e-05,3.318998465899356e-05,5.934920910164591e-05,4.423722930226791e-05,0.00026058366171958955,0.0004100889423310813,2.058956698413719e-05,0.0005811124564435323,0.0003600258095600607,0.00016602841208635533,0.00011917271364012284,3.7161386612081078e-06,5.398616168528551e-05,0.0001286802586047724,0.00011500146717230725,0.00016499753071397502,0.0001336279039168141,0.001883450644481112,0.003804541295782601,0.005519452396746018,0.005022593116621731,0.0001330424424475386,0.0009245661466299393,0.0021286317635127224,0.0022738188889390386,0.004663560702230877,0.0001739138411993432,0.004838970251661134,0.00816722728681967,0.008926567323470391,0.006595729920991544,0.0011899146465254636,0.006994158726179696,0.012222308956578661,0.06500625327254338,0.06583031728580406,0.057713170783487276,0.10296263952089856
-1.5000000000000302,0.5479467265242793,0.6628246460028548,0.6187239216883965,0.825882335963669,0.7519584595836855,0.6748769625154816,0.39750755971291785,0.5302543588526129,0.8828563171092487,0.8282617813995813,0.7400506177832257,0.6153701548962099,0.4890590663522164,0.819758020324058,0.8813441314357735,0.9881440894109987,0.8499955156587053,0.6516533855636055,0.48152147439796916,0.2118161154403346,0.18366196878184846,0.21460683839485237,0.27172175712488417,0.4496127418829802,0.9807148398931123,0.9417227949068269,0.8672120953051612,0.8402228349315567,0.8678712473540756,0.9735461247636882,0.7457207590624381,0.9093869445167906,0.8271841423981091,0.9818139078417949,0.8254700920500249,0.4096907178163108,0.5678177794668262,0.7263297834495182,0.47527752335495077,0.6365543811535382,0.725029036163296,0.9488469074909027,0.7759438051988616,0.576660018285105,0.6478709232241896,0.4102039216946371,0.29707678313599145,0.38304554438935595,0.14702688261643712,0.12157925076610884,0.1057188943928358,0.03822703699780898,0.05379336183660884,0.06652512044002752,0.0919212616608646,0.10883188023029544,0.018089426339558234,0.01794845932070803,0.008967801509439988,0.007066223025931849,0.02484852199520288,0.013506891905299826,0.016352833897586714,0.003738708415705994,0.007505991775316248,0.007034486794554144,0.0005921456357154679,0.00020243307589315034,4.291671019277606e-05,4.6260564216773333e-07,1.3037130105487188e-07,1.3459464102502174e-09,2.028211941860525e-11,3.367001397107231e-14,2.720448329610619e-15,4.820679794459273e-16,1.1777548714807453e-20,3.691422843146505e-24,3.886151308864157e-30,1.088197843245949e-35,1.0877729701073294e-43,6.36984150738183e-55,7.826439511898756e-71,8.885638762336096e-91,7.284745136598173e-126,0.0,2.828925597283711e-128,1.6700767206122145e-85,2.4654216234168812e-68,8.944241827085697e-54,1.4645080530458303e-41,1.0244882688621161e-34,2.967207060193469e-28,2.2389744176995235e-23,8.3208497233823615e-19,6.16114525474844e-16,2.7819921073234325e-14,8.157915684328919e-13,1.5440933097274073e-12,2.1086693321967952e-11,1.2391947965621023e-11,2.6002916068035715e-10,1.8798704263637135e-08,2.42134980817898e-09,4.413927588535443e-09,3.2698637969043015e-08,3.4734331269300396e-07,5.258774497861423e-06,1.8235717557867373e-05,2.1613245785330054e-05,4.947018687012012e-05,3.175762896997599e-05,5.8788099235784046e-05,6.484064341581583e-05,7.967409182466641e-05,0.00014360439503290507,0.00013056237950517734,0.0002865144201296895,0.0007296539322053982,0.0025093768907067963,0.009245077600146671,0.007976553229562516,0.005113099329721659,0.014347282589676312,0.015470653688379727,0.08718418571041223,0.12623394770922947,0.10991895558048784,0.07231947510298849,0.12254417063672526,0.29689656881010074,0.20119435076768555,0.33720919930574444,0.48411125964132184,0.6994045366964428,0.5306785268572256,0.7034443404589221,0.9882436183923795,0.9062318635393316,0.9586730793621276,0.7872749212772338,0.5881198425749058,0.5202340201364221,0.4871322390291539,0.664328920925173,0.8226956462416556,0.8951131117614862,0.7488263664412261,0.5822627614557081,0.6514439906500639,0.5006267482763743,0.6612726104986886,0.5394271776570483,0.3208497208158174,0.48550697444413304,0.21287984144657374,0.16346240967372738,0.24978858959340808,0.14831324734867227,0.17518697422160898,0.2179301110201069,0.1863933703919274,0.22481296084337357,0.23974895356658552,0.26993997514942164,0.13854806654756338,0.07524400758542271,0.03923285141450729,0.02929867572440662,0.01885662010919937,0.04908521598252244,0.02997555852966245,0.020693035638820505,0.01671460981961193,0.01703403225662746,0.04456267014234135,0.09744918717040774,0.2910417955934705,0.12417550869144797,0.2616063059027051,0.13062843025336282,0.20983626367548644,0.36666731112438694,0.5249583971862478,0.5942252722570625,0.6446934933395284,0.3892343698297821,0.3802984250423299,0.3046421210798509,0.38504412662585247,0.6241534698078482,0.16144650736179703,0.15741115208207143,0.09401088931574574,0.049049519128828094,0.021230543653959946,0.0054678302959247,0.001975501339250673,0.0008186478042140488,0.0005010006418293825,0.00016962752971371294,0.0003754043985032031,1.733406719527584e-05,6.596243026696724e-05,1.7722624042294512e-06,5.587633187500642e-05,3.1262771583801266e-05,3.282958046522159e-05,2.754059748064028e-05,1.1407176063498617e-05,2.4680612411319018e-05,3.007709355698166e-06,1.0254026101103382e-06,1.4232252779003883e-06,1.3007716715405641e-05,2.808884347233859e-05,0.0005134020548481134,0.0003977916829573734,0.00036010800825646733,0.0003265544856419763,7.559399861351362e-05,0.00016332207612691492,0.00031512059904663527,0.0002905611531475614,7.035465431773903e-05,3.587145330187551e-05,5.879813063723835e-05,1.4998745715727837e-05,5.213614909456373e-06,4.128796038440018e-06,1.1241867576867375e-05,4.2463228196227054e-05,3.294304542486452e-05,2.20525540824904e-06,8.416732902178481e-07,5.246909067779308e-06,5.261131244088348e-06,2.1321228888644154e-05,1.1518707698526179e-05,3.3824303490170156e-05,6.684269025960519e-07,7.484161217241616e-07,3.1154005434293927e-07,8.418024889121872e-08,1.1488312441509652e-08,4.09851523239592e-08,2.4221068673049856e-08,1.0636778841790566e-07,2.9145780233226364e-08,2.6122994068901485e-08,7.576339551247854e-09,1.1487292701785665e-09,1.9280351786463768e-10,1.1954325130425854e-10,7.98471069139737e-10,7.735625671710513e-09,1.0409860846102241e-07,7.337598963467572e-06,2.173396466541266e-06,1.4646361090617855e-06,1.142415851959298e-05,1.622890500547556e-05,0.00012215238528526606,0.00016808821549788738,0.0003336535213152938,0.0002645097379557634,0.0006310887259235754,0.0006181337836088754,3.41696676682563e-05,0.0006792603979693546,0.0005842535299654682,0.0002508887057028238,0.0001644957556285997,5.7349955827224e-06,9.170308858425729e-05,0.0001901566426856606,0.0001603284731386912,0.00026330918008159534,0.0001825767259869074,0.0021731486842158382,0.003303694956055656,0.004249979914274891,0.0038562514024451378,0.00014707580730532481,0.0010818647242172312,0.002713426013035609,0.0037472979487253384,0.005341679704783903,0.00033242739067654574,0.00832761991906322,0.011187487799427027,0.012516069632294307,0.00707272127589544,0.0007164150133059039,0.0030134478836165127,0.004623132377779954,0.025300981819857345,0.03311506933128571,0.02278965604794629,0.049696082842037394
-1.4000000000000306,0.4250667774574081,0.7112915177553544,0.6644489071324055,0.8513731953683467,0.7854087375163044,0.7475207711137483,0.3991408650494978,0.523424859959925,0.9285629920515314,0.9229389681399844,0.8594934698763169,0.6692699434593932,0.6472698636371258,0.9789137883319774,0.9474775909070235,0.8736278549128631,0.7774381225400432,0.5241613232505709,0.43396048688808986,0.19296077707365814,0.14849686577788157,0.15714093693496362,0.21054391753600046,0.32700350560594776,0.8582592049924934,0.946684932570773,0.9550124883015382,0.7411297490240553,0.7799434612554602,0.9518962234918669,0.7900908123150285,0.9841855311900524,0.8629167199786067,0.9098320219860573,0.8078683522253237,0.3930105407681098,0.6797182838365058,0.9610848397922676,0.6676524304746285,0.8041914814897134,0.870283718213557,0.8218226098574837,0.9730228638578133,0.8186116005976416,0.8669743016569446,0.6366833755070268,0.5379794098350664,0.7663214076231525,0.40691582029553214,0.36142450913870194,0.33002346316668185,0.16600340540523373,0.25624631205782744,0.28763291435824845,0.3391647209828993,0.3416008951618831,0.12282488275389969,0.1191816138903375,0.055523850500709855,0.04900594853039502,0.10980772618988839,0.08906307477316108,0.07616084090514605,0.02327044136277687,0.054751410561772164,0.05201773273258313,0.006403459592399871,0.001967043922316303,0.000401390415443935,1.8120030336319055e-05,1.0445882924485105e-05,3.1294935919083796e-07,7.462643059400049e-09,4.677336185778361e-11,1.1605748574912285e-11,1.9541935094010516e-12,3.7534215962197865e-16,1.1643916842232668e-19,5.126645472786332e-25,9.839536565145902e-30,2.0184667767635351e-35,9.663322483101944e-45,4.38416912718483e-56,2.5423710015502142e-68,1.3639707717376187e-92,2.828925597283711e-128,0.0,5.7519497543786175e-121,5.664955255103609e-91,3.666555005110601e-68,4.025868806352363e-52,1.0003716215559924e-41,3.849164649553635e-33,2.127175395836358e-27,9.34447373757498e-22,9.64301132356595e-19,7.623304139369303e-17,4.060351197969977e-15,3.8780809496858354e-14,3.123229376646493e-13,6.164407380176054e-13,2.0057671049996922e-11,2.503939928677322e-09,1.8163942233927792e-10,4.5254637033433406e-10,2.6025923313387828e-09,3.31464034969968e-08,6.483074443918583e-07,3.231921534284951e-06,2.4080140927671213e-06,6.5150554069447466e-06,6.934681859655063e-06,8.18085165067792e-06,1.6832863946513906e-05,2.288290210065265e-05,3.1299900408664e-05,3.431911487126869e-05,6.795730909660308e-05,0.0003195466276377337,0.0009018503945950112,0.0031391049639462143,0.005096727351463075,0.003057393612376318,0.016249041152840066,0.018910180885617616,0.07378924056654625,0.13223505463385873,0.12274545181532037,0.08989685723980326,0.13902773002143176,0.2905342478349061,0.22408349658292756,0.43775967169889657,0.6055416071659478,0.8867704022030118,0.804778016515001,0.8816717764453318,0.7856876894440205,0.8223610107984245,0.8452440351865024,0.9408610996586185,0.8414109997714065,0.7937158342225976,0.746335883657191,0.977062152347465,0.9418000745581665,0.8492530232038039,0.4258003257144198,0.3057975951101808,0.40366669198734545,0.30128769245031906,0.39474526922898384,0.3051042526741714,0.18252225649221213,0.3100152789218293,0.13128743438656795,0.09192548944925975,0.14849852590182452,0.09012645304521466,0.08181153182023382,0.09959251908380957,0.07964023252728485,0.10142229729611722,0.11476265714270098,0.1526805308028395,0.08736789115729689,0.05002519431173244,0.020037194075112494,0.01594213855080727,0.01546934911750762,0.04989661837782691,0.04093139481079774,0.02933988274511562,0.024184655694851852,0.01837921419505148,0.057858959133851987,0.1201552582271573,0.37679124152784116,0.1564211488886998,0.26387438696736487,0.1290618062692003,0.24331904355994266,0.45236558669120136,0.711595370513567,0.8146326469709835,0.8353691448633382,0.44953382647664886,0.37215850052632016,0.3109906754609063,0.35074043108905206,0.5424736728205913,0.1370987553205221,0.1563516568815739,0.10888796011406165,0.04828816171808651,0.022610673936907383,0.006199674376087866,0.0031412704957640442,0.0014991991657702358,0.0009282250788716836,0.0008426757291799313,0.0022189457128691395,0.00018516073141648963,0.0004708444339697677,1.6630774726906686e-05,0.0001552762941695001,9.614700501168374e-05,9.918398408659286e-05,3.071521104702932e-05,1.627900878115275e-05,3.607246756248477e-05,8.589143051284453e-06,3.2900772047217804e-06,6.916777265503127e-06,6.81949312265033e-05,0.00010086982207598011,0.0016329332678736881,0.0008519712477421721,0.0008173002466690283,0.0007314261168727575,0.00013919859916745154,0.00023465943919874808,0.00034383263048262897,0.0002736268746962534,6.841066581766872e-05,5.006644488818756e-05,0.00010625856856593507,5.269533392787869e-05,1.2583346460451675e-05,7.510731058871092e-06,2.249017571935864e-05,8.165429519006263e-05,3.898400824422774e-05,2.8740897967956477e-06,9.334170863427421e-07,4.298196727729841e-06,6.647473647309148e-06,1.9543373301365875e-05,2.026061364762969e-05,5.385267998718086e-05,7.77891989947348e-07,1.6557913541102168e-06,4.2267149980471777e-07,2.225541834209628e-07,1.8927607633665053e-08,7.838125125857816e-08,6.77298075779589e-08,3.3744526606889753e-07,1.807449034494052e-07,2.6557401103537724e-07,7.455181600408569e-08,2.1315498576431043e-08,7.1966949530105505e-09,3.849411660194072e-09,1.1374087168623571e-08,4.813277866842205e-08,5.582941444397589e-07,4.0491205693998905e-05,2.1930985924123804e-05,1.9725178331920474e-05,0.00013850880524894377,0.00019226996089532323,0.000919531546817639,0.0008876644871125116,0.0012830142997434107,0.0005547946950079909,0.001802074780467511,0.0019916560373919364,5.986347232454794e-05,0.0010094085601148287,0.0005496141088109544,0.00028294718320716756,0.0001299498107874678,3.4633454524991862e-06,8.086310179721657e-05,0.0002935479681813363,0.0004097421009865187,0.0006274883754917214,0.00052540445635761,0.0047006629058687615,0.006211230048719577,0.009330415612603293,0.00842186004211705,0.0003993253492220547,0.003447064477778545,0.010152108087402424,0.011926825733808292,0.016348786100346915,0.0013223122322433942,0.033221908279622805,0.046589498094465914,0.04877027919560242,0.028166420495750917,0.0023666392979636583,0.007740317553581084,0.011439063014408096,0.03940613357954519,0.07116375903849244,0.05316965412878486,0.1370942695413918
-1.300000000000031,0.4239702815452386,0.5805196760762232,0.6396577487676836,0.9120050179940051,0.8037930019094366,0.7485521069719454,0.471997614286051,0.6281937346658628,0.9266958343427577,0.8659060490806082,0.9881511190472687,0.8780473260969639,0.938865049228757,0.7542520308643221,0.688577247162205,0.586698230918646,0.4696544925553277,0.30349658043713373,0.18822285299303393,0.0809319274205824,0.06330275870502658,0.07906709742295737,0.13406328248868102,0.24773791917420065,0.7529504072624723,0.9591505156833107,0.9061576764801211,0.7819379190736627,0.8684152765444658,0.8720175668126204,0.6635796389554224,0.8451615297066445,0.7167127465679787,0.9115542322244837,0.998842286713332,0.6488988149269549,0.9983568446877206,0.6348879508073428,0.9817942626659392,0.8125256704534661,0.8041145120604823,0.4318805492868092,0.5692187046152454,0.8093823512470747,0.7701403029245582,0.9943985312087523,0.8628095738488759,0.8269657287548925,0.7428328630570292,0.790034140073554,0.8767522207193875,0.5532504145314919,0.6849802543910147,0.7438075460180447,0.8187477625727212,0.968827151949508,0.4049841090740473,0.3603035404160886,0.18967617475120846,0.18828259937492473,0.2534584798962433,0.23876288797298273,0.18956505662415132,0.0895913502864923,0.1652862833630533,0.17199889696263002,0.030406354020939212,0.011973791699675359,0.0027792835984151894,0.00023823982997649872,6.56281571646838e-05,1.2144596238189692e-06,4.5940851586307256e-08,6.9945713683808e-10,5.441945943329161e-10,1.6484622979153023e-10,9.430299278377698e-14,6.442857821812632e-17,4.411502569213496e-22,1.657288830101424e-26,5.54872389263884e-31,4.986588817576531e-38,1.768878471266957e-46,2.0386841313904042e-51,1.1113629443594758e-66,1.6700767206122145e-85,5.7519497543786175e-121,0.0,1.4216422063685341e-124,2.2929017689427025e-90,1.877026806720463e-67,4.023397123809769e-53,4.977275735491156e-41,1.2952286919363468e-33,3.865381834552908e-27,3.943296303630774e-23,6.942025271732567e-21,1.0850669899968014e-18,3.941098407172271e-17,3.4366660700537765e-16,4.2705017933504343e-16,7.111215084575163e-14,1.3690183680117868e-11,1.0544416800791174e-12,3.82577239449824e-12,4.0042316191243315e-11,5.899663486168399e-10,2.0610033600097973e-08,1.4276919817919821e-07,5.2417224517856506e-08,2.859502586673375e-07,1.716089560492815e-07,1.3349045987523214e-07,3.9064577866764456e-07,4.084936989802244e-07,1.05287392590425e-06,1.2834222101962122e-06,2.4583363067044002e-06,1.952778963567929e-05,7.708045797925172e-05,0.00042964766428102425,0.0010645835616752697,0.001336736735621057,0.004636612697163767,0.00631699795507624,0.03316337416489181,0.05660252808735014,0.04872765755759558,0.053711886301340515,0.10917699868393654,0.21297751260005385,0.20256527711018915,0.336948586842387,0.46272466594234574,0.7627879346611119,0.741383939962868,0.7748828636404802,0.8745136355998484,0.8044322340306705,0.8526209346115861,0.9510705662728174,0.75669152120874,0.7315020639645797,0.6368524772012681,0.8253630903633646,0.8403444698206036,0.9348674498896201,0.6080554426272206,0.5728475014934504,0.7250872109703425,0.483516245751579,0.7532202234521987,0.601048428293614,0.35690293528433514,0.4919774824087164,0.17851569864447975,0.16316062891128907,0.26822874703399063,0.17798356957529776,0.1683112668715537,0.1762471931953984,0.10850927271942892,0.12052056698113302,0.10108859730264115,0.13125629398605865,0.06044181222061801,0.04449078350850594,0.030430021782375704,0.024669261456062026,0.0283663711992077,0.09887868950153415,0.10613687798849374,0.08522480676600448,0.08829152103914287,0.06771099347785219,0.129357602175267,0.20463138001076284,0.428802568532367,0.20969502508117574,0.38309093626950197,0.21309148763701072,0.398805497890246,0.6048914306518364,0.8631475621961293,0.899484567637968,0.9507593734366729,0.5052508092199103,0.37733763414777105,0.3222704712705143,0.35900984840457734,0.49478591655822707,0.10407419732541183,0.14975529981236196,0.1147388447387413,0.05508192190582884,0.02503846447529574,0.007927625374274657,0.0029098751430354335,0.0016892082555783642,0.0012285837956021372,0.0014957015491175137,0.003329416587153899,0.000393499006527895,0.0007458059200998935,4.4675602132189976e-05,0.00022906060146337052,0.0002359140237536616,0.00030764483656642717,3.9860958023426555e-05,1.9588898529617768e-05,6.971702740051963e-05,1.9901664005451715e-05,1.1609701042167497e-05,3.683239481062687e-05,0.0003507773658099245,0.00040610063032917097,0.0030374750084002336,0.0016213826022797107,0.0014681536891583047,0.0008086166558165053,0.00012349346459511508,0.00025812808225800774,0.00017546306282837813,0.00013830741445914745,5.4553288823824284e-05,3.228234513156175e-05,6.280607639545002e-05,2.0998205763860128e-05,3.2006649634692e-06,9.262476758686214e-07,1.988374604615492e-06,4.4991133888168215e-06,1.5661847603490571e-06,5.975679352841356e-08,5.086749044902993e-08,2.2028748839695176e-07,5.722196592662994e-07,3.257718855364808e-06,3.759834955960347e-06,1.0534493510699188e-05,1.955880975010381e-07,3.998297955155847e-07,2.1370390369260662e-07,6.759031215843913e-08,7.516155531430584e-09,7.554057004310829e-08,9.80984070737307e-08,6.502951638161964e-07,2.1428886759444345e-07,5.159338994464293e-07,1.3523815575392377e-07,3.486291053066703e-08,1.3910663809901527e-08,1.2887899793856414e-08,4.5916164992047964e-08,2.9490952707497456e-07,1.276411910967715e-06,7.011745931844694e-05,4.6779503896932915e-05,3.466896083095084e-05,0.0002564877075000992,0.0006094432736203171,0.00379819122975804,0.004824551815918433,0.006704894657137863,0.0047323264653885595,0.012318828777890098,0.010535352525015609,0.0005475418714383401,0.004776371457134586,0.0028283153412782336,0.0013676136782014043,0.0003171893818158081,9.189562398955403e-06,0.000190412741368547,0.0007792695045620792,0.0006599013246435833,0.0005014740579930452,0.0003669665266733516,0.0021507749166228074,0.0031868885996065243,0.005388017844333535,0.003875899025236274,0.0001416592509848413,0.0015709558821887265,0.004340874893005874,0.0045606780971894495,0.005612763983700545,0.0007388028546422062,0.015177791986574056,0.026200547883986704,0.027894218681539677,0.016843576899201587,0.0015320110246570349,0.004718909847281686,0.008039252278277164,0.016772374966982286,0.03499959243122211,0.026596471140572876,0.06608099297972721
-1.2000000000000313,0.5373528157909747,0.7202164201651705,0.8026191028300795,0.9556702409357678,0.8567375591922707,0.4805278612977724,0.2850110304773631,0.4314417123549145,0.9435571125413684,0.9745396154045806,0.7419497017105412,0.6957723168866924,0.7563096969061054,0.932851323034519,0.8764867784543012,0.8520871188622876,0.8404006358584516,0.6312803994248825,0.4713343414539371,0.25981242837090246,0.18536294530795525,0.1552435752703266,0.19389034393136168,0.3767991459043405,0.8960277560046158,0.9582375464618216,0.8301230862606865,0.914080348897533,0.8801604244624102,0.9864998563327633,0.8527121922514057,0.9615681854274452,0.8539902719725504,0.941791981469234,0.9620956362446722,0.6118483859311558,0.9834328967374091,0.5985218293010675,0.9310465658621694,0.7821008712017115,0.7826144976479099,0.3918153211443568,0.5454363136191215,0.84815777831911,0.8198586630481631,0.9365230990754458,0.8026296709226314,0.9199520908139001,0.6857263246250308,0.814951631389304,0.8783501214943455,0.5586148565913789,0.7549765434531152,0.7880201238815959,0.951419868946276,0.9639880317846028,0.49657732536862964,0.35566828470423706,0.18843434020333408,0.20799332833218326,0.26193091009674013,0.19724335049635136,0.151258977249534,0.06972312732405292,0.17580056479471803,0.19321790092989297,0.025685843977891677,0.00556073346544106,0.001729768186837949,0.00015866593943776063,5.2473182571500395e-05,1.3732124294221836e-06,6.437333465314548e-08,8.919094281696822e-10,8.589642133709248e-10,8.951781531968304e-10,2.297598493993685e-12,9.198550168292899e-15,8.647348941395007e-20,1.7379058805310673e-23,3.2676853673094346e-28,2.06325204255498e-33,3.203920168266975e-40,1.6890082004831754e-45,6.876323509865192e-57,2.4654216234168812e-68,5.664955255103609e-91,1.4216422063685341e-124,0.0,1.7964964421373534e-128,5.428192082067264e-91,7.224037975957601e-71,7.764545122486508e-54,1.062765789919053e-42,6.786879950118262e-34,2.1888857417930885e-28,3.985051355160287e-25,3.4266732457529016e-22,3.4501248080558505e-19,3.526220758223546e-18,6.438701081075302e-18,3.3722716185090197e-15,1.2907607825649895e-12,8.522352042976395e-14,1.3640867891136673e-13,5.790036400420373e-12,2.923291849286845e-11,2.3528148592373697e-09,2.1466991423242234e-08,1.2944841600352816e-08,8.494502303721421e-08,3.225684265746031e-08,1.427488839817839e-08,4.922948728911764e-08,6.569702598201172e-08,6.280175095956578e-08,1.0061517150076928e-07,1.5745845957847276e-07,2.552787999789167e-06,8.834083377007437e-06,3.999894633784098e-05,0.00019385674046787894,0.00027267414099338476,0.00140128559794125,0.0025682355700685734,0.015178843956124479,0.0399241030588903,0.050896888374027595,0.07387200821409266,0.16340003104925208,0.35328929143963067,0.32102175471863886,0.5790759051264911,0.6843427986450968,0.9799688983165251,0.9370818345316908,0.8524988253145165,0.781937083813533,0.7387616432013254,0.8253875236680648,0.8883097001234715,0.8566929954306075,0.7891001880446532,0.6568082362564184,0.7564445229231519,0.7254016237406282,0.8641805916253016,0.7654879401323553,0.6945250576956035,0.8205748682992601,0.628584884043496,0.8862337612791695,0.6950330113427675,0.4181060779535966,0.49936027201135336,0.18938485047630219,0.1456078103917151,0.2028150270747762,0.11119775187061717,0.0769549189125508,0.0693081988913682,0.032325842166548435,0.03642832763936948,0.025664395846369845,0.060944380475016414,0.03326948343679118,0.03682913688989275,0.03240809665378309,0.02694773593868859,0.03685649977251472,0.12600255322839057,0.09005971968995685,0.06886059607639873,0.06802953885275548,0.04529662312587941,0.08028493446844952,0.1400391454286494,0.2849667754705227,0.1255472966387089,0.39393098423842243,0.2169105674509521,0.3944132985104574,0.599685388836134,0.6743816290367927,0.6968963164243968,0.7202308653894637,0.292960211852645,0.21251468480352326,0.20275030672986635,0.24972089210143725,0.3446126201031082,0.0792262154816136,0.10491206033190192,0.07774110851667784,0.041822999785131355,0.012694214998633118,0.005958849924502974,0.002465222430477435,0.0012526132037665337,0.0005798945977622751,0.0007553403966816317,0.0019428995466401228,0.0002091180008260183,0.0004384325475619147,2.2315994904714222e-05,8.310397073657108e-05,7.07962708954479e-05,0.00012911336684525056,1.4784535184480148e-05,2.767887469907847e-06,1.0745038329859233e-05,5.750329557074106e-06,6.255100149861493e-06,4.259844786649104e-05,0.00030518464980874453,0.00031236154570721297,0.002937275546788365,0.0017634299790980266,0.0022700664608299092,0.0014950966532039057,0.0001459534682412693,0.000565194018565904,0.000544561560038862,0.0002923846907878475,6.810988371049072e-05,3.387683142355091e-05,5.283892686944162e-05,2.0487911953539396e-05,5.261112578890791e-06,1.8556442043727154e-06,3.384446893362994e-06,9.19330866832163e-06,3.13390438739855e-06,3.5154004137083195e-07,4.42566909440283e-07,1.4955136019993617e-06,2.920884938455207e-06,1.794442927299247e-05,1.5122919552598712e-05,2.1955784031784447e-05,7.463839433355466e-07,1.1773608696531147e-06,3.2394967925029685e-07,9.103095106302104e-08,1.2872793245674864e-08,1.054924491408057e-07,1.4414848515055242e-07,1.0050937169559072e-06,7.352889368539381e-07,9.165484338452242e-07,3.751029751176943e-07,4.6498474382749145e-08,2.4855188117234442e-08,1.5522794557474903e-08,4.4272619873755814e-08,2.1942686454117433e-07,8.762604215628822e-07,6.963680371252124e-05,7.957041428908265e-05,5.9142237231701294e-05,0.0003425843172530824,0.0014147111131202921,0.00792204873753249,0.014261556170902382,0.015298049520382974,0.008782028407310481,0.01569614054846495,0.02250374043693459,0.001375484162207542,0.008166404243883369,0.004917611251335149,0.0014116135621078003,0.00016743204593526765,3.699893335161213e-06,6.101667013954882e-05,0.0002687831522951032,0.0001309923086440247,7.456359072036379e-05,5.024566482150472e-05,0.00028770427870791906,0.0006360912986455067,0.0008014478826626997,0.000544085889490876,9.67145010958903e-06,0.00011391846148093913,0.00026192145639883325,0.0002730010063769325,0.0002433501627771003,1.4050395569303512e-05,0.0013252830109791406,0.0032897078194834145,0.005887062489424542,0.003834219778962704,0.0001685352595562089,0.0004342660391457109,0.0006406792607285317,0.001761384459193135,0.0032286435857616868,0.002036739624669861,0.007550874222452813
-1.1000000000000316,0.56513742623545,0.5602998045153316,0.7168420518932594,0.9954629162078432,0.9809124362935726,0.49053138774641813,0.2943552619244842,0.4349840081066124,0.7679918688269601,0.9528235560874834,0.7638943952949712,0.7526933236462816,0.931248441325147,0.9100866228212886,0.7274883447614108,0.6931399558991882,0.7021634172850287,0.5264503983057762,0.3573387310684478,0.2220224233695335,0.15331683360219933,0.14352955051479996,0.15581149238903555,0.24463996723313744,0.7244425813015504,0.7224229478510871,0.7698715780789496,0.5485742826100902,0.4943707693795535,0.5019689500413854,0.41125126565867065,0.5642231162799194,0.5364305116607125,0.6571787828960558,0.762446806865578,0.7917204021927304,0.854186829606204,0.5102717412173318,0.764460791775636,0.6687803567733805,0.7741496669061522,0.38036898610420866,0.470316133946858,0.7323570982214651,0.7966423772325114,0.9893949000168588,0.979793533099621,0.834006869727075,0.696247727885866,0.8586353165166386,0.947871528269651,0.68066118421526,0.7719819808605058,0.7612181499603695,0.9004064570964809,0.9142203882486958,0.39530013481454396,0.25331914197039307,0.12086624282794327,0.12042126065816053,0.17617640007766114,0.08599381782845698,0.054856081277417854,0.01699607335335277,0.046282396377019724,0.0686503415942303,0.007987331674963067,0.001763688193101986,0.0005458412943415245,3.195363916369869e-05,8.480536089104886e-06,1.8000282627336634e-07,1.6112602392858833e-08,3.4911458128223446e-10,8.972028139932186e-10,2.6582407618039984e-09,8.492567578065141e-12,2.8113474620285385e-13,1.9772345905957814e-17,3.524365968115182e-20,1.558435682857928e-24,6.363418152766319e-28,1.4566382693767718e-32,8.137593013817616e-37,1.6796728213501516e-45,8.944241827085697e-54,3.666555005110601e-68,2.2929017689427025e-90,1.7964964421373534e-128,0.0,2.8241059421409048e-126,2.894599937820372e-95,9.782435883723129e-70,1.1208150197063247e-53,1.584845789259658e-41,4.214036761759869e-34,2.1166686100728005e-29,2.808848163065239e-25,8.337633925544663e-22,2.0656729261987614e-20,1.1353577375718813e-19,2.508710509662673e-17,3.801894408738624e-14,5.871238072221554e-16,4.031128214576714e-15,3.626746897895028e-14,2.8338726082900545e-13,1.4073896531825623e-10,1.4441414539522983e-09,1.4490980038154825e-09,7.0944170895610835e-09,2.4544687504729584e-09,2.2256782066835622e-09,3.256766186287807e-08,3.6869522806238926e-08,4.342922969551404e-08,8.650273455450921e-08,2.5168546934092507e-07,2.8199996662268917e-06,1.1521495857931965e-05,4.5649111076650444e-05,0.00019041947391754154,0.0002368394694879058,0.0008828546212606738,0.0018578211339665598,0.012414046388564992,0.030310721425914126,0.03240345830569359,0.05777875231397888,0.13226775716617906,0.27280703213101887,0.23777770993222083,0.4536878609777102,0.6204487419107892,0.9723281697972123,0.9858130206916093,0.9377536171733993,0.7553473757047446,0.8046826327117308,0.9319144994239726,0.8354688889680559,0.8655063724318006,0.7081393823212356,0.538388388618582,0.5713653170461443,0.5939837036085525,0.6291569186592131,0.9506569221442922,0.9303611227860886,0.9255263329016485,0.8258487298756657,0.9228561085354844,0.7866421002366547,0.4819857717063692,0.5702504898938681,0.23727294270902202,0.17881416191626714,0.22412050233245578,0.11148945271493482,0.05277385303365189,0.04436446137690262,0.018779809635675663,0.017429398275483985,0.010721960847155869,0.036227874809270866,0.012469615551728904,0.022198379476789,0.019611157073854777,0.014936219301889533,0.016862534509152795,0.05965175205358217,0.043658258566647984,0.029362534947633447,0.044487475927156316,0.027936742753059348,0.04441520829760111,0.1075550368866541,0.1985935409901954,0.09152551432155415,0.30622753338692715,0.08052408463934806,0.26498401147622314,0.3948633475132839,0.38291634274581526,0.4053561434672657,0.39381802281559386,0.1103711447252416,0.07565824908164046,0.06878693648654444,0.08904239629506351,0.0958108563597971,0.015254730943271486,0.021450374409807474,0.01168985979489957,0.005178603608734368,0.0015587357610127315,0.0007278518256628251,0.000545666912350206,0.00030308799700140847,0.00014128855537666745,0.000160167083450239,0.0005068854156435026,5.5569299947624846e-05,8.535540632623454e-05,2.7301497678102786e-06,1.3499808407219923e-05,2.1462790915587637e-05,6.370699306709083e-05,7.276563331626746e-06,2.3984457323096105e-06,6.916666152057473e-06,1.0017229116717005e-05,1.6931634865318202e-05,0.00010901971445442232,0.0006832835448290553,0.0008336593453359554,0.0056719247830320585,0.0021101515735695514,0.0024933432814067177,0.001348233387308864,0.0001405586389375293,0.000636146852791989,0.0006896542728812108,0.00032468347878803177,0.00011100608194657657,6.315361841459198e-05,9.52835571720399e-05,3.793682521180702e-05,6.0515412228300154e-06,2.521973655084232e-06,5.956319643795689e-06,8.366629293873095e-06,4.583292175778343e-06,8.686516261895468e-07,1.8286502038150454e-06,3.0553668093217164e-06,9.626684023916963e-06,6.789354091713782e-05,8.641979024315844e-05,0.0001395683841458147,7.550248214330799e-06,1.1628494758777187e-05,5.606821847708135e-06,1.7748922330114362e-06,1.9737714547583868e-07,1.1486833629678862e-06,9.23169750185269e-07,2.2832200727462686e-06,1.1797734292800583e-06,1.2575363190485549e-06,3.6561063751543144e-07,1.0135230896601977e-07,7.052562427308099e-08,3.573090035420606e-08,1.6531443599865098e-07,8.735425313837106e-07,1.5299916802279356e-06,9.388532157983282e-05,6.07089572092882e-05,2.761694928361062e-05,0.00042558969049822265,0.0020180201109665204,0.007030081570659346,0.01317042511492568,0.011611617346418537,0.008276276767467804,0.009640891767106112,0.021379806672117543,0.0014924359841814964,0.012773713190396283,0.013330141220621173,0.006633871399268138,0.001470672327930695,4.874825408256371e-05,0.0005186937243533073,0.0013626154159256546,0.0006460600502774779,0.0004100538174507787,0.00022885590924457235,0.0010964774542001655,0.0019082899789332676,0.003213949269107709,0.002573101314289061,7.680561095649834e-05,0.0004833073048727022,0.0005149835878554799,0.0004636754067231043,0.00023887548025238484,1.365416828057218e-05,0.001194447255610539,0.002682339367722929,0.005386390192399837,0.0036481896255956664,0.00016899064066134816,0.0003223625697011582,0.0005387153303114884,0.0012977064801353625,0.0018946019703809495,0.0013394088015888695,0.0058240024103072925
-1.000000000000032,0.5628279641212414,0.5635747308160169,0.6867283240179178,0.9920418635964483,0.9591752219402349,0.48909181179013306,0.2955573176162304,0.41783131981111243,0.8127628903662489,0.947178550352651,0.9980021533138429,0.9970757738325026,0.8707762555769273,0.7110080485424026,0.6203519840223537,0.5464430982049299,0.5646737921276774,0.46841633672797545,0.242571294903259,0.17430196202860446,0.13709748971492558,0.10423147817081282,0.1175242087211159,0.1719699273242088,0.4579247766732169,0.5106301063090397,0.5653176496070691,0.31196742841310465,0.2695935277313455,0.2901232813309542,0.23816929114336058,0.3322228183002193,0.266911956054001,0.323656861327723,0.34028567909007623,0.7712492605049822,0.5054885428820317,0.29974960805608897,0.6257138509194445,0.5746944946304626,0.7353326965987981,0.3822524759909738,0.4723238727273281,0.7740065939060891,0.8769471274720202,0.9326737731568513,0.9324353064020113,0.9745364943890747,0.5047862936952751,0.6053949786165287,0.7668634694661286,0.5104071487911697,0.5839223220108036,0.5773159841762354,0.6965230950750082,0.6864550697294269,0.29726893383824704,0.18940705052909484,0.07852405008717504,0.07229782123938751,0.06424993535610501,0.02479100258071043,0.014745695867478677,0.007894990441347739,0.02477799337409484,0.04154542880603673,0.004825597753006577,0.0008398118539776358,0.00023331366011442964,1.2588736676409958e-05,6.502092375088993e-06,7.324519527012692e-08,1.1837857876488615e-08,5.79185201163793e-10,1.5623968602018012e-09,6.7541222650423205e-09,3.457406603701888e-11,3.442806627024283e-12,3.720933152699095e-16,1.2426693025188392e-18,7.698704080983374e-22,2.8020344761990243e-24,5.777447605091615e-28,7.020815242977337e-31,1.053130892786174e-36,1.4645080530458303e-41,4.025868806352363e-52,1.877026806720463e-67,5.428192082067264e-91,2.8241059421409048e-126,0.0,1.0145695601899815e-123,1.8098872903410685e-88,4.015708172391772e-66,1.7563857459595893e-51,8.898789144233151e-43,2.9238288429170973e-35,3.1030956412111196e-30,1.4317080310520855e-24,8.305529668834722e-24,2.667243256102481e-22,5.975844494490807e-20,9.45991878985575e-17,6.939075894346469e-18,4.560950100916751e-17,4.738911380358428e-15,9.488763070334978e-14,1.9590865823690694e-11,5.447616136923993e-10,4.1010345222400905e-10,3.9252889387123875e-09,1.40778198032882e-09,1.2079859477400452e-09,1.4258007843565706e-08,2.018729742529086e-08,1.4136540414829253e-08,2.4943938138932834e-08,6.207266595065434e-08,8.797906670163533e-07,3.1910622845501134e-06,1.6071720070641147e-05,3.984469185553609e-05,4.0916295163688825e-05,0.00029079750252559885,0.00047299487041943907,0.004257213853499111,0.00813701925691833,0.007937387278483456,0.021545049947729294,0.05134584015416526,0.09117612767954997,0.0759405812996167,0.2012385185359615,0.3387379208440333,0.6461239206343371,0.6784222437536205,0.6257893244041538,0.9194146962084049,0.9508261995307671,0.8106208573136958,0.9531646120258235,0.6715628709691567,0.5621997016169835,0.47461554677623213,0.4651362948735566,0.4587621504140561,0.4612016242000864,0.7352201034345032,0.720493574815235,0.7851938100754672,0.938993452996096,0.8944997059110271,0.8325302521793059,0.5270938948928148,0.552096461004571,0.22334358531029813,0.15258837384451002,0.17351003128894946,0.08480919772767934,0.040926867980823636,0.040164011627306394,0.026252872917853852,0.023912409363217802,0.009785875712001523,0.04303552632394893,0.016411983103969654,0.03328362238311291,0.025371175473738173,0.021287892941852883,0.017796983446938554,0.05578057838409066,0.04616164057089388,0.029014302739105567,0.03436296987752184,0.026180266174492723,0.03469692581726258,0.07533448556730189,0.13677266629835044,0.05945246236377139,0.22604263262587154,0.04655244800149082,0.1937884980169738,0.2788924978117488,0.22312084848522273,0.2019228773689376,0.1979969596867595,0.048787147335805074,0.03184836731323031,0.031843286378832644,0.03132145884614487,0.03737702761078346,0.006014632386921172,0.009812570404068221,0.005186877522101993,0.0018215462356234223,0.0006686452505894868,0.0003339901731636346,0.00032052117170596264,0.00027728062072001914,0.00018258040494093712,0.00017965171105193754,0.00032646242647436555,2.3569032191110665e-05,1.765501052736344e-05,5.84272707930866e-07,3.420043051838076e-06,4.605216810962933e-06,1.1020397808678774e-05,1.1438809339266277e-06,5.399253707675442e-07,2.4076254909303056e-06,2.603842319283529e-06,5.6425012874446236e-06,3.3586223362816924e-05,0.0001460126358881799,0.0003679501162258075,0.0027000702133577314,0.0007042943292358409,0.0008272679716685005,0.0005306127141109118,6.487772556170548e-05,0.00017454037540854872,0.00020307008105363038,0.00010799917372056573,3.829323826415361e-05,4.806745452941638e-05,6.230753976668199e-05,3.1718210576558154e-05,7.223223528997818e-06,4.4119771885530415e-06,1.5979930427653e-05,1.9648682002037434e-05,6.5528839396535535e-06,2.0866992340453703e-06,5.074158005117881e-06,6.787682958768705e-06,1.350435366705733e-05,6.652683793680122e-05,0.00014281827175929534,0.00036209224831462505,3.120787563829872e-05,2.8200025193555397e-05,7.227642468832031e-06,1.6408529372004113e-06,1.3648415355198098e-07,6.801035234004831e-07,2.675745620247213e-07,6.615296323626327e-07,2.442405924082644e-07,2.60201379730939e-07,1.1674030897243435e-07,1.654964318066122e-08,2.2055561946852905e-09,3.8571967553531896e-09,2.227357196521674e-08,9.832102154570079e-08,1.638016011943742e-07,1.560447476224213e-05,1.5071790628862332e-05,1.2943261498383847e-05,0.0002895096192970173,0.0018421080006813632,0.007535869867728312,0.018884212253431124,0.017076462407970824,0.009143366875763954,0.011128177945751527,0.03136995407402679,0.00224634829331956,0.016089307615932646,0.012040673835503382,0.007271062646975964,0.0018740222115644655,5.9816188048936284e-05,0.0004236963813401913,0.0009613912681583758,0.00036475931395500466,0.0002087630245369118,0.00016249771131618382,0.0008486801100923208,0.0014438887658311432,0.0029604119160851327,0.0038645521711229195,0.00015202923532072152,0.0009461736626658516,0.0008799156888565592,0.0006610494130372352,0.00031415349780329377,3.2125883424366946e-05,0.0016795426037876046,0.0030202939157085327,0.009832339229105312,0.004690599613382814,0.00016474169831391108,0.00035673927314030564,0.00043765525772784147,0.0010934309984007482,0.001424060880787238,0.0007095218428433475,0.0020305680419178043
-0.9000000000000323,0.4121959578208861,0.3311961466160843,0.44568476995995,0.6773291857548892,0.681001664556861,0.817830114424444,0.6955056436539824,0.8411438245530694,0.6635522720678474,0.4310286573898071,0.550436831366241,0.6103895918512434,0.5313340968649598,0.40468613343493287,0.2983811961887481,0.3174220204220582,0.39128818975003526,0.3746480925599872,0.17689028088988476,0.12822495021793073,0.13114116259094197,0.09335141445115461,0.10559916617563478,0.1915324601123403,0.483459366267599,0.5687645359777406,0.5081676683086507,0.2920329677477717,0.256441438588649,0.26906988030014445,0.2767600776097176,0.401670518939243,0.4469972273204285,0.5122207924051954,0.6561259668452118,0.7856220859050727,0.8906541075551206,0.5990753911770423,0.97408241116486,0.8295087439102048,0.9008081749159849,0.5360311362440932,0.5224693893812697,0.7599675191652259,0.8459427051111267,0.8618992763577275,0.9986208136750001,0.9858901877653798,0.5746814203685803,0.6989378169854752,0.771022491660693,0.646604796761261,0.6681733806829805,0.7103067071221811,0.8953821167391652,0.9930585757731464,0.603308312901097,0.4451001450103405,0.2394474179573954,0.22508710004668744,0.16679000165403413,0.07311075521164492,0.03173123707847783,0.01858942420605148,0.0451994696719677,0.06861991344664997,0.01172108886340024,0.003491046797978391,0.0013498456856590568,0.00011426258555750061,1.595490403898178e-05,2.617517690856079e-07,4.933147875048497e-08,1.906829882211581e-09,5.178258499244551e-09,5.6403044220157144e-08,1.2494096188972273e-09,1.4432889989540941e-10,9.608093694672646e-14,4.072702362416148e-16,9.365506881641887e-19,2.1683120914737016e-20,1.1584012507545652e-23,1.1566182442074027e-25,2.7435821727892733e-30,1.0244882688621161e-34,1.0003716215559924e-41,4.023397123809769e-53,7.224037975957601e-71,2.894599937820372e-95,1.0145695601899815e-123,0.0,2.5745269454825114e-134,1.3929726948946315e-91,4.345235210968642e-67,8.50580498591224e-54,3.74440620539473e-43,1.0145956209681785e-36,2.0542048146760888e-29,1.7695761757433906e-27,1.5232925437746908e-26,1.401015022297217e-23,4.064569032576368e-20,1.7500744116603136e-20,1.2944244559712679e-19,1.0263257879688747e-17,1.3071693137866036e-15,5.341852597480847e-13,1.1161392877838177e-11,3.61799654911439e-11,2.448158219236005e-10,2.089682083514825e-10,2.677822244707355e-10,2.365327065970052e-09,4.50402912358459e-09,2.474406163106574e-09,1.16094940292465e-08,4.3519728108552653e-08,3.7546139779065786e-07,1.408578555629027e-06,4.9043382763277e-06,1.1434814643881191e-05,2.2995822242873336e-05,0.00010614443033230136,0.0001804686096187579,0.002389304404738935,0.003394226914933445,0.0048766891784379545,0.012526821146272883,0.03770587251941258,0.08257966345224618,0.0624078648811722,0.1664125791492725,0.276873750533608,0.5992085024429958,0.6375850165711653,0.6307962319503276,0.9403758169803953,0.9774186984418282,0.8975956235269403,0.9135022406400283,0.772335152058478,0.5580509361864575,0.4555313252101292,0.5278658569643061,0.5675089345592189,0.5643573011008626,0.7986374893185372,0.8287884684973972,0.8405171740338403,0.8369533134783236,0.8969202658634456,0.5215111493842091,0.31272763784032365,0.3208591555382268,0.11405469772314027,0.09056289478465304,0.13506401808295956,0.07988317378781881,0.036111463644504564,0.03089531040540532,0.025781801090530843,0.021205034455447275,0.01412348883222282,0.0629949580247479,0.031176908220392915,0.04455937711857829,0.0347994348805254,0.019566931258391766,0.01601239725618798,0.04366202327419932,0.03561261561653194,0.02191879923770505,0.03165260635994089,0.01852031276582988,0.028546944110047223,0.10978651676697733,0.16604932228872382,0.06618465474304458,0.22107502970004475,0.0536065469372755,0.20672883374616213,0.27530716548186934,0.20641136644538283,0.2239775830845387,0.17354540008686964,0.05441929564474269,0.03846282834106002,0.05776361784094856,0.06359172888574109,0.06537037130016068,0.015473135788168856,0.01857104638272728,0.008164085777190447,0.004503581840265648,0.001708082701388415,0.001555203048485596,0.0014420993760538177,0.0007893485444037498,0.00012128228268303408,7.493665441007945e-05,0.000291973348962983,2.0356278288829595e-05,2.9572143438254554e-05,6.053286281203113e-07,3.934949790653173e-06,1.914744614374943e-05,9.784575445519523e-05,1.8645246439881023e-05,6.744226472497241e-06,7.799517401179348e-06,2.0431190128083214e-05,5.489369272173924e-05,0.0003638540996804479,0.001151730916771416,0.0017800544356203314,0.009297868185921324,0.0021454930822924056,0.0020121345654906127,0.00100382429859803,8.723755124518133e-05,0.0003702840085055005,0.0004481701761503999,0.00020629099501646446,5.6860280594894455e-05,6.103592268512384e-05,3.121874233687489e-05,1.830144769600121e-05,4.572284411088335e-06,5.644789839133454e-06,1.9979151160265565e-05,1.239527948343536e-05,3.37401197883435e-06,1.4482293995568693e-06,7.3587445732763066e-06,9.426225276674028e-06,9.717430338254511e-06,5.807013424021739e-05,8.859268745328204e-05,0.00020209759359697974,1.374357083299733e-05,1.2104374361599052e-05,8.934890875796998e-06,1.7998771939190135e-06,2.4819353459072126e-07,1.5858081607663313e-06,6.548623747747122e-07,1.5744442887846706e-06,6.123027687523187e-07,5.798344285681429e-07,2.1343764064951058e-07,3.037435746646307e-08,3.952759013002536e-09,2.0942141839175617e-09,9.658972655466626e-09,3.167888224484018e-08,5.493161137737526e-08,8.135281782970488e-06,1.4090408520952112e-05,6.2308663891612275e-06,9.77978369942073e-05,0.000627810166359089,0.0023477714035894334,0.005909411335911603,0.006068410727162555,0.004280550285938848,0.007130512681985816,0.028081701547092386,0.003166660233120022,0.03161543003928793,0.02279821844036147,0.012329418509232574,0.004348401234532686,0.0001331111416397974,0.0009716057219109959,0.001299136269817345,0.00042256155900882074,0.00031668927701690284,0.00013837357990641188,0.0006770865237612914,0.001360706252499188,0.0019237469368492373,0.004129647680128052,0.00016077816620669124,0.000761281821319779,0.0004971216051908858,0.0003837289395195971,0.0002429908439907236,2.2524382706020354e-05,0.0013898457711757196,0.004253227763309567,0.0075485412827662945,0.0032198531412753802,0.00012912287285437942,0.00023363315624451187,0.0002588948217566278,0.0007441622320930954,0.0010627271768842554,0.0005703989855156973,0.0035580307696191993
-0.8000000000000327,0.23100826026510565,0.1735228183832419,0.21177930943536355,0.2641406946792875,0.26118810958199495,0.543190520855323,0.7935372085326361,0.6413262288770645,0.25484125345604364,0.13256986110284757,0.2233747758611765,0.32969074980410396,0.26130678520114287,0.20465235370552645,0.16096042320472087,0.1791570280297603,0.2325370097103553,0.22091318976357133,0.0958189761307669,0.06597533917583333,0.075452420306088,0.0540625765886662,0.07002602639530792,0.10737866196988038,0.276007620642673,0.26801323980239883,0.21647015113805324,0.10527737471199025,0.07504431381658973,0.08850372353068603,0.0882761461079749,0.12511946149807573,0.16410362648854432,0.180180460051203,0.3147667327121079,0.7608576314254644,0.4372813384972182,0.38689170067526524,0.6323765772011674,0.6158589206746162,0.7276313563793787,0.326215521043273,0.292659701329795,0.49565941588266255,0.5872963709269775,0.8469366499712236,0.7557228792422308,0.8146928735168124,0.7862552039664081,0.7749833524194085,0.8460931279585705,0.685125932707733,0.6109177249127075,0.6878363891613593,0.7304016241246758,0.9034124566993976,0.6331988338919884,0.5094402557117944,0.31735420743467774,0.3073083167159164,0.1489870155409401,0.06593585944079898,0.043114799125106566,0.027006405804970154,0.07556019703339627,0.10684068147439389,0.027605577977135927,0.012696978159639652,0.00368410296671987,0.0007364927961245206,5.8871479814762364e-05,1.956119301749904e-06,4.6600267474653945e-07,2.3677588550616808e-08,6.703401502261885e-08,9.532925101793299e-07,3.19800084640733e-08,7.767244955719301e-09,2.396296468310623e-12,2.5956383583386752e-14,4.645723204733218e-16,4.8634548291528215e-18,2.622198046118175e-20,3.462487062082505e-22,1.1214784838947966e-24,2.967207060193469e-28,3.849164649553635e-33,4.977275735491156e-41,7.764545122486508e-54,9.782435883723129e-70,1.8098872903410685e-88,2.5745269454825114e-134,0.0,3.063869216593794e-120,7.332385182284163e-86,5.543754235420905e-67,5.1410957717934956e-54,1.7177123460001528e-44,2.1965102015126754e-35,2.9705218146870573e-32,7.040012111088277e-31,2.5186153044321687e-28,6.71817087535464e-23,2.7904821701067313e-24,2.1601030580156336e-21,3.5293248484506293e-20,3.1861550846350577e-18,1.8104586065743653e-14,1.3343801730684037e-13,1.879091008436662e-12,4.3564340474776404e-11,1.585303216929637e-11,5.767594914441803e-11,4.064883314246647e-10,1.0055360069931021e-09,7.611649599397475e-10,2.5314888877842165e-09,2.06970268573318e-08,1.681154608585483e-07,6.952774816582465e-07,2.4120360011614877e-06,3.580111100652867e-06,5.124276808619474e-06,3.862896568886709e-05,5.4529906289106315e-05,0.0010742939586634301,0.0014194605407023694,0.003082424395378645,0.0068220624301590345,0.02983515135417611,0.060304121995763044,0.045325957905908494,0.16101486049497038,0.18703031018232313,0.3971966030570373,0.38765101941054303,0.3333851687317487,0.5485101786579217,0.617446961444943,0.43231974678095053,0.7759639583951844,0.4842831638249443,0.28036264121037385,0.2993455645114428,0.3498010949624263,0.3444381401578777,0.33668182379842726,0.4528999614258347,0.49773975847671753,0.5857142535189389,0.7953406424931717,0.8163431932571208,0.7061512906583408,0.5053088312301245,0.49202883584210017,0.24186669461718494,0.21619109958191807,0.3266077150965769,0.233383422049192,0.13974558071409293,0.12724024158854372,0.09583389051851163,0.08622454842551028,0.09751816142765748,0.23781328111983563,0.13583492338167122,0.15095485551560736,0.09914994417207634,0.06763771135339763,0.046884737814547404,0.10033930096241296,0.0679524606803915,0.03950981120841785,0.05384417558237172,0.051010253843153906,0.07559291603177556,0.19897159225562738,0.23026750768907658,0.08350890582956552,0.28031228325789526,0.0647236234846706,0.18379585106824167,0.2281495886544398,0.15959888967866953,0.14605659969088328,0.11284250152272837,0.03398004929301318,0.030993354693612682,0.05902756585623367,0.0593287446659186,0.04928431992154979,0.01087490855295903,0.011690304150677787,0.004241569759603373,0.001961459578126874,0.0007817330617892279,0.00107717817417043,0.0010087844872950968,0.0006741564358126979,5.0477940719762834e-05,2.9839375836039116e-05,0.0001717859527520031,1.7831506570980932e-05,3.3588370717341676e-05,8.566206858013014e-07,3.64002910249106e-06,1.741258590209403e-05,0.00010541488723362669,2.7141769327080302e-05,1.0298134269187169e-05,9.500948875331588e-06,1.4272040782943071e-05,4.17711826457169e-05,0.00023811027007591994,0.0006492208167200949,0.0012069662557280267,0.005105623830056482,0.0010250377362759423,0.001879493413986234,0.0007349553064852373,0.00016150541020559762,0.0005014163874915132,0.0006322348562887544,0.0003857659256759766,0.00017548629163264675,0.00034376999783062104,0.00013654053485965528,0.00010023714707531113,3.615050127925463e-05,6.17662059594667e-05,9.45456258300553e-05,5.904825683790397e-05,1.3480800441654249e-05,1.1110100482259881e-05,6.847343482710853e-05,0.00010150001591489291,0.00012102594643300883,0.00023712318015507526,0.0003590231151719561,0.0010266919782720883,0.0001229643635817917,0.00010787454577260092,5.721572081229064e-05,2.4130756877890472e-05,1.7439289415851225e-06,6.3667155928316646e-06,5.475195791601186e-06,7.230997717170915e-06,3.721541063943094e-06,2.468344371449847e-06,1.1531805963366045e-06,1.7422449771997876e-07,1.760737816619491e-08,5.111700535543947e-09,1.3030043146539774e-08,6.146645123684454e-08,4.742781185395845e-08,8.830911371461324e-06,1.8394219811770636e-05,1.172825042391383e-05,0.00016473161220751655,0.0012469173525520255,0.0036563668217973275,0.00805228946777405,0.010185257036111494,0.005777268695879195,0.0066915906550150586,0.033129298487065334,0.0045525030735147215,0.05605165988505214,0.0453723327077071,0.023930769746642953,0.008707950642101761,0.00020643932574360987,0.0009316028813818061,0.002018320951684,0.0006951781241601136,0.000590167547663627,0.00017525201427460825,0.0007654314442062088,0.001201711225080792,0.0012125975585383776,0.0028165672983999535,7.520443610255687e-05,0.00044272320331307916,0.0002470460321147918,0.0001429549603987432,8.51415615850468e-05,8.517972930890707e-06,0.0006847410688662722,0.0027165220680073774,0.005180785810639731,0.002310958607529363,0.00013762564078229072,0.0001617561470055402,0.00013343040281775263,0.0005561020940861535,0.0009393765342607725,0.00030652135570575443,0.0016323430238504692
-0.700000000000033,0.21685234585508348,0.22552030126417075,0.2569161742799978,0.4324198705398125,0.36522661173989124,0.579655372453133,0.836367299736992,0.6647768519069184,0.32866529876424044,0.12817209434301774,0.1492619042530487,0.20683513157180292,0.16003524852548973,0.17268651694375187,0.12970577185176785,0.13596883919991337,0.21415619860783913,0.19183158640049233,0.10131131139068421,0.08246298075460318,0.08239550165302485,0.057354546359895495,0.0602019225805854,0.08470211699727048,0.17615732695946557,0.2055833261874463,0.10494997591897233,0.05259528448829489,0.051869070939249314,0.05228864588698128,0.050977785367632006,0.0825103143946336,0.09879249045126154,0.09402887091921319,0.15739394836390178,0.37411253766019364,0.1535558140703296,0.1783869574568018,0.3041818017674565,0.29636643644142485,0.3637111752779054,0.14832474665852197,0.1395118892207588,0.28822949383608115,0.3015338077036074,0.5350641232892791,0.5007465062258721,0.5609568417416627,0.9385773002401734,0.9913791200361352,0.9219487557694457,0.8558634389259149,0.7386995525275764,0.8159933778614884,0.728322216317407,0.7568881908382386,0.5348391067997749,0.43294811143790424,0.28820252751924136,0.23475227369371696,0.08966091673690478,0.04489985605470475,0.021372128638154884,0.017109750381915315,0.038459424921351335,0.06834823398678697,0.020178023503035155,0.013053033930533923,0.005554093444443769,0.0009280648266606125,0.00012582279538419472,1.1450507494819593e-05,2.2585396317474493e-06,5.426663701395561e-07,5.738627986256664e-07,6.276660682439922e-06,3.9584609561209063e-07,1.2193289012324566e-07,4.707801607860002e-10,2.9443993167718207e-12,2.66228840801515e-13,9.530198742936223e-15,1.139767547844326e-16,4.056664846821214e-18,6.960178164370896e-20,2.2389744176995235e-23,2.127175395836358e-27,1.2952286919363468e-33,1.062765789919053e-42,1.1208150197063247e-53,4.015708172391772e-66,1.3929726948946315e-91,3.063869216593794e-120,0.0,4.6392603448092055e-130,3.2129001461629864e-99,6.481618408990344e-74,1.0341826419090744e-61,7.417454406752701e-46,8.003051510917547e-41,1.2973587990012646e-35,4.047189684185935e-31,3.2561221349828653e-26,2.9199608067072175e-25,1.7929570689598877e-24,3.4944019218301205e-22,7.958068538381903e-21,3.0698025831885914e-18,2.8307424467158927e-16,1.3229579325650002e-15,1.4508204192946536e-13,6.053447613520777e-14,1.451349039265304e-13,8.534487100459832e-13,2.5416555749667235e-12,3.6346210844136526e-12,1.622687188780821e-11,1.0749136188918663e-10,2.755105936948356e-09,1.5236498136243858e-08,1.7891304212462393e-07,2.5758389971298545e-07,2.6438166150359606e-07,1.5754964166515559e-06,2.188794015974064e-06,5.710995598841904e-05,9.047589806143069e-05,0.00018795652430764702,0.0004927229972047954,0.0028830737481730546,0.007768974191522193,0.00808786415540447,0.05150690474433321,0.08553073756727811,0.2287637872534573,0.2422497132593181,0.2021477028176208,0.36200952966752886,0.4338853343074331,0.31421714769662445,0.6283830706866257,0.3501955936372443,0.2566065139272968,0.26021372220155464,0.4507410686879811,0.46092307970747387,0.5078467431630375,0.6074119686217746,0.7063492257724414,0.8137930307988837,0.9561328302684982,0.9762441617331521,0.4770526984164341,0.39559700684798466,0.27016735234041034,0.08025595729388066,0.0799027976153106,0.12552041692587335,0.0826142692653193,0.03462885993583134,0.023951504887370644,0.012497486637777649,0.01256109991277828,0.014608143459589627,0.04076088345390981,0.026705059945085537,0.036466956558387546,0.016962500005053328,0.012137188852357102,0.006880851664678319,0.019962359880059007,0.015288791156299008,0.012985863455293097,0.017056364035497262,0.012818357690719377,0.02264817671189616,0.09767411570498989,0.11408507583589562,0.02641889512395173,0.13046429234515974,0.023597486512721644,0.042573817173864235,0.05955339763658732,0.04387653024976193,0.038340589648886786,0.018828296713114645,0.003718944806514136,0.0038021578255386687,0.009417873585786914,0.010973392215477728,0.009480148455932482,0.0017298118679458822,0.001297308221541915,0.000385858860689129,0.0001831620185259306,7.703266858817677e-05,0.00013213204629879718,0.00014913671488494965,4.32515796930176e-05,3.2720144177971074e-06,1.6597929739788588e-06,1.9436696509377993e-05,3.998342336853912e-06,6.7191205745401885e-06,2.2690714703917523e-07,1.7996853900073288e-07,2.373429156749948e-06,1.3783297442859883e-05,5.642774583825947e-06,3.061686977190245e-06,4.29294232765895e-06,9.165543679531984e-06,6.158574637479907e-05,0.0003989317449672449,0.00113607989991719,0.0020900810273893713,0.01040312759848905,0.00258341806988312,0.005884456468961891,0.0024143247137669173,0.0008214913310568775,0.0020227543941361893,0.0029736672890957726,0.001991655552762226,0.0010755058291938332,0.0023183703480140873,0.0010105906437161182,0.0006351950633464301,0.00044400512741841434,0.0005709395907064262,0.0008600858136807741,0.00034305025794912497,0.00016128428681945378,0.0002561123687481179,0.002128741645196003,0.0028300979986827604,0.0018066043174179342,0.0013022378242651697,0.001820729798117115,0.0019444588522261022,0.00027437633499577933,0.0002647049174864136,0.00013682963286337346,2.8298208381834638e-05,1.6641453756174445e-06,1.0050129075836896e-05,5.123085752751966e-06,8.988643951741075e-06,3.965847000264618e-06,1.7206486146927815e-06,4.036082506735943e-07,8.133287148875789e-08,4.36637031723262e-09,3.755976862230268e-09,1.2291995879076043e-08,4.0053311891111904e-08,3.3378152853352764e-08,3.976341176722172e-06,2.17689132512429e-05,1.533592838441401e-05,0.00023295882190111999,0.003439907015307445,0.011196797124928881,0.023613454557359786,0.027881333243229642,0.015118000925334127,0.010160661605253021,0.05752037188526086,0.007448656746910919,0.11251833021295651,0.13483844736220238,0.054652984611034294,0.017916610429790383,0.00026174738502896563,0.0013037650681902747,0.0035271014739408062,0.001428148195550877,0.0015803224032423376,0.00045423517247614745,0.0019657725416785273,0.0037883605913200348,0.0030129564087837115,0.006349668126272342,0.000336733611318445,0.001845837941235014,0.0012217887081065913,0.0008869574745104748,0.0012574308398838328,0.00016507050910817642,0.010566258740094595,0.025571338907447345,0.03841338159703098,0.016325307253260708,0.0008077813955238818,0.000836407904834826,0.0003300313062374362,0.001263704893387081,0.0018454017441859542,0.00027290518603316076,0.0017079029897638083
-0.6000000000000334,0.08716121260106921,0.06918790737985256,0.0737270432945554,0.09363585680633471,0.11090794248853081,0.2105934015887332,0.3343475205020114,0.2518232117847729,0.07479425288208565,0.026813605724814157,0.03162555248068708,0.06754605929501863,0.06282707688777259,0.04742811497395909,0.048072219863665284,0.050932367990047286,0.0912202045878164,0.09256868990338123,0.04286176476842063,0.04812691633620291,0.0504948844824445,0.025969354250944324,0.02179908130541332,0.031621671794770365,0.059794064431798175,0.06804519211277524,0.03858574361904269,0.017682603455922364,0.021596871306012223,0.028051008111562463,0.028095686628219065,0.0493092456516625,0.059329784336556335,0.05026710448052736,0.0994705759417366,0.3113220443387948,0.15793274099530977,0.24687855852963628,0.35958609395974406,0.32403806384044676,0.3497917113103554,0.14643448391590527,0.16315513550350255,0.2636691569805158,0.34181295685581586,0.5195424410258563,0.4592496448864753,0.5826196285286929,0.9691251777727139,0.9587294983455262,0.9332944304562985,0.9573037843685345,0.8764868686982333,0.767068201540341,0.6539463277058527,0.6893758459648811,0.40759017343726034,0.30864430118792646,0.18601986626182068,0.18918662840540038,0.05999938170768965,0.03111397065105984,0.01589056379407573,0.01259969880776418,0.03692842067256027,0.05486808253381909,0.020421800912110783,0.016030572798880018,0.008303686113707862,0.0012055432823253446,0.00022283875067484766,3.3161610286581236e-05,1.8688255221577275e-05,1.8288000663262678e-06,1.7884418926789471e-06,3.392960909608543e-05,1.6981891759258404e-06,9.299301595097582e-07,5.403011177475941e-09,1.0421062282864033e-10,8.873763034364458e-12,3.0834058430488343e-13,7.630682287701802e-15,4.092095963018611e-15,2.514965664824147e-16,8.3208497233823615e-19,9.34447373757498e-22,3.865381834552908e-27,6.786879950118262e-34,1.584845789259658e-41,1.7563857459595893e-51,4.345235210968642e-67,7.332385182284163e-86,4.6392603448092055e-130,0.0,1.1096898708891722e-133,2.8744352117229438e-96,9.689399565808853e-76,3.72705599487279e-56,1.3462010375436955e-49,9.6786692462819e-42,2.7389328652417653e-36,3.69535910290294e-30,1.1468827058624228e-29,3.3267242701913213e-28,3.071849720314114e-27,2.576085044448718e-25,3.528830555481939e-21,6.588443795566394e-20,1.0862666728416337e-18,1.6258317726450073e-16,3.5443756223306325e-17,4.325642569213253e-16,3.690013222693716e-15,2.3186843347752083e-14,5.561335739207707e-14,2.8322626141924694e-13,2.9502745784927907e-12,8.971336507549406e-11,3.446449041547131e-10,1.8740595025334754e-09,5.828167304807854e-09,4.697597287063693e-09,7.9474655914591e-08,1.1757409397404752e-07,3.125432789663687e-06,4.086708647270023e-06,2.0994269446442208e-05,6.49402436512933e-05,0.0007482434512233177,0.002009244623994312,0.001499712969377071,0.009204800275358296,0.018776352279007532,0.06992823510430574,0.05946152833013964,0.0662293208468157,0.13271072940087034,0.23016294876557813,0.15482016762201253,0.3805735879232326,0.20959630149878827,0.1927642645561102,0.2786933415746645,0.40880096710159103,0.405111257247349,0.43832674840201225,0.5461722344190214,0.7628334238173187,0.7910990563364648,0.8259278211007062,0.793509916848173,0.5589683003431983,0.44350682081918624,0.3844645357391243,0.14953800804450337,0.17528374630603205,0.2807013576189666,0.21406624322961698,0.16789515508971425,0.19771973824850786,0.13264272288897383,0.14134797687021747,0.15003367085964014,0.3149654726506842,0.2276195387007685,0.2089208236065599,0.11042390119067687,0.052501696990602253,0.035399174913859015,0.0673740680967199,0.03237766555445706,0.02599683312193757,0.028487251500662097,0.02490450752372932,0.039511300166973115,0.12956987593758112,0.1032295126375871,0.030877754746733908,0.0922775952292135,0.015820619213935704,0.03450741607264414,0.04057064087086215,0.038230223152500596,0.03561350875481438,0.017274775590860835,0.004256131196368097,0.0042225010176513336,0.009631294274946856,0.009722721349845713,0.008339994900141291,0.0013633030052715603,0.0007480445970107089,0.00020030154576593516,9.404568455853365e-05,3.18170113164497e-05,2.679483140363643e-05,2.6244126170763746e-05,4.982551998466005e-06,4.097307783519686e-07,5.145451046711426e-07,2.5890064331669414e-06,5.189475937983205e-07,7.661190752860823e-07,4.962349182797117e-08,6.722241810353147e-08,1.8884913995251565e-07,1.2507567392801505e-06,3.6182683415200436e-07,1.8416165580713401e-07,2.2997675218677484e-07,4.034791772136163e-07,3.2376197317290627e-06,2.3197362367927343e-05,0.00010770309431829601,0.00020683456261636824,0.0010596977131104043,0.0001907844120757096,0.0006801082157030156,0.0003270242475040744,0.00013067729736084612,0.0005951038479047712,0.0005314027230842326,0.00044816889941139934,0.0003617343361078157,0.0010694682247453988,0.0004140472189548794,0.0003168742194924111,0.0001943498685461806,0.0004601186579294216,0.0008033249865069909,0.0002584531147742001,0.00012758128462496925,0.0001841736714845995,0.0016056160619739568,0.0019085650374147216,0.0011074064557284472,0.0008527276215353536,0.001379730996055294,0.001612286313165078,0.00029282271910188387,0.0003467975694272979,0.00022914965912391376,2.7990706582300405e-05,8.905736781256288e-07,7.88918173046704e-06,6.653088866690464e-06,1.257956672562335e-05,6.154180878682014e-06,3.7768854127732316e-06,1.207514096885412e-06,2.0984987792249834e-07,1.04560446367377e-08,4.290878411260556e-09,1.2650038604325599e-08,4.969747176582377e-08,4.0369775912292615e-08,3.938981382410704e-06,1.7167445452398926e-05,9.164597514959485e-06,9.378404074431368e-05,0.0011541567244554606,0.002677848656810851,0.004784575797249476,0.005375534746185495,0.0028141437892026484,0.0016407644869501654,0.02576372644952752,0.003166315860104146,0.06816280889574099,0.08005615337439748,0.03687580429951923,0.013649783727698912,0.00016045444688259623,0.0009017306974477348,0.004009987713190901,0.0016455719931617826,0.0016311303744756392,0.0005398833300627442,0.0020664792765375823,0.0030396637096869153,0.004282474244847068,0.007524259824406674,0.00046608716215635997,0.0037851991488280644,0.0017922096776730083,0.0013128618534465125,0.0022006667224407257,0.0002832985562557287,0.02168080179542804,0.06502943224994653,0.12301892667943443,0.05336397567184602,0.0060821774814831114,0.010699941215113147,0.005829547386060489,0.012166802697819843,0.022527268139570327,0.004659253774721268,0.012915117956275108
-0.5000000000000338,0.033525302800734305,0.03169082990356333,0.03795729509821239,0.05929657504735278,0.07177088597254304,0.15826771078808147,0.2919723317149195,0.1858984318955396,0.05642152452449141,0.021920823115624315,0.017647562053045004,0.036399700591336986,0.0338442195881548,0.030352614336498017,0.0382352828047685,0.04155252688701429,0.0962269884673859,0.11318432467113682,0.0611200032530045,0.07082312333693758,0.07681390882813503,0.0551626748967538,0.05923813409607758,0.0834494027137212,0.11897725650866693,0.1295622736981685,0.07970017918706715,0.03782176390987677,0.04996229269378634,0.05699460843829507,0.06103344518767401,0.10021289400743418,0.1236484813648617,0.09202716660945241,0.17029978458343797,0.5054694466466872,0.2667313221503239,0.5052237860198905,0.6244791775338091,0.6536180639229416,0.681938250633187,0.3630542558351245,0.38729029765843614,0.5463456730438773,0.6751263729699899,0.9127179290878036,0.8620833126233693,0.9745343607042918,0.5133615255593935,0.4844819958345267,0.6987663911717943,0.602561699486779,0.5886859114205637,0.5402507911279804,0.4506802394923781,0.33697134923433353,0.20072756727440288,0.14334952037861523,0.07952259548142268,0.096425954900703,0.029389861995737305,0.021781788782060836,0.013547195614686109,0.01947421383327142,0.04955794842205099,0.06394281026182924,0.025846623913172107,0.02103170593813375,0.011963028738558474,0.002173865465286042,0.0008222402484940405,0.00014321501767233989,5.830576836706143e-05,7.97696566115207e-06,6.527047441692689e-06,8.099477760461498e-05,6.878285768092177e-06,6.314621899982421e-06,9.625723948023625e-08,2.238231813952679e-09,2.906936784309797e-10,1.1498240061248515e-11,5.293429041206759e-13,2.2717519808507244e-13,8.313932124262637e-14,6.16114525474844e-16,9.64301132356595e-19,3.943296303630774e-23,2.1888857417930885e-28,4.214036761759869e-34,8.898789144233151e-43,8.50580498591224e-54,5.543754235420905e-67,3.2129001461629864e-99,1.1096898708891722e-133,0.0,7.477445266620382e-125,3.2956844320148756e-96,1.0283102587802518e-69,2.9345982768648373e-59,2.9420842020155473e-49,1.0323486975033286e-39,3.961580864922085e-34,3.199869070785509e-33,1.473178971662183e-32,1.3937239823851421e-30,6.126102661735924e-29,8.727716176748439e-25,1.1016956865276971e-22,1.453405794583217e-21,1.1530965181575404e-18,1.3495815240295617e-18,4.6066651912542736e-17,1.6908310894608093e-16,3.782568797105213e-16,3.427029910415568e-16,2.965160000081933e-15,6.754686573143257e-14,4.8863537229375405e-12,4.6105511597173495e-11,1.521945328908983e-10,4.161021749127577e-09,2.6871007284359066e-09,4.506728518854117e-08,4.730247238493774e-08,2.8423134382497393e-07,1.1766237870236977e-06,5.357685172586457e-06,1.8555230255753047e-05,0.00034305833567232965,0.0011089013504611965,0.0009022850210773533,0.00650261920652863,0.009434640235529002,0.03818042440690973,0.04968460342428019,0.04984244654242069,0.09575365568661481,0.17996637829983955,0.07869545594687465,0.24753727976922435,0.10933143799454215,0.11005482012563257,0.1742679830985492,0.3107363839991076,0.3186585471085344,0.31804614088086297,0.5437262274924334,0.7691180689099281,0.7508012841513095,0.8016081047117424,0.7373569394334633,0.5927692401873225,0.3849021251306819,0.2751551688109792,0.06703884582996003,0.05611008816158544,0.09947833192583196,0.05998651664625872,0.05223427065250733,0.051994384209916866,0.04547712487298256,0.05729798350241884,0.055073273076097044,0.15034869124117167,0.13347066116446693,0.15100882807811153,0.08163969786489549,0.056277416671472305,0.05177393842534099,0.07933717847881752,0.0444067897587731,0.03429309267672688,0.025427541084478186,0.016077172032123888,0.01946625216481617,0.0633556730610922,0.034731521546577486,0.009449691001401259,0.04078415676676149,0.0065339435568582205,0.013595964829917232,0.020587637665272426,0.02199485593198813,0.01849327480416134,0.01399958591405858,0.002171819949361625,0.0023845222655385387,0.004752574684623989,0.004182910562480538,0.004557777236276529,0.000773645681377271,0.00045252067594225067,9.921499641755975e-05,2.0776751241420318e-05,4.103608674308298e-06,4.212705563743414e-06,3.853402268675064e-06,8.448153909530861e-07,2.7169399408471537e-07,3.22366188728512e-07,5.571042585630908e-07,2.4037066656424645e-07,6.524179214528e-07,2.9901797648201396e-08,1.1618112799455818e-07,4.426524290455491e-08,2.3834248114504434e-07,2.135575358998766e-07,1.5502004495600963e-07,1.1316337695149157e-06,4.383883772836217e-07,2.2575064963866822e-06,2.8127429541338957e-05,6.499313542533163e-05,0.0001110554136410015,0.0009645476597588758,0.00021086394952189957,0.0009208065936201421,0.0008579256540358216,0.0004172072858864777,0.0006647561210827545,0.0010159242943968713,0.001097500543756225,0.0007115357950944375,0.002172498944145184,0.0008526231724620419,0.000704719586020663,0.0004792554499605654,0.0014559997918055768,0.001898700666575213,0.0010972299122721616,0.0005660243866823528,0.0008777619136896765,0.004322535004735816,0.004416467335416911,0.0029245112879292857,0.0035498365066063842,0.007282145038634229,0.0055651736462651435,0.0007129245304804484,0.0008658380472769784,0.00040609239392488413,2.2820137318086154e-05,8.855614799111132e-07,5.148716442994582e-06,6.19822056803883e-06,8.372060282700607e-06,2.162462057646236e-06,1.0355138601180128e-06,4.3849215343496225e-07,1.2636382844686845e-07,6.203672663315165e-09,2.5544204307454957e-09,1.755652203565667e-08,9.055628378293957e-08,4.161504062321928e-08,3.956997779969106e-06,1.051439627335918e-05,8.685359421316439e-06,6.752757425588122e-05,0.0006260642362924463,0.0011760689277374784,0.0019626313762718495,0.001958490872371891,0.0011496708435931146,0.0007392695234181389,0.006308579330733674,0.0004930785934983772,0.0078388270929703,0.009691800762896104,0.0035142325977318154,0.0011364269534807853,1.0209239987167576e-05,5.1446462241377894e-05,0.00029145654895773083,0.00010675957919890493,0.00021022281519838385,0.00011807869373543809,0.0007444621897098656,0.001628763460381281,0.0020956482656150077,0.004787962188396552,0.00032493779606125513,0.0016586742147218917,0.0011647553806567261,0.0006860534180975571,0.0011670852471220875,0.000248964931898001,0.011998175582089944,0.03367324502857893,0.06676214707978825,0.02647584724047772,0.0025062171121387243,0.003798224873682124,0.0016161615308437894,0.005012219939421303,0.012421225138267013,0.002431921432358413,0.007320194237663849
-0.4000000000000341,0.008094671628092793,0.007154623555248437,0.014061555757005793,0.018624196780693957,0.0169713075669354,0.049487577741988066,0.09428767777869149,0.05774498453158493,0.016685644495588486,0.006658778679292889,0.006567006577884001,0.014406303201528145,0.016532091700862332,0.01671951292985507,0.020510252426351305,0.01916721209842356,0.04784051448723304,0.03503865122101835,0.014840791017069664,0.01543534283529876,0.016296819545455563,0.0121258754123956,0.010842016654885238,0.014757194121494791,0.01987475189423292,0.024110837137107786,0.012282777674692906,0.004657418783519836,0.009637144709215433,0.012043109054354633,0.009108780153644289,0.02001754341449583,0.03559060142489401,0.027576136348103342,0.052370234778310244,0.19606521249521855,0.11710495164808403,0.26626380182797776,0.358421819164915,0.3695132413370519,0.3138378093158613,0.17852804135428516,0.20457820131565094,0.27528395226494096,0.32663246320727324,0.4515825464524746,0.36352434104596193,0.4446195408881396,0.7962576632385934,0.8829690217949322,0.7886479781928091,0.9935949942719114,0.990253292596612,0.9269424821777034,0.7707156062893527,0.6364977233460347,0.5141221230799905,0.3599956198178319,0.27051812177043416,0.36289436099613925,0.12236972061578691,0.10350896490947809,0.06452040890782479,0.0656637790283086,0.09381379958150256,0.0884394305480835,0.03746706125515453,0.03610302373439035,0.017774458138295833,0.005832818458750517,0.0017181208055313836,0.00042829768687235794,0.00021004457279755634,5.4474367376725944e-05,6.019328554992581e-05,0.00019513969593572625,3.134386501927134e-05,1.660084199375124e-05,5.152848225056201e-07,3.5231394095451176e-08,9.833624301799164e-09,6.369858847303332e-10,5.377531562795967e-11,2.938800207111835e-11,3.0706803421164633e-12,2.7819921073234325e-14,7.623304139369303e-17,6.942025271732567e-21,3.985051355160287e-25,2.1166686100728005e-29,2.9238288429170973e-35,3.74440620539473e-43,5.1410957717934956e-54,6.481618408990344e-74,2.8744352117229438e-96,7.477445266620382e-125,0.0,1.6032996987529512e-137,2.751858408530982e-92,6.1800816407125484e-77,1.0112988858246526e-59,6.03411784555476e-46,3.725604311474516e-39,1.4775691794410203e-37,2.313017529310573e-36,1.2426995752715143e-33,5.056182056806313e-32,2.115801572487613e-27,1.1178593551380275e-24,1.5273549596110213e-23,1.6967811551952777e-19,5.119800926748097e-20,3.379617830946259e-18,8.213322394769873e-18,1.7206871100066153e-17,1.0923006113815555e-16,1.2842984075352744e-15,5.3932627363052757e-14,2.8176507879710073e-12,1.7496789955766225e-11,2.4318500313710037e-11,7.6229045971357e-10,6.320333417209374e-10,1.2223174267768326e-08,8.631965374061737e-09,8.32258924677709e-08,2.079127247880469e-07,1.5497906170224895e-06,6.984990641563702e-06,0.00015786290839544032,0.000602200116409032,0.0005756313339653019,0.003347803820968475,0.00492369117723202,0.02197179923585843,0.01808440622022257,0.02343165118346448,0.03864636417527071,0.08693660084836,0.05528898619277741,0.14257665895388139,0.07671017156821767,0.100101557222443,0.15154557380495653,0.2864970613987061,0.3430709006650776,0.37287700949774377,0.6055311539200082,0.8094236102736159,0.742344566174559,0.8818074120003263,0.7222360674591956,0.5605670177414855,0.3292939893304245,0.24491671554959007,0.06732082486606392,0.0773523257970805,0.11828826513708723,0.09633992859635883,0.08483773133888346,0.07209327744878079,0.05025190655496263,0.07051049550701662,0.05517775703578955,0.15407926460021862,0.11581742962013267,0.16856019746582002,0.11951729861174827,0.09864477828867722,0.1339208625795704,0.18671686357418651,0.13374676791600737,0.1222604135670804,0.10954149766443635,0.08086850352508948,0.0820805109358377,0.20944643642565197,0.14018438761360086,0.04138376899103615,0.06942742904052272,0.017338398334997614,0.0214773004073577,0.026342540110178194,0.023445356852447342,0.020133490943841956,0.021602495972299483,0.0036579610292690754,0.005042360220553448,0.008246742398715779,0.008388420831959122,0.01553457307159355,0.00444148258757803,0.0025764413738609644,0.0009206872743316475,0.0002397742445777574,3.24548247084317e-05,6.414362949170788e-05,4.044212010214818e-05,8.751588220279674e-06,8.985037391863926e-07,8.287768253822735e-07,3.4096696977753073e-06,2.5168859074911404e-06,1.295607656338077e-05,1.1937633967279032e-06,7.980451256687942e-07,3.701500205989947e-06,8.786136155292822e-06,7.729443782237265e-06,4.240951870868876e-06,5.610892691082226e-06,3.88006386308981e-06,1.4309423570013507e-05,0.00011918786207485732,0.0003191566541942957,0.00055371019254623,0.003158451804650961,0.000842440400768356,0.0026490002338420363,0.0038189739570346428,0.0016689861603281088,0.0010083418378904658,0.0007702228994409552,0.0008810652548267388,0.0008806925819481756,0.0069816262774538675,0.003270592000542606,0.0030567051149431703,0.0013564951982375857,0.002326124596392125,0.004075872758480704,0.0020451893370555503,0.0008717255715907652,0.0012548353984598159,0.006129151290970791,0.006505124195820553,0.004356258754469772,0.0040367296909612806,0.010430658443924618,0.006821174829364022,0.0013765208182644835,0.003420120972011055,0.001998682477314606,0.00012768516265990152,6.052138015866064e-06,1.625099208320201e-05,1.0173731980098007e-05,1.2663843064412888e-05,3.546006093915588e-06,1.4021360589407351e-06,1.1396038406664928e-07,2.9976511862241845e-08,2.24209503959943e-09,1.7525546277037556e-09,8.626579225978707e-09,3.105956680391646e-08,2.5743168788632145e-08,2.1823469707334663e-06,7.5742178979106666e-06,5.876096811189066e-06,7.912247636770457e-05,0.0006461461737863515,0.0010507734025203765,0.001437990576180627,0.0011045564525377454,0.0006933420969586628,0.00034810145199744665,0.004027921492973794,0.0002196343009349493,0.004904751325051524,0.008107684138381765,0.002232234763213661,0.0007635698878995134,1.2494542917445858e-05,6.477218032585148e-05,0.0006830326257912971,0.0003535752735602924,0.0004417487050717854,0.0003482863355771091,0.002826711465213088,0.005849607721671518,0.004984660683094557,0.011232873171270462,0.0008375163483549897,0.005762431517345635,0.0034940172775537854,0.0023625441757487656,0.006724197556598045,0.001958456749601763,0.07619643734814052,0.21293218952384957,0.2799950768503651,0.11518543972596423,0.010136458220615222,0.016991503550873394,0.00873984424321973,0.013444613679915085,0.024423794752101557,0.003785653570721033,0.010573192663529764
-0.30000000000003446,0.003258997904771732,0.0031132192962072527,0.006548375551985036,0.014344458573621243,0.011664449368386273,0.034581636385366966,0.07675330314333988,0.06297417572576491,0.016903376104356337,0.009914786229939368,0.004752754564581739,0.014171154307321902,0.018012747227001105,0.014286985416133057,0.0183858771284765,0.008459898028952495,0.025286340661986314,0.021657661741495242,0.0071532815595381155,0.010560787734248388,0.010883673098301705,0.01076381586450184,0.010402665180201177,0.011886392466782438,0.017816238569773338,0.019776367674147977,0.010100002962438355,0.002637111271170114,0.006341755112345922,0.00845040743469976,0.006580297008974955,0.016714382441360667,0.02882816286710159,0.03903245475925651,0.05866093534820211,0.1657977270385994,0.12289561280602362,0.27162175562430313,0.3577829002669207,0.2655142110152244,0.2273694543336652,0.13041096910315889,0.13954496808997977,0.16012360803683212,0.17201425688559485,0.34956257723883616,0.33474425050002016,0.3949199183446763,0.8210992472240567,0.9232442732065747,0.820672810000792,0.9081109064213108,0.9864078118789634,0.9656612810677812,0.808009643253446,0.7089704898948378,0.6447190961817424,0.4885245013370524,0.35815491547283546,0.3854666639996772,0.1589656079347061,0.15630502629124066,0.07297833580209491,0.10406333531846176,0.11620431038697973,0.12797657041942503,0.05082753642358503,0.030197818212089285,0.023899266075392476,0.004111928459163161,0.001296453668870713,0.00023915761072550585,6.37848599459788e-05,2.6572269617668702e-05,4.031886566526916e-05,0.0003488602125043186,2.3633893351970035e-05,8.973109963422901e-06,7.485486246492804e-07,8.025553073798843e-08,4.763109042577204e-08,4.8204068704760745e-09,1.5324068242172586e-10,6.487393575987442e-10,6.055026236883536e-11,8.157915684328919e-13,4.060351197969977e-15,1.0850669899968014e-18,3.4266732457529016e-22,2.808848163065239e-25,3.1030956412111196e-30,1.0145956209681785e-36,1.7177123460001528e-44,1.0341826419090744e-61,9.689399565808853e-76,3.2956844320148756e-96,1.6032996987529512e-137,0.0,3.27590881274712e-131,7.488931075885736e-106,2.314595798012456e-76,1.1898373461909267e-57,5.3982661704232256e-48,5.50533543089808e-44,2.969447579197983e-42,2.540765756902863e-38,1.1807996304875054e-37,3.878634567546633e-34,2.2469167886567032e-30,3.2060311389905344e-29,4.9845706974781684e-24,3.723018242620664e-24,3.521224815810392e-22,1.6912961358757717e-21,4.2141589059740205e-21,4.980008480676539e-20,1.629858824409103e-18,5.930876309409991e-17,1.200856520953944e-14,7.360611008930431e-14,6.672079309647126e-13,4.970754406291914e-11,6.962770488843548e-11,2.667257325912031e-09,2.0927905437206506e-09,2.013219618656771e-08,6.06500864278471e-08,2.846812797179237e-07,2.1814237412462867e-06,8.141315994911129e-05,0.0005443884506996344,0.0006121476612502858,0.0032970368794348805,0.0057096276222225,0.022673957085647078,0.02984899545503082,0.02229260912506404,0.044532724057970985,0.10423035262864133,0.07611893470638299,0.2570526814140209,0.13362850235603335,0.22916155023327783,0.26394810000385044,0.5599575139923818,0.5709379151211684,0.5437821349694069,0.8937248727759858,0.8719368160682986,0.9931579416364312,0.8167634690240967,0.9622993207502498,0.3968974982886293,0.16379587759456615,0.11670500019769943,0.027700461624504583,0.04700963767745712,0.08253909486310476,0.06493970558830647,0.04806062474905446,0.04211251790039373,0.0382230841465736,0.06146019293233958,0.037225183420340265,0.10309892842040481,0.11843162728559611,0.13488139484088246,0.10557913118227483,0.07520831957221794,0.1257545785710562,0.17974232363311515,0.10578785668174932,0.07711433472691155,0.038549308930312824,0.0168010831522505,0.012458942356056381,0.03890217388323593,0.020966304421920982,0.003825618336011186,0.009301604430313885,0.0023592357196206403,0.002164891360570509,0.0033882903767256324,0.0024915787896388226,0.0022865108407401176,0.003225835416133064,0.0005462776929833548,0.0008821922995095778,0.0019141352062963801,0.0026384540844906455,0.004555773190189651,0.0012669597513457792,0.0008919172619429213,0.0002833242773836203,9.862529600006858e-05,1.9860269480581407e-05,3.7757488746689405e-05,3.295058503514583e-05,1.0476325657382951e-05,7.5899479918406e-07,1.0703268175991178e-06,3.442529996967512e-06,3.058309107857349e-06,1.787747012398929e-05,3.722835743119389e-06,2.113365189599452e-06,1.006881224735196e-05,1.8175493476363106e-05,1.941458182860979e-05,1.0992680498125139e-05,8.833764639069694e-06,7.961205348692158e-06,6.0942736907765644e-05,0.000511929732679455,0.0011018939099696457,0.0033431725583937086,0.011493531582563938,0.004243747695537549,0.009722554699812648,0.013673522763270224,0.008641641580580272,0.004327325769048779,0.004269991622507193,0.0052796213911900335,0.0036542972450878857,0.017893162971506924,0.01408179872749115,0.012590915651378737,0.0056103930722285825,0.006668166301511685,0.006652359648046354,0.005413844393435563,0.003996718458253217,0.002863903357745957,0.01149789219905501,0.0064744679422580375,0.006033409713745396,0.005736869710127956,0.011018988131923696,0.0067814946827446715,0.0010700415104409368,0.0018299479348135865,0.0006104195629074999,1.90424472189356e-05,6.508919416829321e-07,2.0659138757125745e-06,1.060363272625797e-06,2.568746756365991e-06,4.4775365510454525e-07,1.471094179044174e-07,1.46726037379088e-08,5.500234252905745e-09,1.7249396986314288e-10,2.1475586294759174e-10,1.4960943597729662e-09,4.46466076009714e-09,1.284316273765269e-09,1.5340287300950408e-07,9.637506074287658e-07,7.455034003055468e-07,2.197303306964387e-05,0.0002252584372702585,0.0005693617235095954,0.000868123848564544,0.0006151416128004205,0.00048510130573255726,0.00025135284095132733,0.0036725954198092788,0.00023916451046769526,0.005221548656073899,0.00978231383870819,0.0019483910657054466,0.0012622216051604543,3.214964874271447e-05,0.00027992790548560264,0.0028575895792377496,0.002867700844861062,0.0030106620649992147,0.0021394525102466522,0.013512266617602006,0.024168750824792484,0.019212795885851782,0.02959397679447317,0.003209234449212859,0.017070675549819475,0.011519557184408287,0.008689646723675334,0.019919762108234797,0.006240689120987952,0.13620305286543316,0.36304315831758627,0.44201823911571947,0.25474870524021104,0.05324319424313621,0.10718593901338938,0.06505621926777544,0.06206390744185794,0.08702504359560449,0.016494237467074117,0.0555670695027117
-0.20000000000003482,0.0037529854895835047,0.0023439285477527974,0.004020205105790225,0.009732863700085352,0.008250944035112198,0.043664467041181085,0.10435255140374385,0.06724442568220311,0.03157284829277888,0.011477151364384335,0.011573222140320697,0.021954184409255822,0.015188200895364816,0.014270979198127677,0.014787741501616393,0.011175548730294997,0.028640656137055732,0.01962551874788148,0.008412032824355842,0.013085747158584805,0.01183230131549961,0.009099391131080327,0.00758224031817625,0.0062007795789304635,0.020471545544415177,0.016821008611620756,0.011397819484591272,0.00349512772146649,0.008381396047752999,0.009489432887744207,0.0054656750815232705,0.02629348906290632,0.04121429270332334,0.06748358633777869,0.12300056581018813,0.27497284995378163,0.24954236563822302,0.6277376917023537,0.6648110987708874,0.5386440783986285,0.5238480518717185,0.4395505469020461,0.5675512310601486,0.6361810584289089,0.7298300511940983,0.7909169498888141,0.7601831872676694,0.6506404827556876,0.43501274646047755,0.3639624190699089,0.5559025928500446,0.4476878864572906,0.5634644591185006,0.6005588078457473,0.5139485057925032,0.5231896487301261,0.5507591022005476,0.5010966543159546,0.3238993584241481,0.3318067956703577,0.1323364159121026,0.12298706669350364,0.08472030994643856,0.06924662498261537,0.11210364944878475,0.10663763750047782,0.05062690857330807,0.04010629372416784,0.03792404215047215,0.01180910828601295,0.004105795466958974,0.0008049278892047205,0.00023726706143221198,3.9755605299589295e-05,0.00015219743830292007,0.0012932865975071785,4.538574958999699e-05,4.359885358366604e-05,6.009748214753804e-06,8.103731262944448e-07,3.038949703800368e-07,2.728596618787678e-08,1.1035437282866364e-09,2.381669378791637e-09,1.7524078682809517e-10,1.5440933097274073e-12,3.8780809496858354e-14,3.941098407172271e-17,3.4501248080558505e-19,8.337633925544663e-22,1.4317080310520855e-24,2.0542048146760888e-29,2.1965102015126754e-35,7.417454406752701e-46,3.72705599487279e-56,1.0283102587802518e-69,2.751858408530982e-92,3.27590881274712e-131,0.0,3.901180709309172e-141,6.017226715101595e-94,6.73669113056912e-70,3.1283166461767875e-54,1.202726575018749e-49,5.165276368835129e-46,2.215606621731007e-42,4.54607137049858e-40,3.4073598842926867e-36,4.60855673698621e-31,3.419936505440359e-29,3.5223811501286874e-24,5.0255628532672976e-24,7.119144489878793e-22,7.803186792239923e-21,1.4311973271512276e-20,9.8769574379635e-20,2.010673755622064e-18,1.458218230672069e-16,1.910810057827219e-14,3.4025244748765996e-13,3.1984995382189996e-12,1.1350888450894409e-10,6.70255712474968e-10,1.6518099298917012e-08,1.9805459325064416e-08,1.385780338904279e-07,1.7551554679806556e-07,5.90466026060519e-07,4.36591930138224e-06,0.00015915660074044123,0.0007533141578415333,0.0010061017798791004,0.005252909626701132,0.003873026271761858,0.018762230642199864,0.020678599225926766,0.008933991720488069,0.02164341798121147,0.04303461521736056,0.019756753486286735,0.12841940328897739,0.06074950063946213,0.10026530565002317,0.14479602737992892,0.3271371718460184,0.36243424623576864,0.30207750211202283,0.6421180755925513,0.8215658732029492,0.6475894056374811,0.7477436559622092,0.536379433410897,0.8786652150678661,0.4613015439072328,0.37318011594529193,0.14553328323900375,0.2082157750312755,0.2894704014969443,0.253190775265562,0.225836054140295,0.2160246772318673,0.1834827130192508,0.21465355104444814,0.22597504722729161,0.34430344570327,0.28023938911204627,0.24703289917108787,0.21594014583428023,0.13459774046957104,0.19669318782792305,0.23030479005331822,0.12619320681761306,0.07940291612473324,0.040946412054511674,0.01644165146851103,0.007608034989983441,0.019169434745759897,0.006804085456317193,0.001291013004824033,0.003127239854049454,0.00047141564558624113,0.0006710551431725319,0.0013394840201391006,0.001200226136869145,0.0010642273698124505,0.002040668779903795,0.0006025775740137302,0.0009615251465746482,0.0013182929675183781,0.0016729487373847035,0.0027571180456833215,0.0006735478603605486,0.00043294444928138867,0.000121801867357564,7.201614422335937e-05,1.6427069054568887e-05,1.1567886350678994e-05,9.043436952757945e-06,4.5365592712108156e-06,1.093214699546985e-07,1.3008217400559014e-07,2.8121341833541967e-07,2.195338340480888e-07,1.174036029416855e-06,2.535757845566955e-07,3.435929822677521e-07,1.4257377614688815e-06,3.5675552443266547e-06,1.948916910536786e-06,1.4724475926902945e-06,9.319323119685481e-07,4.0529383038460984e-07,2.8155830152094514e-06,4.33064609816712e-05,0.00013389940517482125,0.0007402998359188819,0.003809268820626301,0.0018209678292990714,0.00671729510897008,0.0042404340067548835,0.006569915397564708,0.006763618590452786,0.00697102526162871,0.010742681293877851,0.006197097946311148,0.02211454558990117,0.02492606625608046,0.023378029337251006,0.01287791960730399,0.01281674319108156,0.012264672395034494,0.009967509727922345,0.013237583934422145,0.004394369433277497,0.012469029223190433,0.007502765852060332,0.007949811093522672,0.00584202977891505,0.00786780117088563,0.004122111074281779,0.0005432169275005873,0.0005622956269041811,6.699752495240407e-05,5.793293025600872e-07,1.870388978313416e-08,7.389616813741246e-08,3.6949791162039785e-08,2.0913707267174932e-07,6.271777099278222e-08,4.4628395199252356e-08,4.188774851908269e-09,1.184855184618544e-09,2.1425380452398314e-11,3.8322950195586436e-11,3.5968028949094917e-10,2.122918464688889e-09,6.463630178384473e-10,1.7959682470221902e-07,8.19233057776525e-07,9.65447311864648e-07,2.8839039444108695e-05,0.000319851582799217,0.00047551577334185554,0.00080443023796217,0.00106509488568721,0.001269677930440999,0.000681189756905037,0.003939979150049731,0.00021171025739423442,0.005134713404475743,0.00915997689882095,0.001555307648707409,0.000893765533571851,2.323753072211649e-05,0.00019943771927061958,0.0020620463694434633,0.0008559402741369835,0.0012617712182246585,0.0011698321149786646,0.00681607332836527,0.00806010721344443,0.009755072163921205,0.01520866614268692,0.0026584076226438234,0.014853063316522658,0.010470074130505816,0.007631984549184704,0.015980731157416595,0.005302039413994397,0.09115953243904398,0.2200902504578995,0.25792080800376926,0.12073247041349541,0.018526053929485684,0.04001347869735223,0.014907574717173024,0.020832650113970442,0.019992606048423782,0.0024248754250422735,0.011933064402733512
-0.10000000000003517,0.007617077480066319,0.0046464110733189555,0.006106451217393334,0.012345964926969476,0.012385888080674923,0.061692863673084235,0.1353336322945255,0.11479124333165941,0.03932523771631338,0.024391091891693892,0.017118572988774658,0.03481093071212271,0.026776813231059893,0.013760963893905484,0.023129994114881862,0.013265967600487594,0.024887702759221288,0.018485420721281284,0.006963229000440189,0.011647735885775936,0.015166334959264812,0.012849565524645282,0.007348355329834157,0.006028915689358804,0.013129949137982733,0.0113828880723424,0.012074690471040409,0.003907838895927276,0.008798659637331691,0.010946652259520498,0.007833415263650688,0.019670686635432467,0.020369895328336236,0.03755877706814406,0.051085331565125326,0.18279773760948953,0.18115240031416707,0.4548584045550913,0.5020898778693369,0.3927749788228777,0.47600015210995156,0.4047088963598878,0.5990910283088167,0.630329594882182,0.6901475718461824,0.8738506620871767,0.9309289586375451,0.8860826010056757,0.6748701790320152,0.6345395774541637,0.8243661914638171,0.6225424704530802,0.8757571393971725,0.8350311469715821,0.7757562463258165,0.7598481311501829,0.7906357225887543,0.6775773310739828,0.4995672930618942,0.4196121038634418,0.1788812294761981,0.1569698744287216,0.0846154489488824,0.12471621079501603,0.15352627819106177,0.17560720776614036,0.09952995312036515,0.041505932139703515,0.0644422774508537,0.019986657250302717,0.007965596540108592,0.0013906728417434993,0.00027976551674043355,6.526609662621734e-05,0.00024396955409085888,0.0019944100063954777,8.237227225854338e-05,2.0481521434039704e-05,5.664176226388975e-06,8.830406066364194e-07,4.899662114974864e-07,4.418654094454839e-08,1.793889298714963e-09,8.214355573434095e-09,7.09918888304102e-10,2.1086693321967952e-11,3.123229376646493e-13,3.4366660700537765e-16,3.526220758223546e-18,2.0656729261987614e-20,8.305529668834722e-24,1.7695761757433906e-27,2.9705218146870573e-32,8.003051510917547e-41,1.3462010375436955e-49,2.9345982768648373e-59,6.1800816407125484e-77,7.488931075885736e-106,3.901180709309172e-141,0.0,6.594766081891659e-121,4.9403496030267425e-88,7.929417063856934e-68,2.581002551400144e-59,6.751828802205212e-53,1.510877653772692e-47,1.3815992275480012e-43,3.70858288850999e-39,2.1635983432866196e-33,1.1808582011764887e-31,3.7791941492387535e-26,2.1645054713664123e-25,8.914129982427151e-23,2.202320755356176e-21,8.811743369503174e-21,1.0820978479902342e-19,3.116371123530342e-18,6.652232053922849e-17,4.82830190507709e-15,4.7842953593685995e-14,3.216306241340407e-13,1.193190966673875e-11,3.066559313339809e-11,2.597665383453028e-09,2.4818842778562255e-09,1.1207722973469364e-08,1.9932167484611838e-08,2.7197124603957363e-08,3.481355962258546e-07,1.3474237753066812e-05,9.796178678459618e-05,9.574768368329149e-05,0.00046730677397958037,0.0005876903178060489,0.003544912214136899,0.006359130206665708,0.004335147416918395,0.012702322315994963,0.026126574507897467,0.028296575915314117,0.13435074800023927,0.06724154937094137,0.15210409374259135,0.1649378087394399,0.3845578725921361,0.35902294974205196,0.2699224612968546,0.5528720291129132,0.6257055726440909,0.47289841698109014,0.6177587008097181,0.41990257771509265,0.8840204343445721,0.6375820121638481,0.566953182277844,0.22662436100227637,0.3590179118607195,0.47695915268972894,0.4094072670476117,0.30370733422408586,0.42338344160575014,0.4112334464443978,0.45998564783318907,0.4116752370362464,0.5633163270429279,0.43547011271726155,0.3754458668735949,0.34188152825795004,0.18015615187521586,0.21581580359565994,0.25188681455668227,0.13270799074096035,0.0872850586782241,0.034518781119038285,0.010344897601940394,0.006468197676587982,0.01717914870043512,0.004880562129903013,0.0004543568375355792,0.000730505374048087,0.00010805955661621905,0.0001829583116382321,0.0002766192334016303,0.0002133501267415136,9.70342750239137e-05,0.00025610766134759815,9.220941862472782e-05,0.00019858405015266104,0.000443724635236661,0.0009352858187774324,0.0017696016490930323,0.0004001602384645606,0.0002715904868659945,8.947970607786324e-05,5.6661077339881534e-05,7.842861776260845e-06,6.167193403424692e-06,9.067828093027128e-06,5.403090861987116e-06,8.080174188029046e-08,4.0376241414198933e-07,5.214762417102156e-07,5.038763691654611e-07,2.5240867144157356e-06,1.0075767922334709e-06,1.1655305680015317e-06,3.964895088256171e-06,8.891840604623762e-06,2.015486772971256e-06,1.6136789357105014e-06,6.611301789709923e-07,9.177345872617446e-07,4.451368313985109e-06,5.811457374216118e-05,0.00024226873798865263,0.0016607333457922227,0.006930559054916911,0.0017403039995975975,0.0035616685729125295,0.0024657529609383067,0.003362991432003782,0.004196300175704376,0.004799286372600106,0.006085919502626095,0.0037899795589567404,0.01706381601893449,0.02160340170777621,0.019418776800435265,0.012588978708372195,0.008273431553367634,0.006741501647237974,0.007471211604425292,0.005698270994907242,0.001362933353425225,0.005114297448953346,0.0022163380718530205,0.003104189008056412,0.002589023146782667,0.0038675012727323915,0.001462569677496361,0.00015689390890018587,0.00011119962561200936,1.2075343675626744e-05,1.1655420771216265e-07,7.037089655092991e-09,4.660893818832571e-08,1.655288881815813e-08,1.0112750469247875e-07,5.347723452867074e-08,2.375664330500301e-08,5.90641875636952e-09,1.5420991780216933e-09,3.178510946391206e-11,2.018297548444627e-11,9.981421082802257e-11,3.0680777383232203e-10,7.413151129832237e-11,1.857075314098948e-08,6.973247628145903e-08,2.8172058210536e-07,1.0984951279098066e-05,6.682153012984091e-05,7.466173091981822e-05,0.00016047152896547518,0.00019248006846182974,0.0001711973437806455,0.00013953745847272123,0.0017909084346029796,9.594068995243601e-05,0.002814910679023556,0.0039376002352508425,0.0009689087929076112,0.0007139475476761788,1.632329972318955e-05,0.00023723106847222097,0.0022530792183156475,0.0020222138656371762,0.0018639234892527674,0.0020055550082309142,0.009451014391905078,0.0074405581022686075,0.009696601319893642,0.014729548870578047,0.0025300024054735106,0.021542694844135096,0.01501567325547039,0.011839238171422684,0.01902354528144144,0.006971964659712702,0.1328741896554095,0.34257124304510794,0.4238387412021507,0.29149160788913686,0.0909813075630615,0.19948860727024018,0.1174073496753981,0.16770576380208504,0.167667648422282,0.0291263826775687,0.09203002356143944
-3.552713678800501e-14,0.012160805380623599,0.005502043053790807,0.009420547900596982,0.021009420137345924,0.012518451618017566,0.0883912985142909,0.1616075009748996,0.15547699925030514,0.06618280926001359,0.0334854295806082,0.03574933132959048,0.06485477030720092,0.04805832022179616,0.02505879500577517,0.026718133835327028,0.02202079877068089,0.034133339038361896,0.017269465286399728,0.009810563491757783,0.01340399852158436,0.019053360120778087,0.013220091430580436,0.009458046712361584,0.014229268432392151,0.04244294537509751,0.04021440145176445,0.04747963979732861,0.022352446341185907,0.060254373393295334,0.06530703687656446,0.049772979502201914,0.06410734840726039,0.07270360208031698,0.06937632391454598,0.11421059625173542,0.3131251115857174,0.35728326922489434,0.7781468022875442,0.807532819506734,0.613402674206894,0.5403817485833206,0.5088812866316008,0.6639035912193246,0.7381851843760625,0.8333562125502895,0.8088075481622984,0.9339904490251537,0.8794399379048968,0.673301887811727,0.5832808999488952,0.8441974998946504,0.6761028914418626,0.9006726796237517,0.9429166650211719,0.8375545514184841,0.8128135379209965,0.829300323930559,0.6541081656198082,0.5118488032720266,0.5888165472285646,0.1876987126676632,0.21615612848421656,0.17295520283063306,0.18416496089049927,0.17678238719070666,0.14364220550275308,0.08643798635817665,0.03612567504903724,0.05265089487460075,0.030604355796844805,0.008206061078285932,0.0017314714794216634,0.00033977446615973114,6.927433356369269e-05,0.0003968888613332655,0.0018386163048020538,7.495729983078727e-05,2.1372753868478417e-05,2.713056491140094e-06,9.905796541310135e-07,3.1278936011671144e-07,5.186074201044696e-08,1.7183929322207598e-09,3.0257866132759993e-09,2.7215480240185784e-10,1.2391947965621023e-11,6.164407380176054e-13,4.2705017933504343e-16,6.438701081075302e-18,1.1353577375718813e-19,2.667243256102481e-22,1.5232925437746908e-26,7.040012111088277e-31,1.2973587990012646e-35,9.6786692462819e-42,2.9420842020155473e-49,1.0112988858246526e-59,2.314595798012456e-76,6.017226715101595e-94,6.594766081891659e-121,0.0,1.6339251116056888e-133,6.637584553640183e-97,5.656505841895787e-81,1.432460367266117e-69,2.0266256135474002e-58,6.4646862760322745e-52,9.81445981456193e-44,9.036234624984226e-38,8.223532845134316e-35,3.9671182998140553e-29,1.162674921112607e-27,8.21038738128254e-25,4.5194881161518195e-23,1.509699778121378e-22,2.250853999183848e-22,3.494137466314802e-20,4.69094859851572e-18,5.903160763305273e-17,2.4917497032969605e-15,1.3469145405944663e-14,5.577257901605616e-13,1.5622401431769675e-12,1.1183257882545348e-10,1.8849373532567228e-10,1.7178945409604391e-09,3.1361473973214727e-09,1.598830539088334e-08,1.9642357166035312e-07,1.3164923757543787e-05,0.00010001727926566416,9.074051453321499e-05,0.0009144993036493218,0.0007911072250561844,0.005109235128109643,0.010105193833462044,0.01278329441568083,0.027956776353998295,0.052303093611761754,0.06808096658188725,0.23127138884378737,0.09521314574759918,0.1801721671113534,0.19429493650181529,0.34616131135714134,0.3640813500796145,0.27733719645190874,0.5444355936013009,0.5717846363173403,0.43476185654021743,0.6504134616537499,0.46683377806715365,0.9321029337006609,0.49464512493309787,0.4157766180555907,0.12432312016529513,0.24102574387464268,0.34603459099841766,0.3081621238163704,0.24524135178157702,0.3381329581428807,0.38819545972786496,0.3619672764138363,0.3438143369256047,0.35597838955456207,0.1877367736354284,0.08113861805189443,0.056253290841393924,0.0282864077615296,0.042997648848794354,0.049837128486227504,0.02386155668699011,0.015910368633669795,0.0037769448874527944,0.0011121971639918395,0.0006931549824519073,0.001524145296461517,0.0003130932074985658,4.6957046153753e-05,0.00014434052001472924,4.2722659468152214e-05,8.402995179994901e-05,7.731635458320842e-05,4.131399289731203e-05,1.910969987554961e-05,0.00013989112307949192,4.6374792326506244e-05,0.00011085336250975251,0.0005640535276352998,0.000996850385165045,0.0027937838212022496,0.0006793223149542942,0.0005642852025502833,0.00020899667951303414,0.0001145913626937471,1.939654478285621e-05,2.6099334362157396e-05,2.615999941760571e-05,9.914267701453954e-06,2.0772095996274537e-07,5.245531642211676e-07,3.79732871078652e-07,2.511101551274699e-07,1.8076543705904384e-06,5.251863190807053e-07,1.0554489881243255e-06,2.6060114106265767e-06,1.1781458196263604e-05,5.630531543606955e-06,3.2506885274823383e-06,3.1635591470269892e-06,1.599671101565502e-06,1.0992419542511074e-05,0.00027919376437284807,0.000532203797996313,0.003144247679724625,0.01626718880724153,0.005538527363536409,0.00879616595857715,0.009696291682775502,0.013951256166278823,0.01443493569445907,0.020010524648868055,0.02061709539793825,0.015203311078054874,0.03638801899300862,0.0295758923149563,0.024020779968500206,0.014310834131870682,0.012443565094869683,0.00613200034860395,0.005857989127831631,0.0027680720239425696,0.00045931335847664484,0.0025794641696568307,0.0018508904868216164,0.0031156669673784135,0.005763844378132052,0.006161966433775762,0.0035705620212342563,0.0002506366159545168,0.00018762904059941654,2.533939099629151e-05,2.184217032869533e-07,4.4536995399327706e-08,2.824382476487321e-07,8.963908332731829e-08,6.317301958996729e-07,2.7004634732265105e-07,3.0231944835204657e-07,6.311647409203416e-08,1.469639775081788e-08,3.3709635693530723e-10,2.691389862289975e-10,3.42686332542598e-10,7.196100043992138e-10,3.9462688479715525e-10,5.596456628750824e-08,2.9637765783600763e-07,1.9469897673591665e-06,5.503543384667731e-05,0.00016355960680688257,7.110214936727576e-05,0.00010712230093620699,0.0002088887549328912,0.00020024861528959544,0.0003234098048768041,0.0024185663894648788,0.00013500009171092287,0.003202379626044731,0.0025662472565157204,0.0006171145161204595,0.00031531658667227516,6.70152152647768e-06,9.083847274537559e-05,0.0005485900988804885,0.0002695520747286998,0.0001899432790086009,0.0002829652709271445,0.0018704571085875492,0.0019207440731534532,0.001599667310429392,0.0031538699774059636,0.0004864188068266731,0.006134062394159683,0.003736735212036502,0.0025862624860222617,0.005015954636797872,0.0010813544552064876,0.037623843672312814,0.07029560564775161,0.09331727178029019,0.04559209475413962,0.008484571208820063,0.0324811234987383,0.010581084559544422,0.02814488839076247,0.024149469394466903,0.002284405260653027,0.014519219610613164
0.09999999999996412,0.004020386593462144,0.001157909797631624,0.0019018231126182567,0.005633057766103008,0.004948608412053319,0.05261360777804825,0.13314391867073577,0.14082250689003784,0.054790100672550905,0.027963048404777438,0.02604135713146958,0.0730265851171813,0.044991008824570286,0.018565653333812156,0.023701323823572658,0.016967102927528222,0.018822583625081723,0.008024713844259507,0.003580408123734142,0.003763988667811905,0.00480051718776638,0.0019736377195366567,0.0006222714724252725,0.0005709831041164122,0.0026219772087872494,0.001729366840514803,0.0027949319797075404,0.0012376678500043096,0.004235794561747153,0.0037079768807073577,0.00420142742655836,0.00869681047824746,0.008635923272753015,0.009417819479027915,0.021701417226045596,0.09720868701784424,0.14996574697300863,0.40122959565487615,0.42821727794811354,0.27633038188270326,0.24190266794805249,0.24155782861364536,0.3500958998976024,0.4845960420903997,0.6402017485042633,0.8870199783267997,0.9110375392410324,0.8235646974152859,0.6522104329746782,0.49196432723185196,0.7037405587481915,0.5639619448934995,0.7536787207147567,0.8026618489342491,0.7802004558334903,0.8610348063911426,0.8354147541047583,0.6063067805632498,0.5263028492721955,0.4910876939130402,0.11708770942921436,0.12713899429285447,0.0872322900982016,0.09015698889476231,0.09511780069382755,0.08536834607069442,0.04208828865136129,0.010321284258953945,0.013937530139503945,0.009108970302069861,0.0019962476139318043,0.00040498249887528957,8.554150424695852e-05,3.215740276565434e-05,0.00010259176268821451,0.0006723350089011563,2.0146270455962672e-05,5.416065489105847e-06,5.039196406966661e-07,2.5599742039062325e-07,1.5106326282386218e-07,5.460339121290197e-08,2.443736379174229e-09,8.110490113909146e-09,1.757519150802523e-09,2.6002916068035715e-10,2.0057671049996922e-11,7.111215084575163e-14,3.3722716185090197e-15,2.508710509662673e-17,5.975844494490807e-20,1.401015022297217e-23,2.5186153044321687e-28,4.047189684185935e-31,2.7389328652417653e-36,1.0323486975033286e-39,6.03411784555476e-46,1.1898373461909267e-57,6.73669113056912e-70,4.9403496030267425e-88,1.6339251116056888e-133,0.0,6.974795187452303e-137,6.788535665777248e-108,9.785531856531389e-85,5.165121468825369e-68,1.1619706540530555e-57,4.0298533436631046e-48,1.90351231804999e-40,1.694306638072636e-36,4.460888908482886e-30,3.517708408479134e-29,3.0438760631267994e-26,4.7839281288161964e-24,3.882382080825063e-23,2.8729272152551593e-22,1.6527310014920376e-20,2.5974264057452823e-18,6.319631352941616e-18,2.5517498920343715e-16,7.176867917340682e-15,3.9823611630074894e-14,8.604371534204368e-14,2.154511000223401e-11,5.7777188404365716e-11,1.555203130039496e-09,1.1338826926490006e-09,5.075302158634154e-09,7.209354560891175e-08,3.8139570166917123e-06,2.8119300376169463e-05,1.9878407561866168e-05,0.0003189148168272266,0.00044472457866144533,0.004054051908605972,0.008927496716447915,0.01036638771695571,0.037759919966662975,0.08743014430270497,0.07708159426830206,0.3959786633940897,0.21412580100150805,0.38625318800278596,0.3422858296615767,0.5514942685563292,0.49993590862150994,0.3914480067517172,0.7315292001029715,0.7168258307001945,0.6216088312580235,0.792665936488711,0.6600748691722871,0.756269057233656,0.3947682386058136,0.3816174033230093,0.17854196110907214,0.3536552627749681,0.5660729411829051,0.5683756523516548,0.49979705963720655,0.7010237236515787,0.7571645320022,0.7424783240486154,0.7678836054759804,0.8248318063316126,0.46496295227520856,0.15905154361935867,0.10305013861786157,0.04171548784853918,0.049560844718964436,0.05351595447899785,0.019832563915442032,0.011046736608824598,0.001985890082379295,0.0006304950146853131,0.0002852998062243363,0.00036518001547117225,8.42607367084336e-05,1.2605229400429557e-05,3.112653673831256e-05,9.775712557377401e-06,3.6428691922155636e-05,3.602528281696619e-05,2.0538533908704295e-05,5.837338442743104e-06,4.736183574982324e-05,2.046538046393708e-05,8.011484343324099e-05,0.0003438350181688309,0.0011196674157992364,0.003115776097107758,0.0011304122563763751,0.001262838895311218,0.0004958599530629916,0.00042521059780696374,9.537027163521438e-05,8.434289639676107e-05,0.0001044308089644199,5.354741992630957e-05,2.0894299583605136e-06,4.276156234007445e-06,2.466360234244666e-06,7.844251696525755e-07,1.8990753009027272e-06,3.7448147848830143e-07,6.945105208437349e-07,1.487875545568023e-06,6.355371376388471e-06,2.7010422238877016e-06,2.123865872587771e-06,2.228928105433372e-06,5.092761913356923e-07,3.6699931839337183e-06,8.847925262518995e-05,0.00024347999542608404,0.002064739607564832,0.006266425314241471,0.0012881751794741791,0.002274102847667209,0.00395358588101194,0.008170695544514564,0.006387858170921961,0.010558900027067839,0.01299127860818284,0.017960587135401312,0.04054849975080168,0.027949606527747795,0.01915406137579689,0.0131157940581221,0.012813011406851477,0.008330474198392094,0.006376744709208995,0.002892171623803509,0.0005920464793253197,0.003926659331389455,0.002154429482794847,0.0057187851448554676,0.0073126261755396315,0.01042664236988046,0.007320345409351055,0.0009290374379592736,0.0005615160614974238,4.704397514593394e-05,8.353383636516725e-07,1.4533919677396132e-07,4.653693244398655e-07,1.0311920718111617e-07,2.1090668065467065e-07,1.1802424508780971e-07,1.7511793467832822e-07,6.861598775238247e-08,2.3481184110395163e-08,4.433978628331513e-10,4.1741955552689567e-10,5.98041804630719e-10,6.049692893550584e-10,1.2559557274789255e-10,2.0357542837770085e-08,1.6390409622166986e-07,1.4762202341210775e-06,4.5733762035067396e-05,0.00017597652313907,5.729109256809214e-05,8.122376206263743e-05,0.0001469450385198733,0.00011059710326182906,0.00023407345521394014,0.002352377175139853,0.00017013360385376679,0.006947636111113043,0.008895061940152004,0.004057425683248909,0.0029098168296886923,0.00010910024365153858,0.0012855489017616637,0.003988561581652294,0.002475475652625306,0.002443188682163695,0.0028060825833128356,0.011836137362503503,0.007257417892012295,0.006653562679264501,0.01405207028277533,0.0019603488377674906,0.028492343941626502,0.01162840226040519,0.010044952725959622,0.01406362261180834,0.002618493371559565,0.09764204421106477,0.14803730328370646,0.22854175879875235,0.1206420942100705,0.024311642948179592,0.09668924375176166,0.035456963472381635,0.07958313876254898,0.0683361220008529,0.007113361145227778,0.04067938281629867
0.19999999999996376,0.006381549454793321,0.002307968161472726,0.0022936913828693842,0.007259833576026661,0.005529434594798599,0.028172013571627318,0.07404793829515234,0.12682955825053696,0.028080296353705497,0.02771847446332661,0.016166292271309935,0.06146268759299885,0.06384330023628453,0.01651544564281855,0.04315095323120574,0.021414642017752707,0.02356128316310074,0.01930432845126392,0.007941052037947519,0.011996715425741735,0.01614741335830366,0.008867620589603697,0.002481725326518071,0.003375540617275723,0.004921178447176757,0.0035308692310620513,0.0061902066658599784,0.0019805363833605466,0.012976803664956855,0.007217034243483152,0.007965664628833255,0.010680148250907602,0.008812187383777825,0.008135256174705733,0.011736734723284209,0.07089554153953383,0.1335775936987383,0.33342202422965217,0.44656991324607276,0.2526400335766265,0.2252575607052815,0.23310182810654187,0.3313471097677666,0.43180689785321513,0.5279831671202229,0.9650435820735289,0.9808775551955484,0.9411069433040802,0.7584697005260814,0.656216076316372,0.7237833405367466,0.6726323495229363,0.8251151467596773,0.803402476403672,0.8225033716521696,0.7876669891285324,0.8478798760159206,0.5918732142934228,0.5471753664596793,0.4084339292169608,0.10987984849405986,0.11101863987574322,0.03749770469769054,0.08951996527530207,0.07043230312798854,0.1122718037091143,0.062472541051371094,0.009287917022643866,0.01686308400600509,0.007273813514391864,0.0027802228526712124,0.0005610132088227349,0.0001021962900077556,7.842038424186346e-05,0.00015153739055160046,0.0009057175382664319,3.132860436279063e-05,3.7381516744795277e-06,1.2282205868033592e-06,5.627668064541308e-07,7.454390275655771e-07,3.359592901009522e-07,1.4098771861038934e-08,6.746264100508337e-08,7.936152103511807e-08,1.8798704263637135e-08,2.503939928677322e-09,1.3690183680117868e-11,1.2907607825649895e-12,3.801894408738624e-14,9.45991878985575e-17,4.064569032576368e-20,6.71817087535464e-23,3.2561221349828653e-26,3.69535910290294e-30,3.961580864922085e-34,3.725604311474516e-39,5.3982661704232256e-48,3.1283166461767875e-54,7.929417063856934e-68,6.637584553640183e-97,6.974795187452303e-137,0.0,4.672135407598138e-145,2.7800076793781996e-104,6.588994160368887e-79,1.3193898441663023e-63,2.06471375380458e-53,2.8356409390994512e-43,7.510698469770346e-39,1.0294465674475032e-30,2.7752151973903303e-29,3.792548495261792e-26,5.208261415377356e-23,1.691857641595772e-22,6.220189967945858e-21,3.0639083353133225e-19,1.7032826428920835e-17,4.988782341874211e-17,1.808721508613493e-15,4.987652467612421e-14,1.31551915654874e-13,1.2396834522256123e-13,1.4976828659428708e-11,2.383005154995146e-11,5.060120944491377e-10,4.931731141912552e-10,1.6791287927373821e-09,2.2672447947265773e-08,6.403369072926571e-07,6.121193001799247e-06,4.0163233955511925e-06,4.064156382296191e-05,0.00011177543365402704,0.0009768100928951846,0.0040541413170260545,0.008121582072590972,0.03329214189245272,0.0794377711116646,0.10283037149629234,0.37568344607999005,0.17447330420007665,0.44659989638072783,0.31311889842807517,0.5630893173817535,0.4596380372066988,0.4028697118113764,0.6824289305681699,0.647031267259494,0.4395789402754065,0.7230783095921737,0.5179282353383518,0.9159480008498013,0.6293248337459361,0.6032045050280729,0.2690887386382196,0.5237344556564995,0.7855571028833795,0.685396036283188,0.5669931240466458,0.8647462989721906,0.9203573342691342,0.9514152995508413,0.8752378238419039,0.9162406290821894,0.6645844148293777,0.22361708486118786,0.15189626782121926,0.07535039674839017,0.08359800539969471,0.08435107978508832,0.05145906722039378,0.031866403081858355,0.004027533995281133,0.00134358694995858,0.0009094000102272199,0.0003590297027566085,0.0001113743470992128,1.354099407548695e-05,2.75198503529494e-05,1.2173847785363005e-05,2.217292226174097e-05,1.4085261980415544e-05,4.543849769950344e-06,5.838405087803297e-07,4.556893147283945e-06,1.8289168834621601e-06,5.077459073788803e-06,2.1682848798182744e-05,0.00014259054955613126,0.0005569196548993861,0.00026446686559191275,0.0004481776768868893,0.00033658340109317847,0.00032359059264039987,3.9732608354625e-05,6.264632539427955e-05,6.915993559792599e-05,1.9420546014135317e-05,9.276541898873028e-07,1.7624237473552574e-06,1.3796705281911865e-06,4.985513383011818e-07,1.2098656382864444e-06,1.829597652655299e-07,5.057396284277875e-07,9.851308242818842e-07,7.201769156524339e-06,2.881584767793884e-06,2.560739320465333e-06,3.2757825263155155e-06,1.777501797846866e-06,5.3981280405660265e-06,7.368488921477842e-05,0.0002032814207114633,0.0026552600753718685,0.005096268491236246,0.0011699843163975742,0.0017481000158196022,0.0028206112300340007,0.004725710042724347,0.004095015144608915,0.007277647373893888,0.007607768722945232,0.01287133672367639,0.03715898315360217,0.02847758395620662,0.02276134060551489,0.016610775379169492,0.02213172101606729,0.013183122393590561,0.006550349033481215,0.0016785167460830835,0.00026798918291108965,0.0015433182399478208,0.0007187733114902055,0.0017553307363610473,0.002597911823100737,0.004617492194117192,0.00240446197043134,0.0003959316332707866,0.0003117629126569506,5.309193463918888e-05,1.7317522175250114e-06,5.605000785278719e-07,1.2775759309086942e-06,4.417975241429723e-07,7.324954215600791e-07,2.5649875782157356e-07,3.8599946747285235e-07,9.837524270212865e-08,4.455993007807956e-08,1.1645200954335065e-09,1.449389013936823e-09,3.2525912260952494e-09,1.4982542075707054e-09,2.453821790820383e-10,1.781411774327646e-08,8.079374699055648e-08,4.640747133937219e-07,1.8050674588136448e-05,3.985191191791517e-05,9.967234444149168e-06,2.05874392539369e-05,3.894318102361602e-05,5.4880298396296336e-05,0.0003029250309354525,0.0039954513058805385,0.00042207094198419754,0.012118690539981233,0.014987941891369802,0.009056936976991491,0.0072383376000410395,0.00048419900069964725,0.006387798716144505,0.008804764563306778,0.007587266737029809,0.005484931080611304,0.003636614891930662,0.012555948910841093,0.011990686506883336,0.011685468725341134,0.027735995092885435,0.0038339696012225505,0.04737577735555522,0.02852273738741799,0.02608705994139235,0.04434909339137786,0.006934532318666399,0.19125079047857405,0.3316513838031327,0.38455540200281585,0.29143040809526033,0.09329500133910486,0.3565933404743379,0.24377116890578515,0.4157650436094872,0.37273659470886367,0.09212930755884051,0.3080287456500847
0.2999999999999634,0.0030008235220054117,0.0008176066108722191,0.0009958219670904106,0.0021606703199540805,0.0021073204432035617,0.02001047106935416,0.06558578492309274,0.07031740406065497,0.020245142115162148,0.012307199029927204,0.01224986408841055,0.0457217748761443,0.03396873243915583,0.011149104965919542,0.01600738254558596,0.013874730200948877,0.019328108306297213,0.011599897926746322,0.006440873386774732,0.008937728924435026,0.009162086154885164,0.00420315611806508,0.001404784411733861,0.0013118798265588402,0.0033447101943024555,0.0017676838016083716,0.0036879723501495446,0.001529293987737141,0.004242200245127074,0.002073577629135862,0.0031189460295787566,0.0027164418370973346,0.002874347060037037,0.0014450141776070377,0.006337035493612856,0.036064922090224535,0.06313976113433488,0.26650508348487345,0.3226125004033858,0.23353639730572734,0.18896103258537125,0.19839589770177876,0.31044588940589274,0.42109041843340467,0.5829644073144117,0.9980098413688556,0.9790397903802941,0.9065080324399379,0.7020818385910315,0.5806700007033986,0.6678283033492177,0.6678361774294803,0.8246274407152037,0.799393032568737,0.8314522266374594,0.7688645706220171,0.8355705764908469,0.5630334496434884,0.4721365657199435,0.42855286460000325,0.08903869474557606,0.0998550921929521,0.05367363476452084,0.06937510972055023,0.09833057408660484,0.09098071133803881,0.04353566297327655,0.006556033512460414,0.007664292501982237,0.004384863933787383,0.0008245309798430508,0.0002497510496574371,5.701740541555147e-05,2.0844591969830514e-05,6.565842069705587e-05,0.0003916335511359446,1.1690063026744473e-05,3.242360592826799e-06,3.728742831086623e-07,2.598189222065754e-07,2.574651851091826e-07,7.073477569063921e-08,5.590938956849472e-09,8.158461325453832e-09,1.4512111868856513e-08,2.42134980817898e-09,1.8163942233927792e-10,1.0544416800791174e-12,8.522352042976395e-14,5.871238072221554e-16,6.939075894346469e-18,1.7500744116603136e-20,2.7904821701067313e-24,2.9199608067072175e-25,1.1468827058624228e-29,3.199869070785509e-33,1.4775691794410203e-37,5.50533543089808e-44,1.202726575018749e-49,2.581002551400144e-59,5.656505841895787e-81,6.788535665777248e-108,4.672135407598138e-145,0.0,7.344639197412939e-135,2.413836511501995e-97,4.669796262889765e-77,2.719837288460597e-60,5.609503670565484e-50,2.8558362442467233e-43,3.970751468155659e-35,2.4495895215708015e-33,3.4284287684585795e-29,8.900546615974252e-26,7.967135937043517e-25,2.4141117861878979e-23,1.005126260465995e-21,4.348246261180433e-19,3.0835891781505684e-19,3.5428902676688613e-17,6.143155685863071e-16,3.632973275270552e-15,8.277992888669295e-15,4.609721223072341e-13,2.35407462794862e-12,8.780882876876817e-11,1.257838245357796e-10,8.551631005020669e-10,1.186860147557869e-08,6.740308573391053e-07,6.214001360663845e-06,3.491887724925115e-06,4.856440341167784e-05,6.476897458331321e-05,0.0006383814071343795,0.002046016884061019,0.005269690667734424,0.018739551743636302,0.04323021227740276,0.050788351247403336,0.3001171111392983,0.16249639749622255,0.30609936742836913,0.2455784828768251,0.4948590650773143,0.42730591255360895,0.32699635947520594,0.6325350153677658,0.538077131051079,0.5007282216436639,0.6164768145059271,0.44123829842471357,0.9582532193055547,0.6261936547487943,0.5368089462250667,0.2881287465400393,0.46728035940021656,0.7020901145623454,0.6910605790538888,0.5245982645993982,0.7286701106364352,0.734154768644602,0.8035222621317736,0.867196155132971,0.9213567880155105,0.5946960751137605,0.16403426149371975,0.1236151537127316,0.09408740583987397,0.10194852296814796,0.09297386265692803,0.051162786270279606,0.029404142847954104,0.005332625491759473,0.002528116539555359,0.0008747941784430915,0.0003467980495948345,0.00018713440925286303,3.737168991589491e-05,0.00010034746610121019,4.8842636285982756e-05,0.00013072830540154985,7.74536185675547e-05,2.7637823982940015e-05,4.33482376388096e-06,5.610572969367935e-05,9.306670620018412e-06,1.9554006993159198e-05,8.599053874497952e-05,0.0004541012012410668,0.0016355897204715674,0.00040064520721261646,0.0006691012318296852,0.00034291862398745047,0.00023182915497164976,2.4238115184446095e-05,2.9259247702115928e-05,4.816783806535298e-05,1.3944140590267217e-05,2.2086313076421646e-06,4.457298528759586e-06,4.6404298370817795e-06,9.626891267022643e-07,1.4922998917919883e-06,2.3188859799618792e-07,4.65594900909775e-07,1.067718456516862e-06,6.366997865402895e-06,2.266833243769494e-06,1.9502568139294193e-06,3.1943939914305072e-06,1.3091639363380618e-06,2.7195176073280533e-06,5.465977928193926e-05,0.00021952836624435638,0.002076883550684037,0.0049556652699994765,0.0012482593910962938,0.00210153575295711,0.003529896257549023,0.007405934759625111,0.0056651898115816675,0.013733009170179887,0.013633552515172466,0.02206753845465204,0.053658769929654335,0.035824178342077725,0.031026793255856357,0.02492722617816639,0.04236059856431434,0.03598427726545658,0.020490733221046952,0.005160991104456459,0.000813411366596969,0.0024756256097709407,0.0012816347606805672,0.0026046220386307783,0.004899118692150798,0.005190030787917635,0.003209388889816255,0.0004760478315623531,0.0004629478108004976,6.738596196795559e-05,2.346130560386385e-06,4.492317569571511e-07,5.472249603796267e-07,2.519130013119267e-07,3.520222512844476e-07,7.790003100032117e-08,2.0797134367514024e-07,1.0214752705511846e-07,4.889340345889333e-08,1.3723770435117647e-09,8.689605245853947e-10,2.249198936828224e-09,6.303107593411093e-10,1.3667253755040537e-10,1.7793472162336678e-08,7.24737851365467e-08,2.467524174877359e-07,1.2997731927589127e-05,5.05914533444615e-05,7.608578111163113e-06,2.0903966164571538e-05,6.565657106954148e-05,8.570080605489958e-05,0.0005946655685587013,0.003873377491422647,0.000295086635735642,0.010149968805909761,0.01262057423552684,0.006284499805569342,0.003707529007201676,0.00015215347465120837,0.001197089306499252,0.0012690040382843024,0.0007988214148011158,0.0008686564862558854,0.0006149016451334404,0.004028700415246531,0.004876050979756918,0.006345329786393965,0.016430504567935707,0.001706388281383856,0.023771477057324214,0.008810899192449739,0.0057921617197489745,0.007846990172765635,0.0006247991469005345,0.04851734573286958,0.07583876821112279,0.11566877743185656,0.05071181129609243,0.005070683147115689,0.039522590617001585,0.018827470710365172,0.05676414074546924,0.0506048262536361,0.009004561367446007,0.050908592788363315
0.39999999999996305,0.0009440557673185558,0.00038633514567488705,0.00033664333042388787,0.001211701221527256,0.0016274248577759466,0.012864972924839718,0.043687903139916204,0.06588574323244632,0.014735728083140089,0.017529699468912054,0.0084005630958945,0.03176148121401091,0.04422228680165197,0.00917718327505664,0.023905737087158953,0.013926793060636027,0.01739843638033034,0.02026437610374133,0.0066126760475233816,0.009816945787005836,0.011506763959842533,0.005986058624439988,0.0020998489653019,0.0036699026748727753,0.003502343314358424,0.0036999408038721794,0.006798241948654204,0.0023155241053699157,0.014575325348635015,0.005142507679855592,0.012263952335670611,0.008251556146207845,0.007327340390456381,0.006179231123688696,0.0077529855397270985,0.048375846703996514,0.05502965499803649,0.16029955435691823,0.26135656809072644,0.16811564033228896,0.13783180930844185,0.1191722749758097,0.209244491069079,0.25180095713977746,0.35465831623493954,0.7956162710973359,0.7020013885754163,0.6574743233619655,0.9802863513302628,0.9717481037876096,0.9978405830833672,0.9650757111995097,0.8181274542421125,0.9374195238266226,0.8596307002792298,0.8804986487120485,0.9683050907383987,0.6240387751773752,0.5789029101845075,0.5236527178507876,0.1366192472284818,0.18626676649338933,0.052656094711984645,0.11482440984047515,0.1058877918996274,0.12838603510035898,0.05703716520128015,0.005116797008679862,0.011390160486034879,0.0019233591953573556,0.0005594352034458178,0.00023698936405894364,5.0299307090747506e-05,2.934008575985466e-05,8.393195530234279e-05,0.001461105276630214,6.467738310631954e-05,1.513664376374885e-05,5.898364856257177e-06,2.162153259450835e-06,2.5267148432498002e-06,6.196248070837116e-07,2.3777021897743806e-08,6.936257633058728e-08,7.709524685162413e-08,4.413927588535443e-09,4.5254637033433406e-10,3.82577239449824e-12,1.3640867891136673e-13,4.031128214576714e-15,4.560950100916751e-17,1.2944244559712679e-19,2.1601030580156336e-21,1.7929570689598877e-24,3.3267242701913213e-28,1.473178971662183e-32,2.313017529310573e-36,2.969447579197983e-42,5.165276368835129e-46,6.751828802205212e-53,1.432460367266117e-69,9.785531856531389e-85,2.7800076793781996e-104,7.344639197412939e-135,0.0,2.6835539854960615e-135,1.0513096183582662e-101,9.254244214359335e-77,2.468404402061682e-62,4.7236775687189614e-54,1.2743668727091904e-43,7.70559128888569e-42,2.1305930409536754e-37,4.717367233250291e-33,2.6347391437517945e-32,2.883072060148726e-30,5.453298283642932e-28,2.728279696927257e-25,3.423915080228173e-24,1.2154642785954164e-21,6.886721466360089e-20,1.5551060477546323e-18,6.945759773993844e-18,9.58094989070276e-16,2.4202608104564648e-15,1.5604949278124992e-13,8.8808187125669e-13,8.932980139139018e-12,5.046601836569614e-10,4.527386669577947e-08,1.2578966491688032e-06,9.373838351458607e-07,6.1445120395825125e-06,2.7689434891670444e-05,0.0003506910159599159,0.002014575312825707,0.005882234085689033,0.021125108084060047,0.0655305767611365,0.10072128122645017,0.40199555777375107,0.21724870334711546,0.42326184921618315,0.31554028254436955,0.6315921060905767,0.4543814853713042,0.42022149487344634,0.723994205840667,0.7429377709435065,0.5156053905135766,0.8151662734619177,0.6329855068925675,0.9303819072810645,0.4250383398859953,0.31504956703590364,0.11278844532234694,0.1903333567205214,0.33517038890262224,0.2521490074578907,0.21612292717119247,0.42919672957853006,0.3889102909929611,0.3927129486644841,0.28595175949631635,0.3298861062408303,0.2719736920370426,0.0479400545046239,0.040787545252685825,0.026189650451542763,0.03837763758509412,0.0424602195569279,0.020407624967762824,0.012674931595773518,0.001345020246935528,0.00029732437282342455,0.00012906924503655847,4.6972996799420224e-05,2.3957109584650024e-05,2.565214887302155e-06,8.824762397443644e-06,1.342612857150108e-05,1.7161367933316935e-05,2.2125360811549823e-05,1.389651054822472e-05,1.8309740241430153e-06,3.451510543440748e-05,4.100945008353079e-06,4.1787361889515855e-06,2.603573950925592e-05,0.00012534382280461227,0.00039442813441200323,6.71869452175579e-05,9.652093522662545e-05,7.166177015864822e-05,5.622753296426422e-05,4.970473347478433e-06,4.950404004506818e-06,6.0039707280144895e-06,1.2890745756253135e-06,2.2378194577710008e-07,8.286703533051593e-07,6.357959679184326e-07,1.4012453221125564e-07,2.205495110241857e-07,5.636588773378564e-08,1.8353642657853313e-07,5.089380258987231e-07,6.087417727955562e-06,2.355154955373869e-06,2.9284733282911284e-06,6.47975838033502e-06,6.119751941428356e-06,1.7120392515310997e-05,0.00018986608700573957,0.0012032768916345612,0.007370607513025675,0.02146729993159268,0.008804705628324049,0.013433779197948196,0.016515183080499967,0.021428735868533205,0.029154695772769572,0.05010859511408574,0.0555667235776977,0.056296763450144546,0.09292352341734911,0.09559160860401913,0.08862907135500357,0.05775447342555225,0.07900149256647129,0.053557134976039096,0.04433449090722992,0.010249332437519677,0.0011866099613933856,0.002683357702539907,0.0006005293149013439,0.0011560892777668762,0.0033165325797934785,0.0052127919044473265,0.0035167182803749366,0.0005094335284228598,0.0004987220411092557,6.194153359852235e-05,2.1797336974432792e-06,7.043568988818108e-07,1.3349838195716202e-06,4.884059561092748e-07,1.3366022923259748e-06,2.49284701198504e-07,6.541900976108326e-07,4.1385931558652635e-07,7.514255292518558e-08,1.1121885261374788e-09,1.2394451635515893e-09,3.6134325945142486e-09,1.1228584375631634e-09,3.6768962040525223e-10,1.2065697270611396e-08,3.807950157049549e-08,1.212968708023185e-07,4.100937530376073e-06,2.2827715293843715e-05,6.010381015608849e-06,2.7426329876212976e-05,5.9698318553186715e-05,7.168480853563494e-05,0.0004385060789872472,0.0027296437516223346,0.0002907183348692762,0.009416203463092892,0.010736807442627104,0.008375858452305282,0.004892157050187474,0.00016060306212006728,0.001956731155498363,0.0019606714855102962,0.001739004394497339,0.00162723369902187,0.0007593772239704869,0.004216229920222039,0.0049407700689649845,0.007149588741057269,0.021631206481805297,0.0018496240403828377,0.02732671779881575,0.014136663539980828,0.013572708857821901,0.025430369416704752,0.0025561620340226717,0.13631943030552984,0.24063718893801558,0.3803415407941274,0.2658617972529399,0.05764253926589611,0.23660514885625886,0.19131435184915535,0.29381185612242194,0.2890780544958641,0.08105944235100226,0.3001533144052051
0.4999999999999627,0.00219853828706494,0.0006584422893716283,0.0006586586593551508,0.0009902726194356577,0.0017694447485717866,0.010338225993380091,0.039823766299827715,0.02600837374790197,0.007869256717555312,0.004386711492483057,0.003626709801372548,0.012356836041629017,0.012647580114374812,0.0037869856312240484,0.0032422868581129284,0.0031758022906480483,0.003222385847879442,0.0031686518800756115,0.0014633142184855008,0.003269378746442113,0.006906652810054912,0.005263028994408511,0.002896238271233264,0.00549534525557498,0.008342122197167068,0.007836328364619612,0.01616011525424804,0.007585653509057543,0.04349624683668475,0.022001133483841927,0.05071128703318895,0.034096205591829326,0.03633616363319949,0.02924874029012621,0.05197103389932125,0.1205119609223933,0.1265394336231755,0.36173501572687383,0.4084129239994577,0.2670817564803891,0.19833091901786404,0.16639388387127063,0.22463224027521494,0.2693467012797662,0.44765390682014206,0.8337652154689964,0.7711841807901366,0.8504997640542191,0.9925472516589159,0.9347621541368119,0.9425981634752968,0.954867043208092,0.7958115551268491,0.9392264646116159,0.993059563002978,0.8917570012121655,0.9302033096680681,0.7071820678944781,0.6226987337005394,0.6848950152264804,0.17111338328207976,0.17871026958017938,0.07270606626020422,0.09471828588130606,0.12648590000980947,0.10853405692372335,0.043195371761365044,0.011095622834481834,0.01093853206869089,0.0030377285562609253,0.0004461641483557496,0.00019578083867972267,8.332416619419051e-05,4.304891375174554e-05,0.00015366701669559276,0.0014639334637323329,6.943282073780883e-05,5.7145257079914596e-05,2.6389380047665912e-05,1.5722843718487917e-05,1.740117223215205e-05,7.014966365114628e-06,8.281275963770742e-07,8.702136572786837e-07,9.383670782337238e-07,3.2698637969043015e-08,2.6025923313387828e-09,4.0042316191243315e-11,5.790036400420373e-12,3.626746897895028e-14,4.738911380358428e-15,1.0263257879688747e-17,3.5293248484506293e-20,3.4944019218301205e-22,3.071849720314114e-27,1.3937239823851421e-30,1.2426995752715143e-33,2.540765756902863e-38,2.215606621731007e-42,1.510877653772692e-47,2.0266256135474002e-58,5.165121468825369e-68,6.588994160368887e-79,2.413836511501995e-97,2.6835539854960615e-135,0.0,1.5183186879352724e-129,4.2375820411778777e-94,1.868869956561152e-74,4.087729806925272e-63,4.499244736399561e-52,8.301672613099891e-48,3.4019360514604845e-42,1.4011441655671382e-36,9.801766412425502e-35,5.888518390923339e-33,1.122670792534326e-29,2.218060413226576e-25,7.890553896365468e-23,4.342232209091392e-20,3.3803058590132647e-18,7.111951028941019e-16,1.3951591953777535e-15,9.913723702626761e-14,3.9321064488488813e-13,9.307780619388102e-12,5.5412849989021823e-11,5.745196224454524e-10,1.1237619321524069e-08,1.1983948167436097e-06,1.0815574193283407e-05,1.0569152114300424e-05,7.99822991939183e-05,0.0002250653424698393,0.002298716182223402,0.008775901095048918,0.01948739198929104,0.04898072272775224,0.11960455988396317,0.12810818075514616,0.6445103986736583,0.425984738180151,0.5368261644666728,0.5009622992686354,0.6918061638363563,0.5792504291498579,0.596559688853032,0.9979540450866334,0.915730539556142,0.9652130482725241,0.9161175364352728,0.8917876698471682,0.5225452801090203,0.17221077884561808,0.10352399693481097,0.04538114343909138,0.06858790455422671,0.15093898249558393,0.14382913120545204,0.13672580837971474,0.3229483031000748,0.3320773943366204,0.3430336575671956,0.3697775145857918,0.47175180860152893,0.33534834792948603,0.07904923018832627,0.0838417665991957,0.08903882508812884,0.14010127478234144,0.13048819566236253,0.08284333858506937,0.058398556581156176,0.011552500450316527,0.004169802710404985,0.001308610590278489,0.0004374542050118559,0.00018557496715548754,3.3531801208702195e-05,0.00011271038583039991,7.731313181113003e-05,0.00012555248318328737,0.00018166054675959172,0.00021570254241554544,4.2909777239281506e-05,0.0004282232018324203,4.8993835979662275e-05,4.7240548090493884e-05,0.000127512327090365,0.0002539458024994154,0.0007308845137118434,0.00010599892330254934,0.0001768767741486059,0.0001319282017292468,7.302404065994577e-05,6.621791404767428e-06,2.9386803968072257e-06,2.872768393153312e-06,6.038497526235619e-07,2.9791368206058595e-07,8.534598401036906e-07,9.168704486163814e-07,3.138125452282052e-07,5.817517042797467e-07,1.2314039698219464e-07,4.729720066353763e-07,1.088069743890056e-06,7.366170943693947e-06,3.005467373335772e-06,5.8054149788431834e-06,1.4747135474877194e-05,9.552728943005083e-06,1.5275809292603285e-05,0.00019776771728247195,0.0010940390095410624,0.005546008881882892,0.015300800944507796,0.006155550785409962,0.009630070762472593,0.014665671579608627,0.01369911395193774,0.018093689660805427,0.035069743682128916,0.040630216916073485,0.03237815593812479,0.05171245188147757,0.06071709608389942,0.06058732042052669,0.02049196303728228,0.04418112099080179,0.0372608959910123,0.02822694983951551,0.008508892213902742,0.0006377135777874185,0.0014858665999726002,0.000650056101340043,0.0010496522361272125,0.0028315424884578087,0.007382257095171435,0.00547083720614197,0.0013272648704245548,0.0009014687852445648,0.00021199301589175802,2.0732733485082974e-05,6.384960482135927e-06,2.0063438291936975e-05,1.0098854443084088e-05,2.2014390049499003e-05,5.293425336155692e-06,1.3222524072823432e-05,7.683466176371757e-06,3.4697119771444858e-06,1.513081120871775e-07,1.12726390939133e-07,7.619394302801259e-07,3.1778930426360206e-07,7.582747067067122e-08,1.9431137377551903e-06,4.878645227437195e-06,1.67496009718176e-05,0.00035181126338422366,0.0007933512670972446,0.0003056448363842621,0.000806234617144867,0.0014075236973418498,0.0008996060830820266,0.002066487797069931,0.004108560443271213,0.0003532232950509918,0.010176575961263236,0.01185053552107498,0.008877994754253476,0.0038058849163925775,0.00011801505925097612,0.0009691101494601525,0.0012769897950251753,0.0004397077224354766,0.0006275772424736662,0.00032264154857704694,0.0016550105966895413,0.0027075677920554513,0.004035215522387622,0.008433628142642905,0.0006216073610921577,0.011305392195447886,0.004954294988952187,0.003290159235749268,0.005078456641040408,0.0004534180352123629,0.04536009205913593,0.07452165575368197,0.14844948646071057,0.06468094316992587,0.007208990744521758,0.0410188650597133,0.030178374827859913,0.059540958342231186,0.07488812643533795,0.016135049841493596,0.07100960219821349
0.5999999999999623,0.005869512613039228,0.0027550795099707923,0.0038186689462500136,0.005784633446025528,0.010241908442772273,0.04368205760690169,0.11499326446553561,0.08414873251090214,0.023485681926294612,0.010982070733092047,0.007880690951115352,0.030015245325000262,0.03025234613688597,0.00847736761734599,0.009365205405517465,0.014529697850279303,0.01618450517339091,0.019588145821134915,0.012681154270864846,0.02997800108065666,0.0398236189031946,0.0336367132736353,0.020568224871394078,0.027888696237447264,0.028690957242332886,0.02922374095228311,0.037907584829483046,0.01618466005549717,0.0889237610259341,0.04799013676087689,0.07852877286975851,0.055260841548096296,0.06949947680880937,0.07140104517403101,0.12003830683357,0.23172742616432074,0.21371028731959393,0.5104521857601729,0.6104943942521176,0.4111505196115806,0.301981006978954,0.20166359079198376,0.2507501547765918,0.31051684260444734,0.4662963572674851,0.8694648644066076,0.8412431597333264,0.8918622121810456,0.992930130542583,0.9323198546167212,0.8829293610277693,0.8124471584248251,0.7056987165550211,0.7653435351251737,0.8714796061529316,0.9637858841844718,0.8396207508713229,0.7654694070243954,0.6533247722384847,0.658717566082844,0.17878660116040776,0.19624213501809612,0.10291884092856726,0.10460717489385198,0.1482565797606519,0.15519270150615797,0.06492374218665982,0.020307038969909746,0.022933829001672786,0.007087287852941169,0.0012669796977440428,0.0008479176428524329,0.0004031602754754167,0.00026311460674303906,0.001060113853251104,0.007539307405692849,0.0006383781411156943,0.0004905044519995056,0.0001682688592020905,8.572199972150721e-05,8.245954977441312e-05,3.018434728526604e-05,2.4755424378897856e-06,3.4100210476138018e-06,8.9225310663457e-06,3.4734331269300396e-07,3.31464034969968e-08,5.899663486168399e-10,2.923291849286845e-11,2.8338726082900545e-13,9.488763070334978e-14,1.3071693137866036e-15,3.1861550846350577e-18,7.958068538381903e-21,2.576085044448718e-25,6.126102661735924e-29,5.056182056806313e-32,1.1807996304875054e-37,4.54607137049858e-40,1.3815992275480012e-43,6.4646862760322745e-52,1.1619706540530555e-57,1.3193898441663023e-63,4.669796262889765e-77,1.0513096183582662e-101,1.5183186879352724e-129,0.0,2.5162196808457177e-137,4.08511673955931e-97,1.3558554390808267e-81,2.995645327891917e-67,6.684769694418681e-60,3.1439831073269803e-51,1.5756786356143006e-42,1.7318424919009225e-39,2.3094749083733906e-37,6.179287395524248e-34,5.0448992621263894e-29,3.895720512382995e-26,9.694672853079614e-24,3.698159801604578e-21,2.041877358529018e-18,2.374751701886738e-18,1.0352971415210372e-16,8.218340668710598e-16,1.2210420034188423e-14,3.399966856040983e-13,4.4295577740568246e-12,1.6681443609232325e-10,4.7596319237826666e-08,6.30758761025051e-07,1.2340426789815206e-06,1.6705099543188342e-05,8.114879929796667e-05,0.0010974487296692918,0.004594397401252445,0.009997289279849405,0.03163062883814305,0.10125058070567663,0.11077415477969077,0.638733919065282,0.4354659812470525,0.5860513114522472,0.5898635675207863,0.7822929848816378,0.6717877661252861,0.6810843912482742,0.9938300241386153,0.9735144888145645,0.9900604945191175,0.8592694722231407,0.9384996589279742,0.4114738015254172,0.10800859366413498,0.059118892232206934,0.01630354430803086,0.029826041225994596,0.07650165506153123,0.06332701659078048,0.06182385429743106,0.15620037098806594,0.16325882745456816,0.1685706847687888,0.16578971695555472,0.20735048648280333,0.1418083834158202,0.025242083267373754,0.025604798942713235,0.028480255035642228,0.046561070106505405,0.032591651690385484,0.014588344939690417,0.010071325265609894,0.001259571096806038,0.00047775085375088573,0.00015549809373850853,3.52548832444155e-05,7.768287301973328e-06,8.290721557266941e-07,3.8138244096423434e-06,1.595828698348224e-06,1.8223356229161321e-06,2.5852117608466722e-06,5.886285437366377e-06,2.1491379544686207e-06,4.5765511693509436e-05,3.6825607564984607e-06,3.3218705321311014e-06,1.3930000266257616e-05,3.4099590885056663e-05,0.00010869065940074198,9.970739726125466e-06,1.9022135277374973e-05,1.4492162504805461e-05,8.543088891604695e-06,1.4217943494946696e-06,6.442931336011661e-07,5.660232710885099e-07,2.2630139569113128e-07,1.4020526026015941e-07,5.691618769156703e-07,5.246617200899016e-07,1.9973745914427976e-07,2.9036663674661094e-07,8.548638015973606e-08,3.347949282368342e-07,6.923007973381498e-07,3.822878503087419e-06,1.7424990736305967e-06,4.75431673570263e-06,1.3012557625345435e-05,5.561246864711465e-06,1.1097637864492199e-05,8.370450482424237e-05,0.0007967011675613175,0.003400326086080348,0.01132578961753844,0.007148264958263357,0.017755604846041505,0.031680229676376154,0.02917630734867627,0.03373346591874854,0.07243785290381657,0.0852926001340768,0.09471522775490429,0.14399797375820983,0.19322215931549575,0.1611611300671437,0.07189011200285403,0.13504321565871583,0.07249290691214741,0.0776240180817947,0.03639989738056763,0.005961135593744024,0.00790030716226317,0.002440427330024372,0.005191496958769805,0.013957948274680042,0.020019597085994666,0.013783706308328534,0.0032187876570847216,0.0016314081494993823,0.00026164703679885194,2.323687917406966e-05,5.301813646457887e-06,1.0233408379098611e-05,3.824951057599468e-06,6.228294250498425e-06,1.4309277052234839e-06,5.437409594474593e-06,2.5756879472727846e-06,1.5670135533435438e-06,6.765939338861209e-08,4.115014339925657e-08,1.8831507386796478e-07,1.280783415511145e-07,5.322739414789669e-08,1.10674397020507e-06,3.687117304788425e-06,1.4439493737246102e-05,0.00027747534828083945,0.0013222963500333152,0.0006120722684730982,0.0009955106245338634,0.0019249086837237492,0.0013583279784594013,0.0025674819273968784,0.0057998605658516784,0.0004448158504386327,0.014836497620949867,0.01751797276286424,0.01650088970941124,0.007542409577993712,0.00024425231145451325,0.0018870651138036486,0.0025450495148251345,0.0007662148761557694,0.0007652000455924665,0.00027048251327885703,0.0018736791625119976,0.0032311623378073677,0.0031551347417190408,0.005759588542515873,0.0004957801278633854,0.009712865730252434,0.0039506252358732395,0.003009899087864818,0.0027768892547074347,0.00027436811519010305,0.03796480933315329,0.04784283677551745,0.12263049757162889,0.07340119106797488,0.006787682107528369,0.03776106535815114,0.021316160302323393,0.05761139060762967,0.08370934715752022,0.01974140102468084,0.08873899454167636
0.699999999999962,0.00797635903055406,0.004757357612867272,0.004463218842807604,0.011195181850357372,0.01967202229107998,0.04915977312400104,0.10459658307095235,0.11463634957299758,0.027010421381787726,0.019595326750008114,0.007911428685291062,0.024065350182424255,0.038046492502772304,0.005776063930694671,0.011951524417243953,0.0075795305663898735,0.005387598578813388,0.009512525591435323,0.003969930422177841,0.011558848723763252,0.014561182909593448,0.013513800268899848,0.009091755556402948,0.019007046719331674,0.018669648144483693,0.03894693645405826,0.03405462160973051,0.00922678555524245,0.07405612579398885,0.04165750046141375,0.06863203368104717,0.05424035628436302,0.06681896460192113,0.10102046701357431,0.12429328821707798,0.26999553891664785,0.25857385165593433,0.38776180296468943,0.576461749546644,0.33386706324612275,0.27611404243681853,0.1901518837768842,0.19155041196740988,0.2210445129092607,0.2453937599446725,0.65787498562202,0.6467431077442206,0.5353523768188058,0.7790711012690964,0.7445238769624494,0.6461450109543057,0.4955204711608958,0.4143746073702385,0.5738822776906924,0.5523190422436633,0.8642170458280336,0.5912237058911168,0.9686772351382841,0.8866503812372499,0.7316847102320273,0.3611291464721732,0.3720730431823829,0.14253455956151717,0.16543646206124346,0.14658696575641575,0.22717149485673407,0.10601944404950384,0.019561835385635697,0.0498673948032404,0.00864956068503221,0.003350965853177264,0.001687459974495448,0.00041981333470863727,0.0007092794037242967,0.0019619625300242734,0.0176071589197029,0.0017817349481664632,0.0008752942420107859,0.0006634371168823936,0.00022548074255878314,0.0003638444531098064,0.00017451524905395292,1.2364408648141974e-05,5.5940972279274225e-05,0.00013052269100675653,5.258774497861423e-06,6.483074443918583e-07,2.0610033600097973e-08,2.3528148592373697e-09,1.4073896531825623e-10,1.9590865823690694e-11,5.341852597480847e-13,1.8104586065743653e-14,3.0698025831885914e-18,3.528830555481939e-21,8.727716176748439e-25,2.115801572487613e-27,3.878634567546633e-34,3.4073598842926867e-36,3.70858288850999e-39,9.81445981456193e-44,4.0298533436631046e-48,2.06471375380458e-53,2.719837288460597e-60,9.254244214359335e-77,4.2375820411778777e-94,2.5162196808457177e-137,0.0,4.240981206172165e-131,8.259241021174236e-108,1.142094738643854e-86,2.312265645212028e-75,7.118475261533796e-62,3.36186591573914e-50,9.705695702083335e-46,1.0328284894470389e-41,6.679098971726712e-38,2.42698374053435e-32,1.7551778977662427e-28,1.193292513573761e-25,2.0430128050144564e-22,6.932484990084379e-20,2.3031431957208663e-19,1.2408556616578087e-17,7.319824151019848e-17,5.377727293898042e-16,2.652964874407738e-14,4.3931797814618896e-13,2.3474228220503628e-11,6.88643976539674e-09,7.593920738405264e-08,3.9683493357035433e-07,2.7395486820701076e-06,2.4555281366949445e-05,0.0002496612902630088,0.002505739219777451,0.004128189607259595,0.014582081088589029,0.05347147253977935,0.105961391345055,0.5310930478520485,0.36652012148528773,0.7014503806470437,0.6007328364952449,0.994725160095694,0.8209319657628197,0.7881606220134807,0.8871857447864971,0.9215612502215265,0.9634925647024206,0.6434364673187606,0.8880480632614621,0.4779555603752183,0.12422043161793711,0.05751511618804107,0.011019621642703233,0.027716537046269984,0.09247037788396065,0.07407611095036698,0.07121448372584845,0.19119188714346486,0.19723853617073006,0.2049800211290315,0.09704643315266664,0.11829896352792316,0.11055535313844801,0.01932692935493272,0.01697232503249478,0.01858497236238014,0.029781890759058186,0.022077296659714758,0.01118313687969673,0.008886227568117118,0.0007563283557594421,0.0001937160638213198,0.00011138719505291194,2.133460993876103e-05,2.3820381275385585e-06,3.909881697369833e-07,1.2376330059058e-06,4.214670209120356e-07,3.0034355724152905e-07,4.783476394413436e-07,2.555504069703961e-06,1.0284388291682147e-06,3.2809284737929555e-05,4.470815277978379e-06,4.242278343229281e-06,7.932602039819825e-06,4.5711131356870764e-05,0.00011661545938224204,2.23701046665255e-05,6.189613103216039e-05,4.325076274609822e-05,2.4952616097188963e-05,2.0164800645573746e-06,1.5686764737518474e-06,7.778942575684136e-07,6.24611327616947e-07,3.171858500582104e-07,6.486074862900538e-07,1.0628284447285664e-06,6.810363912684799e-07,1.5142947975924726e-06,2.981474030266234e-07,2.30551746947673e-06,5.882905759811855e-06,2.097047456090293e-05,9.65182210171656e-06,1.676517335243531e-05,2.8164473930774186e-05,2.819151222248884e-05,6.44906178158418e-05,0.0002653353563738389,0.001207156561829328,0.0031720029285919587,0.013205781282891701,0.008373487980814357,0.025949528763933756,0.031417915415927394,0.029412117585905874,0.02523529710585188,0.05744477118692483,0.05995644722345684,0.06302575158184638,0.0704420703872039,0.11545518905214709,0.09793693779136683,0.04208130842552638,0.05935055573943024,0.029813354213309145,0.02959152693997709,0.020534601350850872,0.00260884966633455,0.0037873194199621535,0.0007334205744412808,0.0018456837411514608,0.0056112368243993425,0.012208953857763436,0.008169878656468454,0.0024161223617497596,0.0013644092152072368,0.0002464689021716674,2.6840399322053892e-05,6.5668534508209105e-06,2.1201682588289794e-05,7.393384130051246e-06,2.217309646582471e-05,7.503957050067802e-06,3.0107709770405025e-05,1.165128393025091e-05,1.6406463855696724e-05,6.170301538834818e-07,5.322126874310679e-07,1.9656278268474596e-06,1.1398255622430972e-06,4.79269743345169e-07,3.8324565767397615e-06,6.5895038419133175e-06,3.868485747710493e-05,0.00022058635433885933,0.0013164076428785199,0.0006878145059507013,0.0007134869680556393,0.001882586815003597,0.0028173106044534573,0.003810926116144887,0.011486712029583445,0.0009938907172306868,0.03319063634726054,0.04527044440300881,0.04139710006618556,0.02079923939710601,0.0010960520733582176,0.011779144454945283,0.01541772694196804,0.006772486022326879,0.0041718601547991495,0.0016752217217868002,0.00938699805778964,0.014306180808488044,0.011020367891631463,0.01584839337069554,0.001449243877323887,0.017392300797261825,0.010119771105439126,0.008277009705544918,0.006708828307989882,0.0017380301431675874,0.13224840921725975,0.23579838224752975,0.43924812176532224,0.3762793671167576,0.08621958137350602,0.3049892283267537,0.26058420544138455,0.34750343745261053,0.45089365986851565,0.16666590519995977,0.49697249479122807
0.7999999999999616,0.004847743450049742,0.0025882220064319793,0.006840219663443956,0.007965464386906991,0.014279912676203849,0.0425049856084014,0.05724626316511507,0.030829327594903092,0.007372736274296238,0.0019849371557072405,0.0018550213557190125,0.010066339526389242,0.014095878310030181,0.0030418519043506616,0.0025922014766447533,0.0031696359497768484,0.0037256611597381822,0.005108773353273111,0.006715903232433046,0.007097545878409309,0.010134710570380668,0.007146053564056367,0.008578032130848309,0.01741081373793067,0.021890868861140146,0.04906216447463615,0.03792680986655737,0.01890289380309295,0.08266335621508929,0.07426437850429536,0.1223329407858159,0.07824939689731322,0.1513676947083536,0.12530146211905932,0.23175239700525369,0.30643376133045597,0.2573616728049085,0.5797618420166465,0.6419308650111111,0.4319175672098619,0.352448437462161,0.22279197472341827,0.18275007799216392,0.19424571479366304,0.19493966514493258,0.45402462964110446,0.39724965019428143,0.46075816410047776,0.5695942443364547,0.6088031564158554,0.39745824398202007,0.27128382001916007,0.2928860499714483,0.4433457037272961,0.5577597623711398,0.8113769718783183,0.6563941487722824,0.9871714176365838,0.8450042386981264,0.8685046162087697,0.40546003599465186,0.4637008819395698,0.2793665096062983,0.1832768472636174,0.2296978806298289,0.2149158769413209,0.08720684373692472,0.027420350572789954,0.0332065994891034,0.016228713510322783,0.002058349610551014,0.0010174593612251976,0.00031834625904363534,0.00025216315904732367,0.0014971977263260015,0.008868169484853281,0.001260558827170976,0.0010189421273569441,0.0006090310821739487,0.00027629511133825597,0.0003126727677290112,0.00016544903702014934,2.640849518797374e-05,0.00010368969421405643,0.00018340156819797131,1.8235717557867373e-05,3.231921534284951e-06,1.4276919817919821e-07,2.1466991423242234e-08,1.4441414539522983e-09,5.447616136923993e-10,1.1161392877838177e-11,1.3343801730684037e-13,2.8307424467158927e-16,6.588443795566394e-20,1.1016956865276971e-22,1.1178593551380275e-24,2.2469167886567032e-30,4.60855673698621e-31,2.1635983432866196e-33,9.036234624984226e-38,1.90351231804999e-40,2.8356409390994512e-43,5.609503670565484e-50,2.468404402061682e-62,1.868869956561152e-74,4.08511673955931e-97,4.240981206172165e-131,0.0,3.6370596322706175e-150,3.517622983347967e-109,3.8422618901160304e-89,9.916190384719163e-71,2.6311940057946636e-59,2.685278985253629e-51,1.555308923220724e-45,3.76068765594647e-40,1.208355112711504e-33,1.3972556190950645e-29,8.001159883133214e-26,4.718032481422352e-22,2.0772005798544285e-19,4.842128569088904e-19,1.630014155544645e-17,2.000149551971249e-16,9.634466297465046e-16,3.533709145866829e-14,3.707110103722223e-12,7.862834442881599e-11,4.216546437587861e-08,6.518732747336377e-07,2.212993962846323e-06,2.1784095060710836e-05,1.975082530062223e-05,0.00012273338941493582,0.00048317466922431676,0.0010018664736286692,0.007055289429486923,0.024135734212532872,0.03894445361333211,0.3879441585754016,0.3718852249452638,0.6436470943953506,0.6665787714265318,0.9448480312414431,0.9062536334697582,0.9129571004005425,0.8184107749011275,0.9421082225979561,0.6351158579216396,0.4808776922894365,0.5287080324419293,0.1405070711511538,0.04151874032290852,0.013649613053881153,0.004138813312948648,0.01680441824177406,0.08540613081888697,0.10358116925408414,0.11359732683336096,0.25417345571424405,0.294619088677607,0.29282841902215856,0.22117114016055012,0.20452278887863573,0.14871483359161763,0.02438536990850671,0.012586055999934728,0.020055759055347677,0.020917978356222198,0.011932390400231724,0.007364956585850147,0.004689962437605732,0.00040000836438067096,0.0002474469165807605,9.231141999365066e-05,3.052669373817227e-05,4.707034727110885e-06,6.045466135818045e-07,1.3156270852272397e-06,4.5430496697625815e-07,3.9493409788725355e-07,5.579501286034568e-07,3.834711734952547e-06,2.5194923184658555e-06,0.00010217587718608584,9.533865075664546e-06,5.994924180728731e-06,4.7526225618261824e-05,8.868664992045968e-05,0.00047584217440892125,4.1254988109869346e-05,9.23972996088427e-05,5.808334810518289e-05,3.5585124026517476e-05,3.400379398126582e-06,2.161430755487048e-06,1.8296911866798962e-06,1.9053375240977387e-06,1.6661487201203244e-06,4.016251357151248e-06,5.440830249088899e-06,4.9568303952020935e-06,1.1060721811164774e-05,1.6228466244938849e-06,2.1396054750613924e-05,3.7164789416451355e-05,0.00010078824416180874,8.323204966477363e-05,0.00024480660540657093,0.00038452531708592017,0.00017566554428860267,0.00023540426998749152,0.0014155045451590702,0.005257757956465567,0.009128935566636177,0.030111727699050427,0.03465472643263705,0.09901377287012693,0.13025678918015218,0.10045746037542816,0.10750469015258418,0.1930076220938174,0.2562419304039572,0.22496658688852902,0.2694398278427643,0.15952900881344295,0.13294721373240634,0.13250799147991715,0.16590493913171786,0.0852743958030991,0.07623004826283526,0.07071842643014012,0.017880904972200008,0.019819331771730682,0.004762186469556374,0.009476246863442835,0.028137203818442147,0.06409106636654302,0.04038713177800913,0.011571332047645135,0.0054133094552428,0.0017479152081051985,0.00012580946344503048,2.9631424885430934e-05,0.0001404328776049691,3.7562043756265284e-05,6.613803910703301e-05,1.5617395224301636e-05,5.419702217576274e-05,1.5705596187045647e-05,2.276294531087695e-05,1.046453173558082e-06,3.650408658147635e-07,9.923168207517587e-07,6.681626506473438e-07,1.861488773994494e-07,2.7312328201728704e-06,1.5162926376237883e-05,0.0001220867715725788,0.0004196614518157509,0.0027631334978852826,0.0015827766804548077,0.0008390512831505044,0.002989126114773222,0.004462065047455838,0.0040679185548026945,0.017323571922811722,0.0011272214904875222,0.04194696046748409,0.05873504594925441,0.037760943860617895,0.01668402005464987,0.0009398444614503819,0.005581162750657212,0.006207341326983651,0.0020850693114977652,0.0015555305341675124,0.0004631823876230153,0.0020529457682708003,0.0031945683703835446,0.002278500165684042,0.002907940534399657,0.00026347892197219145,0.004769646898041805,0.002714538891053851,0.002250255567179531,0.0022343176941340206,0.0005128881584319623,0.06026425889014299,0.09848219924592638,0.23473965283302387,0.15591439540372867,0.021144955428170072,0.16457289709272827,0.0983466574549579,0.11843543911870758,0.17368476449942133,0.05425869827458857,0.21716100851385836
0.8999999999999613,0.01183730355952892,0.007763197717785305,0.010129614140758775,0.017611280723357655,0.0325422980102715,0.0901641674352172,0.12326843718123426,0.10366863472037882,0.023747667808059727,0.013168440671086034,0.00782362625284321,0.018181205850049512,0.026818177551846886,0.0035152014459897797,0.006394226389334922,0.004889077568941466,0.002947847714663026,0.004830940110254463,0.0027124301354752873,0.004486929810117904,0.007943196594993951,0.007539413707232798,0.005605677268697053,0.012721010444846163,0.014378952104339817,0.0494171344643446,0.053434476214345356,0.026630022711947213,0.18590612621786776,0.14879563774225357,0.25844171544241523,0.16772572416407572,0.18189687732151222,0.250027157832687,0.2552459626299534,0.34228185023524255,0.21499486350980906,0.37852798019183737,0.515700552665429,0.2718060441963814,0.1983076934476023,0.09931297783758736,0.07212992539646063,0.07351804175603435,0.08256958313558421,0.24271054537896689,0.2437524779181112,0.2680570244844303,0.3363915993260003,0.4336174944227558,0.30773016633950095,0.2645113736358221,0.2617834098149725,0.4141678305101489,0.4396838405661367,0.7062968693226814,0.5697490306080027,0.9841763308887017,0.8568986208519375,0.8299116940824854,0.4283886731546395,0.4846479854772183,0.22326938606051258,0.2198850051439652,0.21009160431744434,0.23630802861423564,0.11297683450276971,0.02462215843500645,0.04568848661081256,0.01622115685012146,0.00404743452442073,0.0012618602812837071,0.000364556288449513,0.0007100997046184473,0.003073283368174729,0.026161245644576916,0.003085973734048517,0.002447191009442116,0.0015449730760685996,0.0005482250804876597,0.0005540070043638481,0.00032678082420580494,2.6281217766118344e-05,0.00014221465221811777,0.0003040155628623262,2.1613245785330054e-05,2.4080140927671213e-06,5.2417224517856506e-08,1.2944841600352816e-08,1.4490980038154825e-09,4.1010345222400905e-10,3.61799654911439e-11,1.879091008436662e-12,1.3229579325650002e-15,1.0862666728416337e-18,1.453405794583217e-21,1.5273549596110213e-23,3.2060311389905344e-29,3.419936505440359e-29,1.1808582011764887e-31,8.223532845134316e-35,1.694306638072636e-36,7.510698469770346e-39,2.8558362442467233e-43,4.7236775687189614e-54,4.087729806925272e-63,1.3558554390808267e-81,8.259241021174236e-108,3.6370596322706175e-150,0.0,5.8590374091091466e-148,1.1683130705645941e-113,2.80455341404696e-86,3.1979824690165934e-70,8.88710186723448e-60,2.3541640035439256e-51,2.699603631690522e-45,2.2178626163981785e-38,3.2555475475466893e-33,9.162774928852074e-30,8.302706941375987e-25,2.0295940732112205e-21,4.447393246989339e-21,2.0858655216101822e-19,1.1474141255134148e-18,5.534824086288957e-18,2.26116527048043e-16,2.801044487886046e-14,3.5085652524981185e-12,8.766017331347304e-10,1.7358488585337637e-08,1.0053332457840659e-07,6.053342305257498e-07,2.79045087432417e-06,2.7928539773853616e-05,0.00021396381421708388,0.0005272448265591271,0.003132777066239713,0.012452320183219324,0.03108522050120028,0.24636699246664448,0.2503289544884059,0.5743616889222581,0.6289158030969184,0.9409020948217041,0.9631780180357957,0.9558127577673625,0.6853090359261302,0.7561503106664867,0.7203700341571745,0.42832687120350277,0.5759922494672021,0.22762179005459976,0.06797178742786626,0.029720704760885504,0.006757428589273014,0.022505232204977566,0.08973711099101676,0.07941299802583128,0.08723172667100329,0.21400740457184939,0.22381154901864922,0.22218757490048274,0.12729419848184179,0.14492832657669769,0.13933987063336917,0.02353535159829392,0.015362137106357166,0.019741816215722022,0.031166502733247347,0.015806555860668054,0.010513266153826372,0.009443632784254004,0.0007588380201235411,0.00036491769647854457,0.00017295643727514414,8.544030001687158e-05,9.429762654653188e-06,1.5144109511764656e-06,1.3742169735170126e-06,7.214119056321635e-07,3.1017897593793735e-07,6.347565417319214e-07,5.757892934780991e-06,2.239718178359146e-06,9.785715354996474e-05,9.270373506743058e-06,1.0133899183765245e-05,1.3895708426627133e-05,3.3934528952938664e-05,9.567045220881279e-05,7.84216018962811e-06,2.153434659157487e-05,1.1991434472285427e-05,6.209004227283551e-06,5.086773558661795e-07,3.392951736860008e-07,1.9185616426538898e-07,2.881093078670841e-07,3.2811069733717727e-07,1.4048263074158855e-06,2.532138429677155e-06,5.546395566507257e-06,1.4965717412730276e-05,4.370987391645764e-06,6.791369077745291e-05,7.966604254820169e-05,0.00015263662151085439,0.00011555322030136798,0.00019186199634613132,0.00022486272522945512,0.00010048402802308511,0.00016780715961697335,0.00048676505783315,0.0016734453469111218,0.002647222438210734,0.012439124807458386,0.012932882005951642,0.038584273112985575,0.046029621201088215,0.029814344026195004,0.029336426141784343,0.05494424826149977,0.07516834919349442,0.07167523257705716,0.08747382758598375,0.1307931397890539,0.09953232842213056,0.039410939480084256,0.0487710021533331,0.015989187049927196,0.017392675892998456,0.01874382709437844,0.0032880684492698465,0.00462853412081678,0.0005051282527006693,0.0007615222002392051,0.003343205980526803,0.011028348541909875,0.0074443604691564,0.0030090105518889767,0.0015958395376856089,0.00036692447402793406,4.335112112353346e-05,7.799308337847545e-06,4.3970279536678894e-05,1.1076529701749723e-05,3.2806476417142706e-05,1.2717539322850387e-05,3.335593258745266e-05,1.1264233356897315e-05,3.232616351628023e-05,1.2511185946222614e-06,1.135111521636221e-06,1.7569977775680022e-06,7.834735069108611e-07,2.7469497471717424e-07,1.1443035857698782e-06,6.0845988474073745e-06,3.469549769352074e-05,0.00016283333667351627,0.0013902815273980672,0.0008998527995575695,0.00047043546151012743,0.0013369128229485637,0.0021107207604296593,0.0024452352797927177,0.010616074848519839,0.0004669983076797846,0.018522207838132163,0.024793745618160133,0.02352128133883409,0.009991088269589872,0.0006158679894808979,0.0069504455712731394,0.010290971289246753,0.00629215616248712,0.004643277767791444,0.0025854314647019965,0.00932114425259693,0.010524916218903453,0.006135313996175709,0.008903886070639893,0.001112758465154982,0.015137496310889982,0.00797965645441756,0.007536621943104954,0.006621545461610771,0.0024328732235102024,0.14105195490437186,0.2379475850474306,0.5072741497079624,0.46475984572589657,0.10693062776922323,0.48586688758691055,0.33468912234542103,0.373143278528176,0.5503266501136279,0.21322292183606315,0.5745395063732999
0.9999999999999609,0.007049624562457713,0.0032401897778891594,0.005186598578455632,0.009419624220117844,0.021159647784665513,0.10232869188968882,0.11804284684717421,0.08343513403533998,0.0326129558887034,0.010323007314358635,0.010013858755032664,0.015337361182433378,0.020058579321172946,0.002871427361038118,0.002260613995337037,0.002725939611219379,0.00153001063677536,0.0021982588310590157,0.0019135742792535874,0.0037569266907098364,0.007957687540001849,0.006828414782461668,0.006247630032736876,0.012447907154224468,0.025622769222666025,0.09230889956514014,0.12983002020650217,0.08457709769683835,0.3120389492758167,0.3468604766221066,0.5939604917334766,0.4542414993064982,0.5084546214169973,0.5953095937220536,0.6467270284944816,0.6903712365522523,0.4208284978616533,0.638207373608205,0.6498622009771575,0.36370543753262286,0.23854493136179417,0.12048096366405603,0.08833975094052939,0.09834127742050373,0.1350741770459523,0.35254969260906466,0.3442964657359846,0.4281249895899843,0.39879873331705606,0.5763713297069515,0.37169779111538137,0.3017703361482441,0.31105466316765457,0.4154434284047727,0.36225150776448445,0.6530649504073203,0.5207545539441956,0.9414416801988092,0.7979562189826156,0.9022958887267647,0.4474632214301487,0.5147364600573647,0.3463684073861443,0.2850290513905783,0.36577917926343245,0.27633614759807545,0.17624487294645072,0.08329058539823389,0.09791317731522077,0.0539872604241231,0.010746503326756529,0.004850867011254511,0.0032650452502440445,0.003873136065634525,0.02091125275561599,0.10078856057572955,0.01886529909967439,0.012508621171804993,0.007918375937532734,0.0032816649676025117,0.0022511962980477107,0.0011570268637391722,0.00017462523330484867,0.00029757439440065823,0.0008135418554328633,4.947018687012012e-05,6.5150554069447466e-06,2.859502586673375e-07,8.494502303721421e-08,7.0944170895610835e-09,3.9252889387123875e-09,2.448158219236005e-10,4.3564340474776404e-11,1.4508204192946536e-13,1.6258317726450073e-16,1.1530965181575404e-18,1.6967811551952777e-19,4.9845706974781684e-24,3.5223811501286874e-24,3.7791941492387535e-26,3.9671182998140553e-29,4.460888908482886e-30,1.0294465674475032e-30,3.970751468155659e-35,1.2743668727091904e-43,4.499244736399561e-52,2.995645327891917e-67,1.142094738643854e-86,3.517622983347967e-109,5.8590374091091466e-148,0.0,2.716720593920208e-146,2.519458590607469e-107,8.362400760180764e-87,1.0629706769953372e-69,3.430732809877219e-60,5.048770251647926e-53,9.21203510442391e-44,7.680085605811599e-39,1.4147604404014902e-33,3.151030342535687e-28,2.5318021807501593e-24,1.8882211063715904e-23,1.3865193827245131e-21,2.003901671319308e-20,9.051177927037508e-20,7.587670550519637e-18,4.303493033934089e-15,6.581192300255356e-13,3.3685278877438934e-10,5.692510393959623e-09,3.378822154648737e-08,3.596006471062032e-07,8.423280774905391e-07,1.7096583669264887e-05,0.00010591777803972846,0.00031666918505988126,0.0020482394024510585,0.008087143708950494,0.01798457437884493,0.17914574813414885,0.20394574705440413,0.403210152428571,0.532380055973586,0.8542066184625672,0.9822115619850768,0.8661727163793319,0.6792813687017373,0.7276262366937001,0.6750904895757919,0.5405537861206327,0.7519065995256573,0.24239837928152444,0.0958258888042381,0.044344396202361136,0.015476626082328289,0.04128628875874088,0.13681818951164137,0.13541791236172293,0.14082605086792632,0.2783677711337171,0.3071278990461832,0.2502687360441267,0.19407730088839414,0.18411144693827397,0.1330919534904614,0.017126432814810803,0.010977694502204375,0.016511436494268623,0.025475732620954705,0.008177545046944259,0.004890320917204731,0.004703084869617824,0.0005231707221550063,0.00036750738492849825,0.00014214724107848497,6.478828127849688e-05,7.642321064583954e-06,1.680457464989797e-06,9.711360679923793e-07,6.732529814125298e-07,5.277887836958686e-07,1.0436300021410484e-06,1.0350151256047063e-05,5.783013991042057e-06,0.00035673968981723747,2.1582431313113288e-05,2.0963690935950207e-05,3.134306959448621e-05,6.700099231559465e-05,0.0002147303296877076,9.196811624368378e-06,2.229167047746672e-05,1.0513863486804642e-05,7.339795275414087e-06,9.103017799243219e-07,4.938719625658263e-07,5.842256754866437e-07,7.482486697625278e-07,6.035186585447922e-07,5.826112975800128e-06,1.0753180197401043e-05,2.4295175819317303e-05,2.7038137401826165e-05,9.3577793866764e-06,0.0001605454780624493,0.00016174541523935937,0.0003025249107201148,0.00022654688599190527,0.00042395256234337473,0.00033045064508935556,0.0001731222061897308,0.00037379195897177525,0.0016126663952386754,0.004687352238313469,0.006362807288450127,0.0301080811084503,0.03633959673433101,0.08692921338742299,0.10983386547500884,0.06192695152582467,0.06360267430823427,0.12250251575279457,0.1476217561604157,0.14590137852749982,0.14086731062028887,0.23193587521313233,0.1662497878512348,0.052806996331594726,0.07424523555844194,0.019828566883879926,0.01696113177454498,0.019040191975314855,0.0021628272835131474,0.0023426271614273866,0.00023082770870510926,0.0002876121885827372,0.0016626791581984502,0.008097851725764788,0.006006166629335639,0.0036932755710290246,0.0017763600817639004,0.0005257830081884874,6.511371799971033e-05,1.0395382037759849e-05,8.30776860571939e-05,1.2500724423161156e-05,7.209747241896043e-05,4.4568920909179966e-05,0.00010957032467591966,9.28142617486682e-05,0.00024245415841257304,7.486196717865054e-06,6.868723371272341e-06,4.7951640879280924e-06,2.867587674209843e-06,1.7144963028831176e-06,5.471519418867842e-06,2.881598220742339e-05,0.00010873827479852575,0.00031413426341686366,0.002184434536054688,0.0011613474061971324,0.0006460954597630592,0.0014571353550959915,0.0014515660827082992,0.0011312073872260342,0.0035123030095566767,0.00010351845604972387,0.005352214436372395,0.008698321877378738,0.006576212753093376,0.0031994834473297517,0.00011872967153564214,0.001414532880703163,0.0020854728347664787,0.0007863413156568238,0.0006284700730910882,0.0004064345003721845,0.002002288539551437,0.00330901724439127,0.0020090864658682105,0.003199961137199951,0.0004566278995856217,0.007417141788174199,0.004852764215383511,0.0039557668256334595,0.00335916324932581,0.001021911830042347,0.08078173367348365,0.13756207390696887,0.28605456664034073,0.21634553652892974,0.030963921565131048,0.1921392600996502,0.08599243744575959,0.09523584509942086,0.16844448672979076,0.06337443139585629,0.3049393085462614
1.0999999999999606,0.006175541616983082,0.0016203231724158545,0.002665688253674776,0.004412192567018185,0.010451411838731287,0.07199193329422209,0.08182289705041124,0.055619435485006745,0.021029230244554654,0.005388945509086974,0.005903767234590399,0.008978957379295962,0.015601452169045009,0.002898307706287875,0.0030335443206395063,0.003575754370703513,0.0015861632691331247,0.002539736107471657,0.0020659432723791767,0.0033565322656025067,0.005171855012008638,0.003929636991098829,0.004571692901763553,0.009678645952609704,0.014414860484275177,0.06152131816690242,0.09461505370326176,0.058706706430255245,0.268559670647238,0.269586807477307,0.49537510218193304,0.38218093584282803,0.38972002213611734,0.43894792666684085,0.42033880732513346,0.3995671497737315,0.2345327855664834,0.4373871123110122,0.4751051351171602,0.25950405422829464,0.17890808603065564,0.07833386506549778,0.044260867981644005,0.047838706101906436,0.05785575516922546,0.18418399883662667,0.1980600249744155,0.3053082082544893,0.34017463525072483,0.4734085009653067,0.2898938472937738,0.26454765885937126,0.3227994522072591,0.38472234730168126,0.3616980334475079,0.5545741507991515,0.5301039732507128,0.9427270307348952,0.687329972152561,0.7982450013430287,0.3813287148785395,0.5015452909826245,0.3660323538664275,0.3080539205626592,0.39158214404762637,0.28961996275630214,0.19689995233807864,0.08572469918610656,0.09561617975062289,0.08150366134855581,0.020705586262002494,0.010233913806281638,0.00999336853899378,0.011156106584973133,0.04288423340028671,0.22152467564770567,0.033959505114924564,0.027746708393870143,0.01726597634198798,0.005514431031768381,0.0035302571118764627,0.0012072946252837287,0.0001705316537574014,0.00028361686046674006,0.0009620258537472411,3.175762896997599e-05,6.934681859655063e-06,1.716089560492815e-07,3.225684265746031e-08,2.4544687504729584e-09,1.40778198032882e-09,2.089682083514825e-10,1.585303216929637e-11,6.053447613520777e-14,3.5443756223306325e-17,1.3495815240295617e-18,5.119800926748097e-20,3.723018242620664e-24,5.0255628532672976e-24,2.1645054713664123e-25,1.162674921112607e-27,3.517708408479134e-29,2.7752151973903303e-29,2.4495895215708015e-33,7.70559128888569e-42,8.301672613099891e-48,6.684769694418681e-60,2.312265645212028e-75,3.8422618901160304e-89,1.1683130705645941e-113,2.716720593920208e-146,0.0,1.640928257393948e-145,3.899715732738419e-112,9.7150297449269e-88,1.4319680523496286e-71,5.134512687803203e-62,1.7927966321222143e-51,5.864395687300315e-46,8.740562440806958e-40,2.9279771376996394e-32,9.820335612669836e-29,5.804201088805715e-28,9.418508553721697e-26,1.8696258136991282e-24,2.33642497890546e-22,9.897429394461684e-21,5.61060397554297e-17,4.650835406269047e-14,1.395062745099052e-11,3.2671745794025947e-10,2.9383264006588215e-09,2.6387122141852577e-08,4.7725295858686423e-08,1.5469364313787892e-06,1.0768722621157467e-05,3.620031520510473e-05,0.0002995405203006783,0.002134145957991377,0.0048520310883050635,0.0790198621867309,0.08541949226932234,0.20962630287315512,0.2793098028987704,0.48708754154384004,0.6378200346122945,0.6120473743391197,0.9711996620461072,0.9536677815616683,0.9968749716897948,0.8143208669562962,0.9981155500686193,0.41099543055558463,0.21512345889603693,0.1295636013887591,0.03221319284133078,0.07024282405577924,0.21398820350477255,0.1905452939444507,0.2291175874843317,0.4607004365854736,0.44677812323311716,0.3884253352409986,0.2916808211967432,0.29310403874237634,0.16716652585201786,0.021215360447656997,0.018460938917952894,0.028165291431943358,0.03494864584544297,0.011400793639298646,0.005405817396684196,0.004620617398744388,0.0004372809274840538,0.00038846258171854227,0.00017818577411654962,5.758718511647002e-05,5.246161660804043e-06,1.7447697386153933e-06,5.48513669643056e-07,2.1753214599297258e-07,8.763516091646951e-08,1.4164298980880734e-07,2.25525403435593e-06,1.3434910639418983e-06,0.0001374384678997397,1.0393380657638652e-05,8.309497500630295e-06,2.1408198413458974e-05,3.295879775401671e-05,0.00010391011615521056,4.141913735690762e-06,1.0126141535769391e-05,5.950788580107934e-06,5.755622034011401e-06,8.574954384698035e-07,7.913816496357206e-07,1.8710120165687167e-06,4.246071068217734e-06,4.041706907127669e-06,3.066388219275354e-05,7.297328052134691e-05,0.00012811805978470755,0.00016585174762413977,6.658443157792497e-05,0.0007924653985391256,0.000669450277572937,0.0015004562232271543,0.0008268437745684042,0.0008778511431052745,0.0003808930873308407,0.00017213954320271024,0.0004472904670734158,0.002675255717574522,0.008366073285415877,0.010384868059523595,0.03142373047842996,0.05725188043737369,0.14707310478189675,0.2090762486513552,0.11291434721836807,0.11453362460062289,0.19638572218363104,0.2142456188044087,0.2582098566115403,0.26868239472064503,0.35599512777249803,0.24213859276279995,0.114784752338259,0.10529364360826396,0.03505253522205406,0.025833358725675132,0.03667050705675149,0.005284911201039455,0.004861528687647113,0.00028841469249898325,0.0006147481485736235,0.0027013277381244833,0.010931471343218627,0.008748686090664568,0.004563120447204085,0.0017688896527388177,0.000361758239382557,3.655369145986085e-05,6.171634677058821e-06,6.36087503211304e-05,7.080295470185692e-06,4.943075893485086e-05,2.0553496717313654e-05,6.303616064454486e-05,3.2877953716354016e-05,5.7632987475331715e-05,1.5004045440560863e-06,7.706862579202001e-07,1.2726266253107883e-06,1.8034113746044179e-06,1.045222434948292e-06,3.368308343608624e-06,1.0710541996799186e-05,4.8740953248787886e-05,0.0001675850629889327,0.001046420244772172,0.0005711460860914312,0.00029614041503608354,0.0006471374166587211,0.0010202719647513668,0.0007495010958670568,0.0028035528428698646,5.6284152638040985e-05,0.002846997898756276,0.004601802695262768,0.002937093332473627,0.0013763344673550304,3.87936177977199e-05,0.000433040432657213,0.0005067288195277613,0.00022922829359113705,0.00017198258362765252,0.0001147977960637315,0.0005698830736607597,0.0006998576774234444,0.0006407012357376744,0.000764866493845637,7.832185401391751e-05,0.0020651224708390964,0.0011516868198022123,0.0010411974445225364,0.0008219615506018687,0.0003282508270767879,0.03282199640115763,0.06129470259456394,0.16842253845265998,0.12139617008530397,0.012339479706599042,0.10122257022926075,0.051654735676676,0.049103131569004206,0.09933970524821154,0.026317265153645544,0.16926997943468067
1.1999999999999602,0.004858078915462275,0.0020153884414142575,0.004881009504844916,0.00897590775712489,0.018019289472667073,0.07912187202689178,0.09459086589808686,0.07737732498635211,0.025809121889455958,0.009924542332281593,0.008327255029761258,0.01172642272630514,0.026837240307454532,0.007202855869052313,0.010077385944737583,0.009184983530502051,0.0036414858303202347,0.0058422065864588285,0.00416380436298564,0.007311872922183576,0.010008139097202476,0.0064376902984211205,0.0054947424152698,0.008254125540289642,0.012586088901593396,0.06703402665942501,0.08276505151289336,0.04900113010748837,0.18922605526392436,0.15363305246512798,0.3174222712737784,0.250201535289991,0.25853425315037976,0.307701387078661,0.24074568536210428,0.24482017107746154,0.1156848507859678,0.16381036829087897,0.21236403136931847,0.10726631413601824,0.08600627656789873,0.03565993395399697,0.022268485540416612,0.031374935195487105,0.041231727206221466,0.20174343679986448,0.24902186348241176,0.30211986712970273,0.3921884855860039,0.5045666777146866,0.3266994163993431,0.28329311872793356,0.3370640230224121,0.40897049259314133,0.3416660239257461,0.5658266137536295,0.6004214195442633,0.8412960947321858,0.5112150389786028,0.5900338668887596,0.31907646714408944,0.4791167216078111,0.35270441096146476,0.3389469699537979,0.42262455992959497,0.39014507313525093,0.24435593835917357,0.09042803124423639,0.1154714869070324,0.10049121639404532,0.039447880357787006,0.02343840183442774,0.015044697953095128,0.02557651056343506,0.07672734350759741,0.34201842591946957,0.06799080842502635,0.0441161674974463,0.03053400052418142,0.008596503518921708,0.005280742167521825,0.0017267269857754678,0.00023653209576974702,0.000557818030435791,0.0014463728981236744,5.8788099235784046e-05,8.18085165067792e-06,1.3349045987523214e-07,1.427488839817839e-08,2.2256782066835622e-09,1.2079859477400452e-09,2.677822244707355e-10,5.767594914441803e-11,1.451349039265304e-13,4.325642569213253e-16,4.6066651912542736e-17,3.379617830946259e-18,3.521224815810392e-22,7.119144489878793e-22,8.914129982427151e-23,8.21038738128254e-25,3.0438760631267994e-26,3.792548495261792e-26,3.4284287684585795e-29,2.1305930409536754e-37,3.4019360514604845e-42,3.1439831073269803e-51,7.118475261533796e-62,9.916190384719163e-71,2.80455341404696e-86,2.519458590607469e-107,1.640928257393948e-145,0.0,4.756235952087459e-138,7.300958781917682e-105,1.5366326381225408e-84,1.5693195064210443e-70,9.71808191067516e-59,1.1389763091399693e-50,3.0161783512194e-43,1.2154002917401414e-34,8.528772072700825e-31,9.620507463616361e-30,1.0364765369648278e-26,2.127652504891765e-25,3.2720315981384226e-23,9.55367747430113e-22,7.843791000165754e-18,3.269976587429234e-14,7.315759481084879e-12,1.1960624295841347e-10,3.644760776686895e-09,4.449396637781941e-08,1.5970455021540982e-07,3.961930855614097e-06,2.4463129081855078e-05,9.849275940911633e-05,0.0006368941330707478,0.004631369653012034,0.006667985367053855,0.09762567475578568,0.12050790509412272,0.2875195012028194,0.2770934613545862,0.4811414877063882,0.6425097253325187,0.7318010588503342,0.8965302234439181,0.9878935413914883,0.9795796996828126,0.7671435994464241,0.9573248722807965,0.3957523242291973,0.2195861395299965,0.09971361707619264,0.026004620875437152,0.05912047920221065,0.15719000568096037,0.14692390308582085,0.1704233364811005,0.3700763682411206,0.32681518018579947,0.24550233438125615,0.17864207142567717,0.17901222258710042,0.1007660274750323,0.00801627381224321,0.007410274029087256,0.00893884356393363,0.013296390435309861,0.00362009059567966,0.0016378917566172919,0.0015606686155289148,0.00011079977914865386,5.905073934480908e-05,2.031618674936637e-05,4.18958458768713e-06,5.578771198738169e-07,1.8926022383163273e-07,4.740359408582247e-08,4.086547399513119e-08,1.0626261788415194e-08,4.842629823644768e-08,1.5738814061656995e-06,6.895131463940941e-07,6.521396867229108e-05,5.583985066893128e-06,3.086701072382439e-06,1.4103342628307667e-05,2.091315493543829e-05,5.886811704875823e-05,3.4628070516178825e-06,8.447956651750759e-06,6.430778141954853e-06,7.831835364832233e-06,1.3518099355069213e-06,8.623776746391894e-07,2.0982808996578724e-06,5.13007120002524e-06,2.280778644002649e-06,5.2425716657660963e-05,0.00014069190705463314,0.00023002840188171542,0.0003439166732700216,6.674169852452748e-05,0.00034226084484751426,0.0003074624346839572,0.00046588677307151207,0.00016482362125690156,0.00025452405098553107,8.133395512611668e-05,6.575209304882473e-05,0.00020561373496222007,0.0015067582726727856,0.004960185918633123,0.007008091550351448,0.02268131541108526,0.04947019071305558,0.16445672867411812,0.23870891210362066,0.13681318639140233,0.15850254897001734,0.22943381955027262,0.27230230727476207,0.3267419494700004,0.28718661828130654,0.3835313133638189,0.2672845552327929,0.1339320497377,0.14221830339045616,0.04581970065385331,0.03349859550194495,0.036492794766808306,0.00634459823991466,0.008481968314309097,0.0006834283198049837,0.0011679208982368085,0.003322465195024086,0.0195350670873618,0.01499783047762592,0.006128264234200101,0.0027793158469940266,0.0004305502270204787,5.8374388985009575e-05,6.526058512807279e-06,5.2140090010934096e-05,7.632297290739048e-06,4.4719442940474985e-05,2.4283779098006956e-05,6.0424817648958864e-05,2.8242106584863258e-05,8.025305271731945e-05,6.870574646302502e-06,5.244189060407435e-06,6.217401809355397e-06,9.021526026077796e-06,8.38974632242217e-06,1.2357192382143455e-05,4.3664588325729104e-05,0.000144840412338865,0.0004745122148996953,0.0025567402788837317,0.0022693892571593243,0.0012053790047056663,0.002892606659880061,0.006353210032267962,0.0025469544364624132,0.010708555475828723,0.0003665508417548332,0.012466613564778045,0.017594144966516335,0.014834140550203087,0.005614336332962021,0.00021573309036457025,0.002922271494549622,0.0047129488065447275,0.002484420618466291,0.0014488466604908054,0.0010036519513165107,0.002596002055890904,0.0031537499856644,0.0025217049161602024,0.0025657870394715262,0.0002743485194831216,0.005392927668602788,0.003313741700833999,0.003143272411406221,0.003431285696438356,0.0012521746223510292,0.07167139318375586,0.12897680230923014,0.31106972886056844,0.26540466289833625,0.043265535126205776,0.20251322220141033,0.1207173960201671,0.08971750777232292,0.13977847766528353,0.037528126141119646,0.18354764189010486
1.2999999999999599,0.0002588478167643252,0.00010845376308349505,0.00032285953546779336,0.0008048629697439699,0.002133907269524516,0.014771033526028121,0.022028140490851802,0.020517156866912672,0.009532279104937277,0.0037501013779524944,0.004564189652238591,0.005556553069375975,0.013800338056621496,0.0035245912413382624,0.0044726680713324295,0.004530344370756434,0.0018567036458154854,0.0033588958117102196,0.0028626126836673155,0.002579946854678281,0.0045432485660178235,0.0031918236289723585,0.0049079032208221894,0.007493770926006951,0.011850205986928791,0.05537285610759779,0.07532730107748266,0.05120893866486341,0.1367183128903001,0.15533745700728188,0.3156334580003189,0.2575381545146866,0.2964128716678004,0.2541866625240979,0.2613278145861862,0.2588475868723666,0.11139503587410575,0.16878714345458604,0.17609677666485707,0.10199164828785666,0.07501637657633993,0.031186273828731337,0.024658485731484582,0.05318072757012734,0.05548869278173164,0.23376010746208503,0.2858508369558839,0.4318321639306529,0.5872728455922509,0.6456818588690199,0.4901807541003764,0.44744649544945675,0.48476774672888057,0.4471379738997671,0.3853221897235609,0.5764736252115489,0.5283610615181331,0.9288342403079786,0.691248024814694,0.8774144403795584,0.48113370011258155,0.756420410968482,0.654927617984571,0.5808356284502332,0.7196123199063453,0.549144634017956,0.4437315391273364,0.2837617328299639,0.2813165219285713,0.325396361531461,0.13947391709818419,0.07950012231727646,0.04478647122107771,0.060743465390545925,0.10991500244699604,0.3589995943923737,0.055113037434260215,0.035517920747090495,0.02210840676032608,0.006160407257109147,0.0040066819437316785,0.0011096043577667426,0.0002258691862752728,0.00037420143061415464,0.0013024971493430617,6.484064341581583e-05,1.6832863946513906e-05,3.9064577866764456e-07,4.922948728911764e-08,3.256766186287807e-08,1.4258007843565706e-08,2.365327065970052e-09,4.064883314246647e-10,8.534487100459832e-13,3.690013222693716e-15,1.6908310894608093e-16,8.213322394769873e-18,1.6912961358757717e-21,7.803186792239923e-21,2.202320755356176e-21,4.5194881161518195e-23,4.7839281288161964e-24,5.208261415377356e-23,8.900546615974252e-26,4.717367233250291e-33,1.4011441655671382e-36,1.5756786356143006e-42,3.36186591573914e-50,2.6311940057946636e-59,3.1979824690165934e-70,8.362400760180764e-87,3.899715732738419e-112,4.756235952087459e-138,0.0,1.2080330094225375e-144,1.875139384604326e-105,1.3185554487062539e-87,4.318346097328856e-71,8.242057060277999e-63,1.1897892469288187e-51,8.746758315055975e-41,1.8161637173816095e-35,9.47087113169625e-34,6.039504774427177e-31,2.747729367208034e-29,8.101586207315499e-26,1.0564359208780111e-23,1.3858434562485456e-18,4.1801393477738805e-15,6.0468040661991525e-12,3.9002762853216085e-10,4.932978889935663e-09,4.973378447319022e-08,6.581740022773531e-08,1.7119231891382775e-06,5.104970013774668e-06,2.7066008963040723e-05,0.0003518771205337869,0.0021525211977922345,0.003795104632707094,0.08822223325577734,0.1279286704763435,0.24154984326942058,0.1905443544081205,0.3685118216309382,0.530368462066798,0.5475684822508593,0.9787874289314278,0.825933583474655,0.8308902110513556,0.9850327010737243,0.8313516031655362,0.4428578017238719,0.3667916722980081,0.13789689932138144,0.040742835988070256,0.06140807116820795,0.1270323421284805,0.14856255631208562,0.18871926281373794,0.37348747228793555,0.31053311977490067,0.1935390567738688,0.16212201568252296,0.12850215038127374,0.055890540635517245,0.0038600818532610933,0.005056146996549436,0.011096640202282878,0.013944251553299508,0.004142061432014934,0.0011463679630615072,0.0012743587247945757,0.00014422092859127353,0.00018181687974747933,4.8256808101759086e-05,9.874405699203824e-06,1.910780031226038e-06,2.7972879106202863e-07,1.1592630569422759e-07,2.1070164383617396e-07,4.31100348058753e-08,2.087316128874119e-07,1.056232436376902e-05,4.729809547732764e-06,0.0005735354815314428,6.596935466774166e-05,2.6315547213845998e-05,0.0001763819280754601,8.35081794774255e-05,0.0002832718779747308,1.1037649015671863e-05,2.3362698074360972e-05,2.2230853950435642e-05,3.065830091607083e-05,9.99059972046362e-06,6.167116651005583e-06,1.882188895467926e-05,4.4533625203918085e-05,2.1598661106013455e-05,0.0001747348111661832,0.0006921297979584056,0.0011250084127129008,0.001672846204419355,0.0003906424117334075,0.0007265561690904071,0.0012350065748391226,0.0023385894639751854,0.0010574528838445427,0.0016566974501951788,0.000561163779628803,0.00035404089880859766,0.0009813175536866276,0.005583501661219036,0.016183898467395572,0.02072705035986558,0.055630114545861906,0.1260110794341589,0.23688708313865073,0.36274751240888414,0.21332237869114037,0.2024470226043634,0.22610699788403377,0.231249073264601,0.26416355652738094,0.22250526535119344,0.39300743433566715,0.2781111531205112,0.16019001197143895,0.18393849900207182,0.06747770850134588,0.055610501923267205,0.07278485095670748,0.017793190557246104,0.02578523780404256,0.0024990131798339307,0.004312635935288108,0.009647116014266441,0.036707225787218134,0.03599150767957042,0.015276171687062435,0.006443292432016676,0.001811294842258746,0.00013036291526372968,1.519805766552611e-05,7.206036556229308e-05,7.818170355128177e-06,4.774525685309604e-05,2.1326825335826638e-05,6.953904764802885e-05,5.069503425807626e-05,7.574155065838313e-05,7.549417899986418e-06,7.5790826629672904e-06,1.153181130284678e-05,2.715823189505913e-05,2.3209462833199518e-05,3.42123249771963e-05,0.0001560721172208373,0.0005448687954738235,0.001127704146524917,0.004295237196184867,0.0034409576069091533,0.0013225251254881346,0.0025553583247265362,0.002606240842338483,0.000621915639140449,0.0025054161705141027,3.823867171492921e-05,0.002046378957767107,0.003483695280829334,0.0019907537463967925,0.0014396680845264154,3.848300791349212e-05,0.00034068564201928666,0.0005668444198924334,0.0002820021843704079,0.00016900399771623573,0.00012090838065834892,0.0006887195242517516,0.0014595429331616934,0.0014297505618231414,0.002629513790185732,0.00037063691789094915,0.006017894691089333,0.00535623930420596,0.004813609174990118,0.006256248650565263,0.0023166730945232993,0.0869262703816113,0.14143095873425723,0.23694186580319457,0.1723475196944475,0.018744561289941022,0.10816335045654138,0.060547079772138857,0.040737391223988964,0.06769954328364894,0.011623008879024397,0.07731725060923651
1.3999999999999595,0.00019913181747547443,8.08052381776107e-05,0.00031256196194222747,0.0009326024958807404,0.002709905469502811,0.017326471180798438,0.0275249691090275,0.041957461871644904,0.018106949688214923,0.010649873899273318,0.00848051217510996,0.007745258769398333,0.020906229069115462,0.0045722384694987265,0.01247712187721049,0.008433892387976608,0.0033009559842053318,0.006368187543200423,0.0028148306423948833,0.004432133973501407,0.007625206019970371,0.007755319241036826,0.008211238607770458,0.011895212207056234,0.01530978101272738,0.04077471111779257,0.0614567648345819,0.03520882496318965,0.17146555004022462,0.11244264559683428,0.2669494282427575,0.22109859735192075,0.23440697819854106,0.23086980519631056,0.15136878254051714,0.22460354773648447,0.0810331108560232,0.11097532770061479,0.1795722498680104,0.07625443257630121,0.06380125540660969,0.023924977705674935,0.01796049404071261,0.036334646222980944,0.038781353374231914,0.18207150860055843,0.21568397002559128,0.26472001357542374,0.36570712891817597,0.3926667552515435,0.29026957371980383,0.24514154951872,0.2447524462199645,0.24229872133292157,0.2064341280265888,0.3922777901481002,0.3471246254219205,0.888313306524713,0.9402469496670401,0.961736799657889,0.661589630450121,0.9761521152504418,0.7670894421064642,0.7529963651128267,0.8865903819104611,0.7563861704533547,0.696289609156706,0.44122303646091715,0.5740195359359977,0.5736734472229497,0.3286299167141676,0.1966798844395861,0.10847634154196902,0.16584267963898827,0.19151214018676943,0.6083010551037834,0.14014060031047884,0.0765865156100927,0.048234520849387466,0.009566905621267522,0.004956068972449195,0.001279521603090753,0.00014479633601343714,0.0005865734170355406,0.001322301665321619,7.967409182466641e-05,2.288290210065265e-05,4.084936989802244e-07,6.569702598201172e-08,3.6869522806238926e-08,2.018729742529086e-08,4.50402912358459e-09,1.0055360069931021e-09,2.5416555749667235e-12,2.3186843347752083e-14,3.782568797105213e-16,1.7206871100066153e-17,4.2141589059740205e-21,1.4311973271512276e-20,8.811743369503174e-21,1.509699778121378e-22,3.882382080825063e-23,1.691857641595772e-22,7.967135937043517e-25,2.6347391437517945e-32,9.801766412425502e-35,1.7318424919009225e-39,9.705695702083335e-46,2.685278985253629e-51,8.88710186723448e-60,1.0629706769953372e-69,9.7150297449269e-88,7.300958781917682e-105,1.2080330094225375e-144,0.0,1.8630538561796988e-139,6.6662513420229645e-112,3.300984695875127e-85,3.2003730276267956e-72,2.802411517920173e-60,3.9374585402825964e-47,5.749040858646015e-40,6.031203814176425e-38,4.374149492456437e-35,7.561045536904567e-33,3.944599874089766e-28,5.920349649258021e-26,4.046723345332154e-21,6.317255608732932e-17,1.3322295340907194e-13,1.733798930495772e-11,4.928381589461352e-10,5.914290955586463e-09,7.691795142647175e-09,3.740181386098891e-07,1.0810593615484663e-06,7.10782729313548e-06,0.00011299620298382415,0.0012811702890998405,0.0023361931253302994,0.03907369247725932,0.04836798399228268,0.12716001964315643,0.09053742498072624,0.187183239496037,0.24995691444961374,0.2597958665117432,0.515821685323402,0.5216751857011739,0.3784043215353225,0.6676684680006234,0.4930124850414408,0.8774861593144482,0.6996992177201453,0.42171703902766194,0.17517846112914162,0.21069121032247448,0.3608022269526836,0.34909191483383306,0.42735442584691435,0.6124192747153703,0.38143878479560694,0.22167453123776162,0.10904107365934738,0.10016588156591542,0.04052476960732061,0.0021846849070509995,0.002287519736195923,0.0053272628160496065,0.007630520650822029,0.002996822251653933,0.001148803057077462,0.001666107106173713,0.0002024148955364455,0.00016914911748704294,7.732965113164185e-05,1.6594970999048267e-05,2.543917543922089e-06,3.886140122192938e-07,9.193705412823659e-08,1.726426116241152e-07,3.4294714386255175e-08,1.4764785254005822e-07,5.1301425291259816e-06,1.7996197286651401e-06,0.0002615323449348823,4.2479363875112134e-05,1.2839667098307802e-05,8.501912477168465e-05,3.216521019136158e-05,0.00010189493104007176,4.5761683649984345e-06,1.0211498752213518e-05,9.360600281262269e-06,1.1542484834587358e-05,5.435945733209275e-06,3.176608532376942e-06,6.053118805256969e-06,1.1499180883812612e-05,2.340972718656095e-06,2.4663731867570695e-05,7.237087439911361e-05,0.00013424834036525427,0.00018811422533227185,3.787041466965626e-05,0.00011764840384392665,0.00020893024606478196,0.0004411840507263413,0.00025494130540405416,0.00024195867086082123,6.232186060108908e-05,5.153621846148429e-05,0.0001987591491804669,0.001343168930912091,0.006835498747872808,0.012777138198886474,0.044427369412699,0.08476792770067867,0.17022116290036388,0.29226410621485854,0.1621525178690256,0.13510167290879208,0.12039353635256785,0.11487834716390265,0.1593973617104846,0.12662291979219809,0.26601223867010093,0.24305513239937657,0.1433548191328401,0.19445873829965477,0.08458632647700069,0.0784518866539666,0.05438897215598845,0.027757743465933512,0.045300775921352385,0.005510543343004182,0.010071192594517771,0.02112841811733407,0.07946909851412116,0.08223285567238983,0.03693963040000541,0.019050380476409647,0.005334750903450916,0.00036726547582338447,7.11615231757085e-05,0.0003273780068178943,5.058879984646062e-05,0.000189396628117382,8.318770405484368e-05,0.00020745326154118557,0.00013785176927767978,0.0002240242638050441,2.6120760289665833e-05,9.271061198162091e-06,1.2741158252795222e-05,3.103095739662961e-05,1.525944413638654e-05,1.7215743035690133e-05,6.739259978484589e-05,0.00032733910786382286,0.000659601269155237,0.0021782202098726187,0.0016241477438417777,0.0005067143048244226,0.001064683592990246,0.0016148881320050426,0.00037166313300841927,0.0014362553699013945,1.7256051066452904e-05,0.0009035463567448502,0.002255973106122877,0.0036756580332172437,0.002868139444849888,4.297667993913803e-05,0.0006729258811954347,0.0009166965775889834,0.0004784687724174437,0.0001643188029848772,0.00012977905431682866,0.0008971977144554063,0.002629092669612853,0.0032857674085547462,0.007011390154855662,0.0008356215477104161,0.012154951072968939,0.010108950657156326,0.010435114995902611,0.017792549711631463,0.007009882768322832,0.15569371775391025,0.2454364590624176,0.33565870034822387,0.2613383396272658,0.037648779761182,0.16036239019878973,0.14180470000838025,0.08475324192153726,0.12445986439095576,0.023356037040380397,0.10387515227941724
1.4999999999999591,0.00038211746915808707,0.00016427778244646366,0.0005759695417506828,0.0015266245275982085,0.004255520553233443,0.02079097691084698,0.028091900218899648,0.03200554768738873,0.014429236480894362,0.0057035935258053306,0.005545395613788428,0.0035019971340494874,0.010203795538551752,0.0024191731400086272,0.0047926089293094465,0.0054415889302194854,0.003329423422450709,0.006338687819837074,0.004111936873360553,0.00785779897782836,0.015205358418652492,0.012418791316823191,0.020100266193446046,0.025410343840408783,0.028923029098450917,0.06568835684649144,0.09426653222005325,0.06251049349394994,0.2298094950376375,0.18433592165779983,0.36775856974408455,0.281403485800351,0.33525351302254874,0.32505267232718815,0.23977282324617816,0.3164663019910136,0.15315696172027732,0.21925550211973838,0.310296098141859,0.16600276620186588,0.10210720054867835,0.037437840689768784,0.03151850095211547,0.07616533665704417,0.0897736026137744,0.33586663577710835,0.32688844104915904,0.42604288781928534,0.4771411302355905,0.46162194281448976,0.2958539273219317,0.22791774107681545,0.19223367573876973,0.2048777969471958,0.17780669958739592,0.37115330555402326,0.2882463075221269,0.8272621738925986,0.9542610717508873,0.8327588966711269,0.6592929943942141,0.9957653835165943,0.829561153018038,0.7761584691692711,0.9759886051249663,0.7610485863290922,0.6783119447416441,0.502212374737935,0.6395055841689988,0.7184664827586423,0.37446247325751975,0.25710899503517226,0.147997139295374,0.16738186765993074,0.25136660736254685,0.6917152574423312,0.15971063557492812,0.11591703446762465,0.06128784769575456,0.015111330959069509,0.005076571437130751,0.0015014689488476148,0.00019658548395239657,0.0006472449469461927,0.0017586456382272094,0.00014360439503290507,3.1299900408664e-05,1.05287392590425e-06,6.280175095956578e-08,4.342922969551404e-08,1.4136540414829253e-08,2.474406163106574e-09,7.611649599397475e-10,3.6346210844136526e-12,5.561335739207707e-14,3.427029910415568e-16,1.0923006113815555e-16,4.980008480676539e-20,9.8769574379635e-20,1.0820978479902342e-19,2.250853999183848e-22,2.8729272152551593e-22,6.220189967945858e-21,2.4141117861878979e-23,2.883072060148726e-30,5.888518390923339e-33,2.3094749083733906e-37,1.0328284894470389e-41,1.555308923220724e-45,2.3541640035439256e-51,3.430732809877219e-60,1.4319680523496286e-71,1.5366326381225408e-84,1.875139384604326e-105,1.8630538561796988e-139,0.0,1.4473859473384065e-149,9.301326415748329e-106,7.417580903141722e-83,2.5221641748425347e-69,4.8876143510531404e-54,8.395755951224157e-45,4.014717572157715e-43,5.8820461526966185e-40,1.2685835104615963e-36,1.1877097922344456e-31,2.265132641904488e-28,2.3201645696330197e-22,2.2665666336578223e-18,1.202502329590346e-14,2.745634371724503e-12,5.197808384793292e-11,2.397231352114865e-09,4.858131822609698e-09,4.134047035751679e-07,1.4771723539549587e-06,5.017920119893487e-06,8.43139134881382e-05,0.0007564636950199977,0.0009979809792730677,0.022342569228456875,0.023386338121330893,0.038025850492616455,0.032190804720792734,0.05121858006461729,0.11606016154891652,0.15012029573040025,0.40418675998448605,0.4657777302998384,0.3251285472803411,0.5230959176535284,0.4183780559512958,0.8831673244092635,0.6630099019345713,0.368805707540164,0.1686078937301238,0.1721419326292277,0.22785860072485242,0.23294379310859334,0.2961492135962815,0.41365416080610234,0.2718310527312072,0.1239272210603394,0.08440888949922082,0.08826604029920983,0.03473358713604157,0.0016810875841986113,0.001917478278543956,0.004730537648715433,0.007953419609340399,0.0021426822975740395,0.000564140557410137,0.0006002086605839021,8.163961734161096e-05,4.9640368171160983e-05,1.037690665031222e-05,3.6387267809478893e-06,3.734399734784719e-07,5.2021302435897e-08,2.4765886629197826e-08,4.411600661966884e-08,2.139402296852752e-08,1.366576327688544e-07,7.279455125249586e-06,1.9345290988000393e-06,0.0002976723099276515,4.68631019396204e-05,1.947735662234798e-05,0.0001878415170329748,8.321042019192508e-05,0.00028212621642783567,1.6694057348721878e-05,3.9326037925023727e-05,3.001899116100862e-05,2.4364371434670716e-05,1.2520394419436551e-05,8.313403914571486e-06,1.6158967044464404e-05,4.504478021842822e-05,1.0253316619199254e-05,8.042200160101035e-05,0.00019482089252733994,0.00026046674170313277,0.0003519788502232935,5.183830558115209e-05,0.0001257153027982743,0.00016547608789561368,0.0005568475321379213,0.0005039664131414298,0.0005741000936312461,0.00022569390912195814,0.00012985310397862503,0.0005510487391980011,0.0026391692167326876,0.007731602621298406,0.013572839797367668,0.06640539532828371,0.11159815470312963,0.21933057226693892,0.39931086055242093,0.2077453454566927,0.17149438598063232,0.13664135023278903,0.13572932791260303,0.1084264042765221,0.07574526642497308,0.15743586635504664,0.13382254499103213,0.060720493103301965,0.08306593195465295,0.03241856295406508,0.02512300889082208,0.03278798086210036,0.010214172337614935,0.020484438568620075,0.0025359018680254906,0.003147862101336711,0.006550975698360231,0.02342788905562929,0.026966469169098672,0.01586946037603469,0.0064265747769726034,0.0012247491292895832,8.931928139905906e-05,2.1237197822819913e-05,0.00015336886593215213,3.327472164013744e-05,0.00024846794179605135,0.00018415232618487691,0.00040984296021280954,0.0004459239355070342,0.0009089320423690042,0.00018487165665553252,0.0001365083862467369,0.00019651872794723902,0.0006951447894458674,0.0002506198858691592,0.0001492884146256086,0.0005704988147064986,0.002071130421847116,0.0033815741842549074,0.006323581187121903,0.004311341658574868,0.001601544753364389,0.002782681322934988,0.004503146959153134,0.0026062319679383454,0.006118805276132854,8.293397840556566e-05,0.0020082099876912074,0.002269936037541021,0.0023686978554986866,0.0016371112316990173,2.554507242343343e-05,0.00028519031174459867,0.00027047522656619105,8.673174104481073e-05,2.5137077828201423e-05,3.367342588795261e-05,0.00022840392753048838,0.0005052646717378518,0.0005236851366216237,0.0007241442990210862,7.472768304949029e-05,0.001703580586344547,0.0015316124520942229,0.0019270831234497313,0.0036471904436168063,0.0013629114668903379,0.051197206186983896,0.04762698017243986,0.0842558356521106,0.059245112908826884,0.0040113352505497454,0.02494042065951661,0.024682964052681916,0.020922734803242606,0.03364358594455728,0.00564327809002643,0.02607105201495537
1.5999999999999588,0.0008866097691498464,0.0004613725243776179,0.001283962594016062,0.003376413107835774,0.007450489708397051,0.02027793981876142,0.033158033121990046,0.031709644539919354,0.01606762529889383,0.006409172678012575,0.005885471138625038,0.003648121876724989,0.010171516562757468,0.002196444027425262,0.005014266239838878,0.004668815246995312,0.0019070481143236867,0.002921597533316069,0.0010264948344921464,0.0014775601717848578,0.0017107094210806614,0.0015489471178290336,0.002238908923386048,0.0027745248080117226,0.0033286433885698764,0.009609083263802425,0.018059899303093034,0.012189898710363745,0.052590353515526815,0.043655136124435376,0.125358748524352,0.10867183880487535,0.14019155207715428,0.12789311455510025,0.09062308395663811,0.12918149513160299,0.06762139575564557,0.11315695556287023,0.1739255361046946,0.11785849895170822,0.07504042898717513,0.025885932636333087,0.022193760070730695,0.04706625930246416,0.06097208185973244,0.22225838737659526,0.2270686359691336,0.3170927862011328,0.429471733137159,0.41073347032852464,0.2726435984248516,0.17228317615053548,0.13865024862990777,0.13702050607439084,0.11812266165199875,0.33074494073831445,0.2884619222603367,0.9164792504785827,0.9957385388700493,0.9189055040501264,0.5408450913186744,0.8118734282554538,0.6518686530824663,0.6127101953914246,0.8157818992854315,0.6412750616940789,0.5590430740344141,0.394849491722602,0.5343754398747924,0.5896736631499506,0.34171498718351667,0.24141494632874494,0.21743355836700026,0.2228135116097094,0.24555249100544893,0.6798650555795694,0.1259142074529654,0.09701169553608671,0.04256983907782951,0.011109762997864134,0.00392691029864169,0.0011466390695296358,0.00020094692579860143,0.0005722112361408242,0.001592479365548736,0.00013056237950517734,3.431911487126869e-05,1.2834222101962122e-06,1.0061517150076928e-07,8.650273455450921e-08,2.4943938138932834e-08,1.16094940292465e-08,2.5314888877842165e-09,1.622687188780821e-11,2.8322626141924694e-13,2.965160000081933e-15,1.2842984075352744e-15,1.629858824409103e-18,2.010673755622064e-18,3.116371123530342e-18,3.494137466314802e-20,1.6527310014920376e-20,3.0639083353133225e-19,1.005126260465995e-21,5.453298283642932e-28,1.122670792534326e-29,6.179287395524248e-34,6.679098971726712e-38,3.76068765594647e-40,2.699603631690522e-45,5.048770251647926e-53,5.134512687803203e-62,1.5693195064210443e-70,1.3185554487062539e-87,6.6662513420229645e-112,1.4473859473384065e-149,0.0,2.1832580391845945e-145,8.628492593082404e-105,3.8083116738532946e-83,4.86491196983654e-64,9.084065427874694e-52,6.147325109873541e-50,1.911119931002317e-46,1.644834173830436e-42,1.2282365726412906e-36,3.1338381342940817e-32,1.0504795911258048e-25,7.40433626304152e-21,1.22782722091081e-16,3.5011867297282976e-14,2.2797590186836923e-12,1.6359158273854746e-10,4.849331803194893e-10,6.684391461851507e-08,1.922477758736786e-07,1.0043800740212432e-06,2.7939329751164418e-05,0.0004187886940479458,0.0005080216055035667,0.008162644630707634,0.00979829209009334,0.018307218970267998,0.01860550496890693,0.03891440582502669,0.08156327394557779,0.1099072376262678,0.2910636911992814,0.33002699014606984,0.2528968703159221,0.367695152028238,0.3237955058630323,0.9147244488451198,0.8732471000134762,0.5089589438689968,0.2784895501747194,0.2246367443678502,0.2620213351658704,0.24738981928218234,0.3517098434154786,0.5406022765731288,0.3121180046931296,0.17754239305656713,0.11414768319440195,0.1279101989313418,0.05676787341020918,0.0031031310449893706,0.0049783959184084535,0.01019729584600748,0.012534982926969333,0.0035722196611773175,0.0009318131687571626,0.001119682666494463,0.00019313999242897992,0.00021277126415569807,6.83080532323144e-05,1.77906447438407e-05,1.5876579642106065e-06,3.095111856375048e-07,1.4947289299175889e-07,2.8755827456976735e-07,1.432639811309044e-07,4.2382403058010984e-07,1.6389801035832034e-05,5.248359963068636e-06,0.00042551945174334067,7.379544773403285e-05,3.562563498142563e-05,0.0002459637138259158,8.278596266768258e-05,0.00025162877851901466,1.324966900028107e-05,3.102918750440314e-05,1.8165717394190215e-05,1.1920932883213125e-05,6.046760531688077e-06,2.772578548057571e-06,6.088383403956985e-06,1.2846257698613629e-05,6.210754582615267e-06,5.109324385189036e-05,0.00014689643764331673,0.000291013322126662,0.00032473106851657813,8.117711765850028e-05,0.0002358640840098908,0.00041640863801736247,0.0010994027722868915,0.0008205693976255468,0.0013452487163603131,0.0006739289990804327,0.0003977505611326801,0.0014394178973923667,0.004629463015110549,0.011087521871774164,0.015399746439389772,0.0892638783814382,0.13974550501789704,0.28127680269634386,0.4378273484515578,0.23818960394644298,0.20200312114352195,0.15015765247802815,0.13391436566391618,0.11910326937662935,0.06356086803403405,0.18359320184067393,0.1718997045855419,0.08159879450150855,0.07967555815666165,0.028900564097908213,0.037414838169111904,0.030105768263119358,0.0142895688826455,0.030356641836442422,0.003673999022497528,0.004278017483560438,0.008177147698569077,0.02280039284763551,0.023600052504676197,0.015157889448507749,0.008149513897543455,0.0013693217985805278,0.00010152155199433776,1.9336515706535522e-05,0.00011931065983610123,2.569126747127828e-05,0.0002973005328315235,0.00021118147143815532,0.0006062120393930072,0.00042837661036776523,0.0008815136617296587,0.00013542291898925365,0.00011136396464479499,0.0001501139938587767,0.00045787770802388364,0.00013411131724065515,6.653302279258663e-05,0.00019217142606729276,0.0004972607637592075,0.001156086355311588,0.002947646108218843,0.0020297165753388998,0.0010555571884513083,0.002560876679313987,0.0036393175138649835,0.0026404093552729636,0.007523878878810193,0.00016918337753026716,0.002942568419568384,0.0041865157499835675,0.0058686080879477255,0.0033805472471118087,6.047545571991945e-05,0.0004093621235974906,0.0002551874900216786,6.228679553022654e-05,1.8934292759875995e-05,1.849466837888373e-05,0.00020842797036745088,0.0003125056982622522,0.00032565318234061593,0.0003582215435848204,3.4671054398751936e-05,0.0013547032444523723,0.0020471294882571495,0.0023155474934675605,0.004930879339559536,0.0021721335048968033,0.077829689893748,0.07966133122571081,0.10089898352191541,0.06816228488902402,0.004327388176390973,0.026909315087173646,0.025906831015261724,0.018329475985826352,0.03058416715950879,0.005415258767661119,0.022520214455891505
1.6999999999999584,0.0007684262012999516,0.0007015507060011935,0.0016540764314545927,0.005614802692059927,0.012254651309625986,0.01977585447686149,0.04812699748148597,0.04687061391411905,0.02060667852719785,0.009479202633937391,0.006138161676974982,0.0036069582049890964,0.011207482143885653,0.002218712742461498,0.008249112767641552,0.007482745226418849,0.0024296562213986374,0.0036389075560356696,0.0013358956253425832,0.0017142081217116814,0.0016294334676967047,0.0012464349423907289,0.0011659657914525016,0.0026363801616065136,0.002783120393086747,0.013577107632136504,0.019894005514272277,0.011586792224236798,0.049220936490297955,0.03210905903405976,0.11981757502157331,0.1027378052990623,0.14644131014654788,0.15434315519124778,0.09989120583918007,0.16298574286685102,0.0689666571919023,0.08938340298848362,0.17033201057730876,0.12878130363227983,0.07774507720187673,0.02292559883886746,0.01542761223227816,0.023708848540624,0.02190800448082914,0.10850514791661202,0.11333997328383102,0.17470355260305528,0.263936729769554,0.22339564850080929,0.14262361815106825,0.06871798760394261,0.040741000200027556,0.04430552210393393,0.03278680714189134,0.1579818046412635,0.17152174155230138,0.6147346588142555,0.7521611249595076,0.7900966137872637,0.7175202544374961,0.9597715506374125,0.8100003687570206,0.8414649643219871,0.9883118924952558,0.8432252774986246,0.6408135711026908,0.34441769307245523,0.5611102808181118,0.5108411284419735,0.42796123338776587,0.3060094695943448,0.26786925082420315,0.24527187022670027,0.21884922135766002,0.6815506765195006,0.12156051792211005,0.0875129177540307,0.04383072183300543,0.014938325730710515,0.005884650710235016,0.001795976890269923,0.00034018397259678087,0.0011157420630925846,0.002341993186870902,0.0002865144201296895,6.795730909660308e-05,2.4583363067044002e-06,1.5745845957847276e-07,2.5168546934092507e-07,6.207266595065434e-08,4.3519728108552653e-08,2.06970268573318e-08,1.0749136188918663e-10,2.9502745784927907e-12,6.754686573143257e-14,5.3932627363052757e-14,5.930876309409991e-17,1.458218230672069e-16,6.652232053922849e-17,4.69094859851572e-18,2.5974264057452823e-18,1.7032826428920835e-17,4.348246261180433e-19,2.728279696927257e-25,2.218060413226576e-25,5.0448992621263894e-29,2.42698374053435e-32,1.208355112711504e-33,2.2178626163981785e-38,9.21203510442391e-44,1.7927966321222143e-51,9.71808191067516e-59,4.318346097328856e-71,3.300984695875127e-85,9.301326415748329e-106,2.1832580391845945e-145,0.0,2.0000965269573504e-145,2.3101001021637727e-109,4.6244423894031933e-79,1.2721072451318013e-62,6.1023175789654956e-58,1.6159213171999283e-52,1.4058314162054753e-47,2.004634541398665e-40,8.165874837467236e-36,8.120545409312065e-29,3.513856132191967e-23,6.823815569734569e-19,4.231578265149673e-16,8.480234239914615e-14,5.175035969352059e-12,3.5928565026725615e-11,6.735402989656824e-09,3.882379664291694e-08,8.809309851010357e-08,3.0008527466817525e-06,7.988866146785634e-05,0.00014919983193917123,0.002536435472005232,0.002880685340597545,0.007887247468825383,0.006899919958293667,0.029031754245924128,0.048572305409685504,0.07692887222552991,0.22355621716940982,0.2652203526315623,0.1298687465502608,0.23792466310785565,0.21587687391941845,0.6472370453795773,0.9201834303776706,0.5746572604585944,0.2987935916699956,0.26569287400973146,0.25066922612309456,0.2242023170179449,0.33634458261984973,0.5250626836066992,0.27622109660037947,0.1868935285095087,0.10275776857903864,0.10175582509834842,0.06291917309780813,0.003926948982826364,0.00719283473298409,0.011365344687969953,0.013217515075132576,0.003451332741209222,0.0006192520773446935,0.0012257169963361882,0.00022246983707612517,0.00027234480830268926,0.00011952427200607338,5.119452521289535e-05,4.871225240542712e-06,6.120621071293764e-07,3.339855636263315e-07,1.4661274984407975e-06,1.1219185161421252e-06,3.1571260587849163e-06,5.318874134857245e-05,1.7156925567443374e-05,0.0007303656963892357,0.00022851530134820257,0.0001420753836635691,0.0008836804914607786,0.00034312448029784576,0.0005531256932809121,5.7310895563479696e-05,7.04384912973505e-05,4.4242927008559854e-05,4.151584233283807e-05,1.869664695087342e-05,1.1662068822270504e-05,3.002070532665034e-05,4.760301815757622e-05,4.498925444447312e-05,0.0002855466189415434,0.0005426383654609882,0.0008784147076411438,0.0008778640222039856,0.00019878887982262747,0.00043527782538362573,0.0008802267076103973,0.0021038105435903427,0.0009709102474580512,0.0016433676638069278,0.0007945965659764403,0.0007998888248719975,0.002721893396844368,0.007262303866596036,0.020131376161322847,0.024367406381132106,0.08998340136625678,0.15153007510938976,0.23827416527199166,0.2809167681288364,0.1263890368838506,0.12603124769077495,0.0899404581089576,0.07384313592774291,0.05418701317526053,0.02099976863830633,0.07334578074755678,0.07330281591218482,0.050334514023239754,0.04646525156259455,0.012865366285530793,0.022756487696873273,0.014775839776507536,0.008725017440013312,0.029869101380520232,0.002725413431728377,0.0026010887810835725,0.003796722631672642,0.01243664586555862,0.010803671227562213,0.00552956726339717,0.001981539766203853,0.00024197855009847082,1.4593372821542626e-05,3.156994344489185e-06,2.018895731370903e-05,4.992341555194814e-06,0.00010391632225397281,9.985184593027546e-05,0.0003069995272605264,0.00020084748665538551,0.00043852840380343095,8.101590518432414e-05,7.908843111300364e-05,0.00013190069161281333,0.00047421976093282094,0.0001388434294677233,6.214595852402828e-05,0.00016569850150698,0.0003994852510783472,0.000958769004247188,0.0029050066729170046,0.0023548718167042456,0.0014797339348911784,0.004309886807140272,0.007225812867011964,0.00637014463545089,0.02136911424345062,0.0007864517328460745,0.008989228478617318,0.011009834648940337,0.017059389917463013,0.00800914422247,0.00017273717822703178,0.0014087780740449315,0.000507743279168229,0.00026006772083076016,6.915643769768356e-05,5.668310037284972e-05,0.0005463497084083224,0.0006288530559723799,0.0005500290540138203,0.0007372886356495183,0.00011144605584919455,0.0028095768319662245,0.0034816627144963327,0.005097723359123511,0.01251317772119382,0.006170365536426165,0.16489379051723715,0.14702321122153741,0.15733962164766493,0.11988648681465666,0.013538053652763117,0.07276487253303202,0.06103125809793758,0.047264874143359406,0.07009466049380929,0.0151640650266116,0.05144416664656107
1.799999999999958,0.0004023133408696932,6.699210947597626e-05,0.00020472414021809564,0.0009565867659859176,0.002956445884705532,0.013701524611799399,0.03239380948872812,0.03587750698202446,0.023585228986613346,0.010990251523497476,0.011524173051161189,0.006936674117854693,0.016925350281013316,0.004073422934887849,0.009901925347299938,0.011506677605686601,0.0032967388498400694,0.002978591673327937,0.00204732377851003,0.0022315229737265557,0.0022483615924136324,0.002000319431124115,0.0019607466706891637,0.004246057713940985,0.0038868730786656997,0.016131086287481586,0.027105073837891486,0.024611825231633286,0.05865399904396674,0.05295843824680929,0.2062276250762614,0.18340772611010836,0.2712346023625546,0.1572183247103445,0.14686326023505192,0.19481890840120103,0.10869280317403164,0.18603106970212238,0.22991946225654877,0.17492600152519522,0.07131437637707255,0.02404262237630422,0.013725025127792353,0.0194350603455332,0.01291404617688866,0.06158491085082811,0.06103667394730687,0.13610244011622438,0.20597649259451176,0.2225024055566657,0.15557492035041037,0.0915715867134151,0.06446147254738332,0.042920632371175174,0.03677458170995687,0.13790819324230458,0.15714593352956766,0.5892742752415764,0.7103841676543398,0.7348606034950738,0.7797681469879932,0.9193020010166307,0.988585950306213,0.9495215813131044,0.7976210120983722,0.9345677285209654,0.7908411990257299,0.5047258563339881,0.7204513382292311,0.6997369937858414,0.5525708608675357,0.4662257693413339,0.5415135694609445,0.4896694680645019,0.508494850332495,0.9060791250426156,0.2536080302411869,0.1740108589673585,0.0727123191882984,0.03758479787243926,0.013770399384526047,0.0051761572924779045,0.0011090204457717549,0.0015759716239547934,0.004715535435572139,0.0007296539322053982,0.0003195466276377337,1.952778963567929e-05,2.552787999789167e-06,2.8199996662268917e-06,8.797906670163533e-07,3.7546139779065786e-07,1.681154608585483e-07,2.755105936948356e-09,8.971336507549406e-11,4.8863537229375405e-12,2.8176507879710073e-12,1.200856520953944e-14,1.910810057827219e-14,4.82830190507709e-15,5.903160763305273e-17,6.319631352941616e-18,4.988782341874211e-17,3.0835891781505684e-19,3.423915080228173e-24,7.890553896365468e-23,3.895720512382995e-26,1.7551778977662427e-28,1.3972556190950645e-29,3.2555475475466893e-33,7.680085605811599e-39,5.864395687300315e-46,1.1389763091399693e-50,8.242057060277999e-63,3.2003730276267956e-72,7.417580903141722e-83,8.628492593082404e-105,2.0000965269573504e-145,0.0,4.579341773340779e-151,3.6967871890468133e-104,1.959344920210927e-81,4.030998473760963e-72,7.309491647537929e-64,2.4529364570997726e-56,4.769564641111325e-47,1.0914110243069094e-41,2.523189874589795e-33,4.3449705563643195e-27,5.224605239595329e-22,1.398041542533662e-18,5.328828758003602e-16,9.806563449097809e-14,5.889804627377641e-13,2.9365553891885734e-10,3.5388084972804266e-09,2.1557766516367423e-08,1.4315429217530095e-06,5.512368769424886e-05,0.00012689479779123909,0.0021947543605167026,0.002442032229007697,0.007597355865129052,0.007392172905584261,0.03921418497555346,0.06158417842699158,0.08940065434121927,0.22440210159401228,0.2160438586080588,0.1475379867075664,0.26146420345426713,0.28325840515610906,0.7990397730876659,0.9151718711507367,0.6791795122551398,0.3609944765759791,0.3459697377804963,0.3238364075430429,0.35908862793211527,0.3912767764673847,0.5738087940261514,0.29622543656593114,0.21496496584868943,0.1284683992367809,0.09660651238781745,0.04763544152253574,0.00244777271736625,0.003981813045668704,0.00858117499999001,0.007113731067528241,0.0013964444550824994,0.00015672078144416036,0.0002487458788229395,3.85048138563801e-05,9.66768410316425e-05,3.430287179569454e-05,1.399613988064343e-05,2.5339833008439394e-06,4.3707528164383104e-07,3.15287718874564e-07,2.345544254724474e-06,1.6176285351934878e-06,2.667048255348385e-06,3.206179658201122e-05,1.2271392086909033e-05,0.0010142298215447406,0.00025424420063229587,0.0003070537103141193,0.0015127317534766981,0.0010344883333605265,0.0018510778045744628,0.0001880296290723145,0.0001745785031386544,9.558106540213887e-05,0.0002495326819953706,0.00013343154742342475,0.0001506932522687995,0.000514110787279731,0.0012659861351423582,0.0008496805180267828,0.0024766914330143276,0.004700875813233233,0.005344145057020055,0.005263069285349951,0.0013525121029456888,0.002267388815219248,0.008587918859932478,0.019222009339431634,0.008366355861419879,0.011971569882650215,0.0035048977746079276,0.002643443410540215,0.005798264550561829,0.019087083951760748,0.03540156046881001,0.03571689883327642,0.09851240380327039,0.17231806578382944,0.2385463257589094,0.3188541090742836,0.14614164350704797,0.11488067577612819,0.09398566010791068,0.07526173609950859,0.06590621410740784,0.028817674803707883,0.08570713274000731,0.08576880853941463,0.059197045887776925,0.05190273560321434,0.012661053380127399,0.01712459957642082,0.01487338303478468,0.008670847085074086,0.028519466771644058,0.003615859269179368,0.004040401084985085,0.0076114534381662175,0.017752771362782683,0.018644703868863372,0.006615486769770653,0.0016068056309332822,0.00021832430057188026,9.814928894945982e-06,2.7545080370707915e-06,2.092351464442378e-05,3.824274398062283e-06,4.548439040016821e-05,9.223639699985888e-05,0.00019219072927294372,0.0003399607020312048,0.00034751395838267317,4.791292916010314e-05,6.181959322776044e-05,5.287060967211101e-05,0.00018595595790978536,6.897540521530004e-05,2.6893136089143828e-05,0.00011468837201371512,0.00021010570971664874,0.0005487115629037382,0.003160940901420207,0.0012826109419564649,0.0010623487857703204,0.0032819307252535805,0.005592273959366077,0.006122970964512477,0.023462866661315553,0.0008004714480537928,0.008303242730084055,0.010536284685829274,0.014550759567900941,0.009386360263920817,0.000271361610222797,0.0021797459101271896,0.00042978205568353284,0.0002978343689990864,9.953971012025464e-05,5.620931002523655e-05,0.0005986856128577229,0.0008262973307964465,0.001374590346646857,0.0016748426849514393,0.0004041436141256327,0.006737605499335743,0.007552359885611758,0.009210896319499562,0.022747535109325742,0.008497769078543218,0.19356466720957766,0.15678966812204043,0.1296080445860996,0.07486747818319982,0.004607351220267262,0.02643797218654647,0.013501677623096177,0.009063832262044645,0.00948948026804383,0.0012767206105990469,0.005275015884576303
1.8999999999999577,0.0004737747550468568,8.528954533467232e-05,0.00015838759815888154,0.0003784426116302421,0.0027238442295453033,0.010408342834160306,0.024157810587218657,0.036502960597680746,0.013488191307892316,0.012840323761174903,0.009981281324467912,0.006101954703849693,0.016234114249522046,0.0026775459782433157,0.010021542220897772,0.011043366905681355,0.003572079291959652,0.003916600624925962,0.0030668058029843103,0.004995297512875799,0.0046746231734793664,0.00392210472766551,0.0031970277428045703,0.008682383136826602,0.005411236171104737,0.026519760210910882,0.04867212050732177,0.03573665130624164,0.09529741809783665,0.0838648663906473,0.2898004898665412,0.24162711307058665,0.31341436136717676,0.23822471334337245,0.18058521120557453,0.25534127343729274,0.15377671322593114,0.23118720137908194,0.33592520130151027,0.21425363461371577,0.1111214831946325,0.042633995006765055,0.020346086524628753,0.021900864390675265,0.011201779444374395,0.05000825790439899,0.047442973006676784,0.10172239983186036,0.1444589413246089,0.16787469736761004,0.14686767107309825,0.10938974241324217,0.07638339466341505,0.04467737027088816,0.03390215510903634,0.13454828461491525,0.14761427493898552,0.5649226396950948,0.6948667167474689,0.8183068130638412,0.7222483752018677,0.9953786502250455,0.9278827851081866,0.9960354845610866,0.7790717079816224,0.9515828730039093,0.916283334920189,0.5685296708918551,0.9284461260802621,0.8488187623737736,0.7738762882086612,0.6802222938438697,0.6737225006438543,0.607032766158534,0.5660414251077547,0.8132711384774711,0.311264067464371,0.20699149544851864,0.08407228777751882,0.04174686013749204,0.01801758345244333,0.007662945361043337,0.0018884716828069107,0.003457452753470886,0.009257321781930498,0.0025093768907067963,0.0009018503945950112,7.708045797925172e-05,8.834083377007437e-06,1.1521495857931965e-05,3.1910622845501134e-06,1.408578555629027e-06,6.952774816582465e-07,1.5236498136243858e-08,3.446449041547131e-10,4.6105511597173495e-11,1.7496789955766225e-11,7.360611008930431e-14,3.4025244748765996e-13,4.7842953593685995e-14,2.4917497032969605e-15,2.5517498920343715e-16,1.808721508613493e-15,3.5428902676688613e-17,1.2154642785954164e-21,4.342232209091392e-20,9.694672853079614e-24,1.193292513573761e-25,8.001159883133214e-26,9.162774928852074e-30,1.4147604404014902e-33,8.740562440806958e-40,3.0161783512194e-43,1.1897892469288187e-51,2.802411517920173e-60,2.5221641748425347e-69,3.8083116738532946e-83,2.3101001021637727e-109,4.579341773340779e-151,0.0,4.4754544539497515e-142,6.957911077973813e-104,4.0644766164358296e-88,6.742446897558193e-76,4.510984485367987e-66,2.0569863746013932e-54,4.683532586719587e-48,1.1566611833477475e-38,1.3337977916848784e-30,2.4808746061229323e-25,2.312165914630928e-21,1.7681633649244046e-18,1.9557677077277658e-16,1.311242717455354e-14,1.0549582310315813e-11,1.3177970575204042e-10,1.624361786441034e-09,1.2981290714030995e-07,1.1920283103352435e-05,4.300141224669037e-05,0.000860349568198733,0.001074303418124945,0.00448193517576913,0.003689777600880712,0.014206127313066096,0.014701002007166774,0.01964532201854703,0.06709006739281824,0.06891791421128504,0.025985885362734707,0.08727307415597778,0.09877808128952728,0.38433807493389827,0.5098675946951124,0.845929643977909,0.7035260644040958,0.6917624109390119,0.6192303183601205,0.5868533922655378,0.615948146674812,0.7568154331085915,0.40819158397310357,0.33463814640408235,0.1638322252524168,0.12953866671930137,0.06893747485833726,0.004692351224246994,0.007455685665828583,0.016301555021712957,0.0142168447055451,0.003303044077590536,0.00033589864328829454,0.0003894607280645398,8.747856992410618e-05,0.00021487297284497847,0.0001323756936897068,7.100499201735098e-05,1.4498091700297821e-05,2.5261185239941314e-06,9.411791477806736e-07,5.5308808628667715e-06,2.180882336030664e-06,2.875272324561056e-06,2.848221245729614e-05,8.863783430626536e-06,0.0005036667333260927,0.00023385418405035983,0.00034320271203645006,0.0021727036573961495,0.0017880921535076526,0.0023497722306212833,0.0003231830877857464,0.00020939385891825384,0.00012966248768362255,0.00034271710493755613,0.00015073772158628532,0.00015084026235304376,0.0003750290842450443,0.0010670276109443616,0.0008054720705290234,0.0019557997372680234,0.003349505521014903,0.0038269317384201054,0.004546650758171133,0.0012549408061200294,0.0020942070950245506,0.007737115515226867,0.020531405600053954,0.009263475004825963,0.007308179396226559,0.0013635373431210105,0.0014760566078238894,0.003943812037245538,0.010305009667474328,0.022373699950011604,0.0218324184296876,0.053939110180246524,0.09043681072957457,0.11757605542575215,0.17311946294394928,0.05853122022038505,0.044102418439074344,0.029256437371949117,0.022429334224824665,0.01997714740392819,0.009770270132199391,0.028810913683112997,0.033413863089985896,0.02178052465570447,0.024539037354841087,0.007918238531077636,0.012011403749735616,0.01435049554691032,0.011305950487741873,0.03703977588523884,0.0050314962186294035,0.003476096931695403,0.006570803266119441,0.013831268404424469,0.015510755768881963,0.005979794144612066,0.0012152207753262677,9.867240540776547e-05,7.000956512038252e-06,1.810463203126279e-06,1.1977959279952882e-05,2.3986942617614308e-06,2.2508014122111458e-05,5.843297920368128e-05,8.901019110681602e-05,0.00014413024644555522,0.00025641806120610405,4.201330690369621e-05,3.119753681939949e-05,3.111487822000409e-05,0.00011811998139749574,3.645751664832398e-05,1.067812223086091e-05,3.794503531664488e-05,9.787947221268428e-05,0.000289505650210179,0.0009675215739628931,0.0002889696141355111,0.00017919279043854207,0.000519171885666302,0.0009013386682786416,0.0015017675906418566,0.006960609248634038,0.00016167062513975682,0.002481730281958358,0.0036385269538084467,0.0068635962527278105,0.004043211286307962,0.00011716277099646872,0.0016402116595516502,0.0003121513702965225,0.00026764321410642126,7.198427358686548e-05,3.110845035267552e-05,0.00036951397478810605,0.0006781416275999408,0.0014307727114435684,0.0017608724083309985,0.0004880569488238738,0.007541392155704888,0.007966225584291947,0.012323024995916962,0.028839853420535314,0.008058042768266153,0.22071843017965373,0.1828785830479742,0.16458792655252916,0.11915451508222236,0.011260444453884882,0.05796150569737728,0.03631165918603233,0.029567060451241797,0.02610326953371178,0.005032952214666084,0.015369112049763016
1.9999999999999574,0.0003324788899912767,7.7415548455792e-05,0.0001399287316571849,0.00013804569071645194,0.0011252302265960462,0.0024336067876134996,0.006348948406191245,0.007751255344387608,0.0028314411619838227,0.0038915397772360024,0.003828689046443723,0.0031310216997339577,0.004258501660041019,0.0007562524183288314,0.0021629263190304977,0.003543023512040084,0.001560696286705273,0.0018829217593116497,0.0020105387155273497,0.004203548898102361,0.004937988005599425,0.0027174987515399046,0.0018113308829069187,0.006172712779151179,0.0043272720304151835,0.014099238046734958,0.04009916323101761,0.04398666929332936,0.08690579696647059,0.09663596804950186,0.2575156469493667,0.23417996814552194,0.33220220282687835,0.23256150000810683,0.21451936458009346,0.33891031475710964,0.24156354151060788,0.37965309710622536,0.4307824378437404,0.34869437332457254,0.220974767520065,0.10221219749040596,0.06725749595159539,0.05454725869005121,0.036718402681413805,0.08509987648531281,0.07332559317471139,0.1599384429108447,0.19829529190390355,0.1709773794066689,0.12396388670319361,0.07654050175688357,0.05818217288120735,0.04411325538505681,0.027142589434094304,0.10699585096554991,0.10455415379850762,0.40414933226463806,0.4671528058360724,0.5396113922985539,0.9384880152514471,0.7161468634353431,0.6849114063283296,0.631463521743661,0.4585704275991936,0.6652439702918973,0.8197416005119461,0.8983127282367678,0.7450072520580512,0.8334121474418188,0.9992050782245511,0.9751575054832955,0.9790482897670097,0.8561306846512313,0.7776763226793934,0.7077555345588248,0.45864839227020776,0.33882845375059256,0.14308248705948604,0.1017643928381527,0.042525963494681664,0.015375959005214986,0.00595420571159896,0.010913082718328932,0.020309459414970983,0.009245077600146671,0.0031391049639462143,0.00042964766428102425,3.999894633784098e-05,4.5649111076650444e-05,1.6071720070641147e-05,4.9043382763277e-06,2.4120360011614877e-06,1.7891304212462393e-07,1.8740595025334754e-09,1.521945328908983e-10,2.4318500313710037e-11,6.672079309647126e-13,3.1984995382189996e-12,3.216306241340407e-13,1.3469145405944663e-14,7.176867917340682e-15,4.987652467612421e-14,6.143155685863071e-16,6.886721466360089e-20,3.3803058590132647e-18,3.698159801604578e-21,2.0430128050144564e-22,4.718032481422352e-22,8.302706941375987e-25,3.151030342535687e-28,2.9279771376996394e-32,1.2154002917401414e-34,8.746758315055975e-41,3.9374585402825964e-47,4.8876143510531404e-54,4.86491196983654e-64,4.6244423894031933e-79,3.6967871890468133e-104,4.4754544539497515e-142,0.0,9.17346181782239e-141,4.322803726880439e-109,3.8702595324525044e-89,3.1370221001898673e-74,1.3459772950517353e-63,1.4190023514065247e-54,7.5711588235857e-43,1.1791210133859377e-33,1.0764513865468964e-27,2.1772669688413163e-23,2.785457676278719e-20,2.190401848370305e-18,3.531765253875806e-16,6.887377242768362e-13,3.8129158688939925e-12,1.252536646553181e-10,1.3464139062998613e-08,8.693576340983101e-07,4.128599909587331e-06,7.240865691434508e-05,6.217398715668137e-05,0.00024291339309394868,0.0004950611713782649,0.002403334496600865,0.0026732454085869797,0.0022080290833011358,0.009971960387262032,0.013507134158511465,0.006058345791198312,0.01697576924883096,0.01639374260016073,0.13713927112211158,0.21357460102849518,0.44334186308432166,0.856885998740968,0.8894332226508712,0.9598049652454486,0.977937830829102,0.9139945956860891,0.923326208665109,0.5923063838980631,0.5231732150759222,0.36537954923799487,0.2526338276787701,0.1283698000743021,0.013708325933954438,0.022548603470415627,0.05612842573914957,0.06610015877015281,0.022065611035105754,0.0031535187526026834,0.0033743407400062316,0.0013985343195358879,0.0035362093674961076,0.0019900942601326966,0.0014712205786351813,0.0002589563445544503,3.7414808309506715e-05,1.0852216437034862e-05,5.8904734571368844e-05,2.9808152780896614e-05,2.7499492020748514e-05,0.000184757261847336,7.500939991674329e-05,0.0016678529384044159,0.0005369156929700997,0.0005995687598483182,0.005175321077622781,0.003471656704165119,0.004692503225717997,0.0005922532911643045,0.0003231791039385927,0.00019473229858774042,0.00042400231119366804,0.00013451533424683752,7.627469843038549e-05,0.0001736891549933117,0.0002890287608772588,0.00018816325976513866,0.0006374785947218664,0.0013155737695149914,0.001534210060292396,0.002120785085680427,0.0005292290829441383,0.0006729352639140166,0.0026874144983688266,0.008616385771369394,0.0038964308761831514,0.002714252140749583,0.0004893553604437991,0.0007656938999475675,0.001851708412872133,0.0060177162344522105,0.016104463557299525,0.016181354403060025,0.04392209904872587,0.07152390066975163,0.09488833899091566,0.1625037968180828,0.06846811766906272,0.04917843815072222,0.02661249633670573,0.02234913650759526,0.020480608781050343,0.007985944985295857,0.01568018014153868,0.019171376284569195,0.015458024683787151,0.02023478954930428,0.008186104735288352,0.017053445505079826,0.02087357154208598,0.01542074764230225,0.048031218822945476,0.008064034586958221,0.006385405034605082,0.01288496634270912,0.032900917298572814,0.022667026184185375,0.009413506565162462,0.004438276103797148,0.0002945335642175421,3.271121353059297e-05,7.2937822156268865e-06,2.800897078916147e-05,1.1206161100978885e-05,7.528492429558055e-05,0.00025563936973290146,0.00017117620656534262,0.00022088272531322695,0.0005380443552554646,0.00019305073252075188,7.077303364386324e-05,4.140765440487483e-05,0.00011399868935947944,6.833122598669846e-05,1.580648800386866e-05,4.579167210144526e-05,0.00011981379565191325,0.00035093258330559326,0.0007475864081511697,0.0001255222859885604,4.534735448507337e-05,0.00012394194067269702,0.0001594623542764352,0.0005517890540215912,0.0031004813722463305,8.036116874747849e-05,0.0014524031511971354,0.002063500850505456,0.004353766040987248,0.002630824844420667,5.0445676049260466e-05,0.0006021799132181401,0.00011546721330135798,9.924080533134247e-05,2.1351443892836777e-05,9.3973473424125e-06,0.00020825093551038213,0.00030157205936060563,0.0009805457616033988,0.001769019808577385,0.0005335174721265396,0.007493264675796748,0.006957203678780824,0.011843954544626896,0.031274642305883546,0.005398372530838609,0.21564189766774475,0.17227155069704694,0.129540690207773,0.1092110437025101,0.008308729118474628,0.059294147469551035,0.03594858216517817,0.03413094203874045,0.02095361041282138,0.004737651495956245,0.013682714558325083
2.099999999999957,0.00028600238025692495,1.8153807942798755e-05,2.9515082548224855e-05,3.267765881257239e-05,0.0003786081021255137,0.0015544399529031593,0.0030785919227785266,0.00635519316527599,0.0023361782182628487,0.0033297515923588926,0.002763967257231675,0.0028162581737483624,0.004871640941848703,0.0006230555388687821,0.0017206786620338724,0.0025765690185114245,0.0008800793919421582,0.0008274284482754968,0.0011742315617756952,0.0030114899727584736,0.00351479443881731,0.0020430733462390637,0.001495494629961163,0.005503535686701472,0.005938419482766589,0.022546403692901902,0.05939185028489106,0.062109222966188544,0.1119805025738702,0.11000497336972889,0.26798139878702715,0.28063711912623834,0.3648210058579245,0.22985511464396247,0.22292917042854068,0.32035122699987506,0.32469799899338153,0.5452344350139653,0.6784241819414575,0.4763766679324955,0.3240302125194534,0.1868379060124661,0.12804946816589138,0.1057719985049251,0.0721995888271759,0.14476549983333623,0.08207704308128033,0.16078137748385868,0.22299932503597772,0.24697222902524793,0.2968203681958551,0.20822485005821928,0.18526869004626703,0.10410227616704695,0.07340572594031826,0.1763239086671054,0.1722381856611579,0.5241654814247556,0.6307713566861378,0.7703420186978549,0.8015811180603619,0.9413151394743604,0.8915949151850509,0.7390318589229662,0.5031581054109505,0.6436525829711555,0.782096493258243,0.9640407180565655,0.6633102501835457,0.8410755167706176,0.9690506304381542,0.9877386301248697,0.8344119554599299,0.9791684166188657,0.977635824254432,0.5403397492322664,0.6299767005114835,0.411871458309406,0.16382516104148545,0.11425267518986998,0.0514227039169539,0.02398600028224782,0.00842208765400132,0.011515600206905986,0.023895297682702838,0.007976553229562516,0.005096727351463075,0.0010645835616752697,0.00019385674046787894,0.00019041947391754154,3.984469185553609e-05,1.1434814643881191e-05,3.580111100652867e-06,2.5758389971298545e-07,5.828167304807854e-09,4.161021749127577e-09,7.6229045971357e-10,4.970754406291914e-11,1.1350888450894409e-10,1.193190966673875e-11,5.577257901605616e-13,3.9823611630074894e-14,1.31551915654874e-13,3.632973275270552e-15,1.5551060477546323e-18,7.111951028941019e-16,2.041877358529018e-18,6.932484990084379e-20,2.0772005798544285e-19,2.0295940732112205e-21,2.5318021807501593e-24,9.820335612669836e-29,8.528772072700825e-31,1.8161637173816095e-35,5.749040858646015e-40,8.395755951224157e-45,9.084065427874694e-52,1.2721072451318013e-62,1.959344920210927e-81,6.957911077973813e-104,9.17346181782239e-141,0.0,1.5558912635095738e-153,6.291485451696768e-117,2.72394352000579e-92,6.2927110716920105e-74,2.538775638626242e-64,4.136258223459142e-49,2.9239680798737775e-38,2.444332323209909e-32,5.917463266368393e-27,2.421639236245922e-23,1.1005389960418188e-21,1.712317167241882e-18,2.8815506249352954e-14,5.433415062616397e-13,7.772416488318098e-11,7.111019966138681e-09,8.9987853658524e-07,3.1089615044521897e-06,5.0324550541303736e-05,2.9909327534232197e-05,0.00010198558220822614,0.00010527562716127145,0.0004399933222919488,0.00042728241260174186,0.00017137117425630797,0.0006942365928361905,0.0009047866563279396,0.0006143236733401217,0.0029427348069694355,0.00375218323584972,0.0544417880774166,0.09816667736603955,0.17107081406080787,0.5018432920597381,0.47580217697229193,0.6138304468820193,0.6733991653891479,0.7419652528134258,0.7391604683550007,0.9397732816455988,0.8628911860895464,0.5869369560480183,0.3721245060761089,0.1615241203482288,0.018318482225742994,0.02823175355073351,0.05051035177002814,0.04810692295874103,0.01817974467472235,0.001826827124825223,0.001821371251707155,0.0006933265878717394,0.0022804551717058746,0.0017166512044589815,0.0006509294281559441,0.00020571698835912365,6.259565185797131e-05,2.1078685567733605e-05,5.3417489948520394e-05,1.1409992171092033e-05,7.612496272826751e-06,3.6122077609830276e-05,5.34511985574243e-06,0.00023435029781822096,7.44131827089661e-05,0.00010844880517670014,0.0010676795000510637,0.0011264109321102993,0.0019018915975684367,0.000162715980371743,5.619520383173787e-05,3.268064468788324e-05,0.00014345497457192238,6.019645252713221e-05,4.1429584596986324e-05,0.00013738684710185828,0.0003350119615665205,0.00017445613499669996,0.00027485901947815327,0.0008520846837149547,0.0007051320756517056,0.0008673156550049218,0.0001942363012640688,0.0004200907169012051,0.002997053445182319,0.007870391898727212,0.004477667282408477,0.002628167064949155,0.0004343316137543949,0.0005430211041249532,0.0010734245546800093,0.0031758771258958898,0.007576803067864223,0.006385860259069867,0.017140095505035365,0.025363255789085944,0.03696090130236087,0.07980608700586879,0.03311347788167125,0.028451923228683295,0.01947968009211158,0.019249155210088766,0.030022063925477745,0.01595883030347901,0.02830980745601745,0.03135631174413102,0.02586586389543727,0.023005027068396966,0.009688207008081788,0.016170492873207494,0.01977199822766305,0.013271392634755108,0.031781455514559985,0.004463139773750742,0.0029318605304661303,0.0054195495572526555,0.017478417466316436,0.016403526411536307,0.005951841131726552,0.0014801728857349009,7.944036468814763e-05,1.035264924324071e-05,2.0071324385437024e-06,1.0803972541781023e-05,7.606412025112032e-07,2.821664167585556e-06,1.6661507743733097e-05,1.2827502088097589e-05,2.3742407183207356e-05,5.584769556979077e-05,1.4612452116845847e-05,6.2855653195581935e-06,4.166507827470472e-06,1.7037036593257128e-05,1.13649337692477e-05,2.9926656312262845e-06,1.0467284239895626e-05,2.7053022613618606e-05,7.523387311464577e-05,0.0002267794588794296,2.700150449791511e-05,1.4105299018138392e-05,4.7718277447549276e-05,0.000175393599837503,0.0011701854772948447,0.009488161288835376,0.0003065834724701585,0.005296426717728213,0.009219875680372046,0.01625105549728787,0.014179032816840314,0.000684717299842215,0.007236891524190257,0.0012278627528404709,0.0008564422101303055,0.000136846522787853,4.995932331044571e-05,0.0006402218120301666,0.0018194077622222216,0.007099052861638334,0.01274878106862359,0.005300161046479283,0.046321385673182947,0.038607946625721694,0.0422575610266605,0.09557219559772209,0.01659005379755007,0.3362948378129278,0.2674876366122992,0.19223553048764624,0.16304085400340684,0.00977974927807172,0.0824036594172673,0.03704217761399175,0.0336753534002574,0.019481887575721703,0.0029389047190562846,0.00966062419913767
2.1999999999999567,0.00046147053012646205,6.508139979676951e-05,4.997779278882338e-05,4.003442525237747e-05,0.0004794581042541201,0.0014489713202009234,0.0057497858571824295,0.014416165587881941,0.0035051258741752287,0.006942093352896811,0.003570781501626334,0.004720232428826704,0.006348182414524802,0.0005144864139249431,0.0012470097501899504,0.0013596420785646263,0.0005145035466589342,0.0007566129185011178,0.0011918410483850042,0.0030762560044706763,0.004437404866186739,0.0033159897835909804,0.0016773066769912744,0.004832993027731254,0.0025465281844368583,0.008343086185699029,0.029704896088853815,0.0312748748899937,0.06006319852142159,0.06128064867144769,0.1820325291088692,0.17817377121631706,0.2261648637483026,0.1414419909852013,0.12136854000826912,0.25502920703511256,0.21914046356066785,0.38568754635420477,0.5092245079262117,0.41256301552139596,0.32092815194889995,0.1706125231117881,0.10807585863997352,0.09200102150301698,0.07680425646958759,0.12143873264616202,0.0801206255478388,0.14984348215934615,0.2310597720018282,0.263814917806046,0.3774622441062783,0.29233919963099336,0.2783986982692614,0.1754013083656628,0.15227959495720536,0.3563638134017932,0.3251901135229756,0.762804423878081,0.9697675193811187,0.8230722506438887,0.42209778465024844,0.6626125169144395,0.7150526622286872,0.9523612302170109,0.8123528886550291,0.8288709984782343,0.9586919152313389,0.719965993447382,0.8992486800805561,0.8970673044332118,0.7937957328688798,0.8247671828643842,0.9786444362314022,0.9231668993732576,0.8116340805452588,0.7147052846444254,0.46162649847695836,0.2802161847797114,0.08972613455393112,0.04948679983327629,0.02735105275174274,0.00809975553483639,0.0020062670360158816,0.003447306904301126,0.013398827238827312,0.005113099329721659,0.003057393612376318,0.001336736735621057,0.00027267414099338476,0.0002368394694879058,4.0916295163688825e-05,2.2995822242873336e-05,5.124276808619474e-06,2.6438166150359606e-07,4.697597287063693e-09,2.6871007284359066e-09,6.320333417209374e-10,6.962770488843548e-11,6.70255712474968e-10,3.066559313339809e-11,1.5622401431769675e-12,8.604371534204368e-14,1.2396834522256123e-13,8.277992888669295e-15,6.945759773993844e-18,1.3951591953777535e-15,2.374751701886738e-18,2.3031431957208663e-19,4.842128569088904e-19,4.447393246989339e-21,1.8882211063715904e-23,5.804201088805715e-28,9.620507463616361e-30,9.47087113169625e-34,6.031203814176425e-38,4.014717572157715e-43,6.147325109873541e-50,6.1023175789654956e-58,4.030998473760963e-72,4.0644766164358296e-88,4.322803726880439e-109,1.5558912635095738e-153,0.0,9.277930801941488e-149,1.4849712657367132e-113,3.0698115977967215e-88,4.976630486746174e-74,9.641781043922038e-57,8.710901894383517e-44,3.5615338641717605e-37,9.875499284145589e-31,6.083032577007609e-27,1.0764879111932943e-24,5.755864855144436e-21,1.6601298067746846e-16,6.934188363767538e-15,3.115800994539772e-12,5.294497460658204e-10,8.475642816267826e-08,3.81907549136526e-07,7.187241656561914e-06,3.910923745858559e-06,2.1408696519640598e-05,2.2569123651188877e-05,0.00010101677358700856,0.00015782379086611204,6.31958724170013e-05,0.0002221997029241236,0.0004588061568509213,0.00041480426988764826,0.0016864744181152172,0.002643358144076836,0.04036078848751268,0.06078470412824316,0.12428379969516608,0.5048025668294772,0.519610865738871,0.7015952910108553,0.7984268482665194,0.8620775500141717,0.7413463478884494,0.9826413481343493,0.9650817021145692,0.7111428278167939,0.44332343090799575,0.16734154399662304,0.0197826014920136,0.022163531504971724,0.03765868345553256,0.02474821339010871,0.007030021698016042,0.0006429365949330255,0.0005924324513548976,0.0001407046000392975,0.0005217494340179973,0.0005462007813743869,0.0001574842867607502,4.379779195631382e-05,7.82757994066334e-06,2.264501819643459e-06,3.6428533450712346e-06,7.55787124439734e-07,3.4970955611190846e-07,2.1095347550708952e-06,2.3092988617368448e-07,1.0333979957656384e-05,3.504295947157924e-06,7.105403705692912e-06,0.00016219495312279285,0.00017582056493104694,0.00047058851837807563,5.0662103526807824e-05,2.5203227984088757e-05,1.5911413326816072e-05,5.6516980434562616e-05,1.2613645925496945e-05,5.220565894831066e-06,2.2589144908666694e-05,6.1669166536532e-05,4.262518425381011e-05,0.0001256652245291251,0.00030284545170656196,0.0002843170044338469,0.0004291367960159741,8.617041589654104e-05,0.00015533731324983676,0.001307728902229003,0.004686854723099173,0.002622407798335063,0.0016612422122327319,0.00033548469715579754,0.0002909299207574133,0.0005777538832877986,0.0014111181740387672,0.0029138850437259566,0.002654377785894395,0.009666558507929397,0.01661450836972451,0.024299081125678065,0.07578760074902588,0.02674334917273129,0.02538071532029533,0.019611518847481642,0.01759825778796822,0.025673304248594278,0.019659161098239192,0.026998657193766384,0.03453978406553416,0.030019517810040048,0.030557449999201902,0.013160559230070114,0.02595554706931562,0.021347579181884416,0.020023064330866768,0.040690785903577865,0.0063055936354213665,0.005353468395262776,0.0070078294121926656,0.02667036464552976,0.025111966251975697,0.012233180307358222,0.0031179465739284117,0.00022126662101607292,6.332322761700076e-05,9.581867958705409e-06,4.9357203259675335e-05,2.83375847021751e-06,1.1509376267158106e-05,7.5620676694719e-05,5.54410405508755e-05,5.226274227575065e-05,0.00021999536677936023,5.083571615763332e-05,1.4413955357702086e-05,7.66593570200829e-06,1.8667170980814003e-05,9.482719254436119e-06,3.2605364808731484e-06,8.868688829698014e-06,4.714309935900894e-05,0.00015006931089572116,0.00021122440814581655,3.3683962801378536e-05,1.4038047160493953e-05,4.135565527510027e-05,7.929193344331312e-05,0.0004480578665767741,0.005903999178169349,0.00014735896213205035,0.0026055838117484634,0.004034547704119567,0.011089558572355163,0.011630636033566066,0.0004660914713017853,0.004833310214648628,0.0008158403745847554,0.000802617981424053,0.00010302389265156849,4.567998914733015e-05,0.0004079966537212007,0.0013346381026453598,0.004039623859384482,0.007149143703543945,0.0024613748243677205,0.021612252231500165,0.01870873452749101,0.02275687592231252,0.06193900140907166,0.008721269274435258,0.27163123203420764,0.2241140966952737,0.21019237941768126,0.23502125345676683,0.024542778088033214,0.16475026726108463,0.0842656832193335,0.07598919656662179,0.0459426505875302,0.007227528436134672,0.017453371030416075
2.2999999999999563,0.001236175610893372,8.642247088524336e-05,8.756464848895468e-05,8.665960151089669e-05,0.0006861105981335413,0.002778525315765472,0.005170545977799166,0.01083195859510445,0.0038563282868960907,0.006139195252940029,0.004521591328428098,0.0034787214479859775,0.004098575107482267,0.0007021649821398512,0.0020080865598688987,0.004219709463358418,0.0016139669128835033,0.0022740953494948335,0.0024703520361340063,0.005016815606538193,0.007557554448976976,0.00858331956762645,0.005652364708554314,0.01022124341417723,0.008672600571026319,0.02799629936998415,0.08562865892979063,0.10305420500954553,0.163674054986747,0.18753793317425685,0.396542165686922,0.34006403325020146,0.40150075556727477,0.22462762686887977,0.1997927387437109,0.32383577582275813,0.31639695659542477,0.5795006849080501,0.7572123485639743,0.5517436734461191,0.3979428917721169,0.2109005626309692,0.14738539270996812,0.17113347317159777,0.14949462630964427,0.25520332636687953,0.1505643912837547,0.2949711720867862,0.3874410097472364,0.44259430073764744,0.6171299517560223,0.44973713862786496,0.45334246106026965,0.29564329491489344,0.2838681632279273,0.6187753385863841,0.5321311466676867,0.9668676997697232,0.8002799544771664,0.7041729678373365,0.3499745948556849,0.6088179251363087,0.6257715887042715,0.7965193077614892,0.9123700889308859,0.980319058939185,0.9980067233985216,0.8521960164756762,0.8546340243370925,0.9697971157381859,0.765148126659394,0.8499876576174182,0.9695433953977549,0.9396702122743109,0.8175497915858368,0.7981464956651849,0.4621174375740903,0.3082119737040352,0.1102532462425973,0.07333745279037882,0.03671096396058943,0.018053913084549428,0.009961612867900397,0.012286255273112773,0.046645780304269746,0.014347282589676312,0.016249041152840066,0.004636612697163767,0.00140128559794125,0.0008828546212606738,0.00029079750252559885,0.00010614443033230136,3.862896568886709e-05,1.5754964166515559e-06,7.9474655914591e-08,4.506728518854117e-08,1.2223174267768326e-08,2.667257325912031e-09,1.6518099298917012e-08,2.597665383453028e-09,1.1183257882545348e-10,2.154511000223401e-11,1.4976828659428708e-11,4.609721223072341e-13,9.58094989070276e-16,9.913723702626761e-14,1.0352971415210372e-16,1.2408556616578087e-17,1.630014155544645e-17,2.0858655216101822e-19,1.3865193827245131e-21,9.418508553721697e-26,1.0364765369648278e-26,6.039504774427177e-31,4.374149492456437e-35,5.8820461526966185e-40,1.911119931002317e-46,1.6159213171999283e-52,7.309491647537929e-64,6.742446897558193e-76,3.8702595324525044e-89,6.291485451696768e-117,9.277930801941488e-149,0.0,1.840619371413335e-143,2.206005988795128e-105,1.1349915021602919e-86,1.79549015947631e-65,1.2174807226906923e-50,5.6607884293363396e-43,4.688767186490174e-35,1.7627075069603572e-30,3.7560246047022427e-28,9.442703354067874e-24,1.4232249566269052e-18,8.717670579058478e-17,7.567256260582172e-14,1.3355381273451707e-11,2.873947004109073e-09,1.584234783004439e-08,4.900956641100468e-07,3.452513337066276e-07,1.2038584922001774e-06,1.611363441238361e-06,6.951298749030845e-06,1.9548904783285796e-05,6.089223040674777e-06,1.9145517298048642e-05,3.3623889259009324e-05,4.8100822731493024e-05,0.00047028566305225847,0.0005995437267981766,0.01753126875676845,0.023593950308527623,0.06127098097455038,0.3612454093157755,0.3848513922511432,0.5650799888086399,0.6027513501482725,0.6956018745082764,0.6209397677223676,0.8534327446926093,0.8494711786265968,0.8342953169138816,0.4987322017044015,0.1427794328345942,0.01620978007298469,0.02717697481472277,0.0555111898479342,0.037838713670843245,0.009698670723896238,0.0009164049685460406,0.0009785736684315037,0.00030249675374402116,0.000846011118201977,0.001020995025998057,0.0003130573638604444,6.427200263279924e-05,1.73498905049134e-05,5.614363357758891e-06,4.352552964705483e-06,6.872575629198015e-07,1.2924030156931717e-07,8.156678638471089e-07,1.8622897026215568e-07,6.296262456145238e-06,2.1364107682512538e-06,2.6720157701964716e-06,3.5094891429633465e-05,5.548825332115958e-05,0.00013908663556323956,1.2488475387845362e-05,4.123254002478568e-06,1.270489679834776e-06,6.531741167806217e-06,1.0117712495493997e-06,3.802132188962758e-07,2.7126263503752976e-06,6.793975174489359e-06,5.7132968321448676e-06,1.0146762214872996e-05,4.1586864956109156e-05,6.035746722624342e-05,6.432445811379644e-05,1.4618017872732482e-05,4.429576491985827e-05,0.00042565424819616975,0.0016682670632301043,0.0017194095635533998,0.0009858324224765746,0.0002573079914177926,0.00027814980411940485,0.0005167628551834682,0.001582645525004989,0.003109496107505952,0.0018471766124915174,0.005637126300670212,0.009028931408019908,0.013062713593025011,0.05544128626172471,0.017305286872301817,0.020431132298112272,0.013503569558197663,0.012894745499066522,0.024436908514476448,0.019069361376803623,0.04227111541504947,0.03965832088537362,0.034394142752871455,0.0346266723875411,0.014486593955569477,0.023672310736976013,0.027686983782498835,0.026795070627561528,0.04046288952245345,0.00737500768810688,0.005211481882179576,0.01110682220904713,0.021276077162229835,0.023259504560277425,0.014147007348043326,0.003406919383328131,0.000577034736617567,0.00017132596787869644,4.945000622822215e-05,0.0001954454432977836,1.8989853257786767e-05,5.199673510012519e-05,0.00018980402734447842,8.102317930760604e-05,9.29770729441286e-05,0.0002061268956391106,4.277806467244293e-05,3.142922757926138e-05,9.402599039487383e-06,5.389343364583286e-05,3.114425622522228e-05,8.7833032010675e-06,0.00010665487474621772,6.043097557077222e-05,0.00012335300460330543,0.000635216651145169,0.00013327114337945763,6.10903155563883e-05,0.00014929565896682482,0.0003060598859334995,0.0013944309201528885,0.015779881645044028,0.0004886531583551903,0.005683127371224993,0.008164887733345484,0.016001108523220293,0.021644168582437864,0.0006247083672593298,0.004106790367484969,0.0004582193331200058,0.0005482207683635496,5.313367346700837e-05,1.7976794788953786e-05,0.00021205871224979587,0.0006722255588490119,0.003602529371077728,0.005642987925446551,0.001942219921427897,0.016787387698564908,0.014139479941057164,0.014349731362213791,0.029423166607673246,0.003782800144464864,0.1336592146190853,0.06779054805529565,0.055313930991456296,0.07292833126732469,0.0029248122496281707,0.03412862390470203,0.012944724249824268,0.008606511378773976,0.0036233612746802177,0.00029062072502334676,0.0011497614980650632
2.399999999999956,0.0019211116977620164,0.00016152685847861082,0.00010383941434573622,6.386833873789939e-05,0.00046897761350690276,0.0015643798682940591,0.0027391388140995156,0.009447584762698222,0.00317665389178077,0.007382892248698972,0.004333962691314611,0.0037831299137963312,0.006247718641707804,0.0010006974648595574,0.004392081493813849,0.005546383391841617,0.0025417797863453244,0.005060037167448715,0.003230198383789013,0.00488152096160369,0.007629254260144456,0.008959884918067908,0.006090445719270938,0.014405143433228575,0.009159332254802668,0.029470367328052603,0.08557856110031709,0.09294808095554488,0.15692468381604968,0.13726641972462042,0.31894510429860184,0.28227207935120396,0.33797444983074554,0.19257400745937137,0.15057225550808795,0.26180585695156405,0.24736173064305583,0.4785002800906223,0.7493605462070531,0.5392159386023608,0.3901146723555472,0.2527605549652861,0.16838121699197667,0.15789150495972262,0.1158482845161056,0.13232444220538087,0.07642566595351874,0.15907027436147744,0.21405502413147107,0.22601622480820327,0.43492461313237163,0.3923028121600372,0.45385794565812954,0.29310173589618965,0.2939517504071803,0.747749877712784,0.6220104303531606,0.8020625578346745,0.643845880498064,0.5825332992854755,0.3147919035569993,0.587934666461266,0.5607593474040327,0.7576425831505199,0.9673029079551231,0.9688553546399532,0.9224591845684987,0.9484970208187228,0.5708484230166837,0.8535531633713397,0.9037390475698885,0.8722880569965387,0.9131423474618937,0.9944399137705988,0.8212948431991955,0.7989576904550955,0.4964972290922233,0.33796918914616153,0.11588005496623877,0.08590497467226804,0.0453054318666546,0.019729652065836198,0.008660035553663925,0.011463890942551215,0.04013073533748935,0.015470653688379727,0.018910180885617616,0.00631699795507624,0.0025682355700685734,0.0018578211339665598,0.00047299487041943907,0.0001804686096187579,5.4529906289106315e-05,2.188794015974064e-06,1.1757409397404752e-07,4.730247238493774e-08,8.631965374061737e-09,2.0927905437206506e-09,1.9805459325064416e-08,2.4818842778562255e-09,1.8849373532567228e-10,5.7777188404365716e-11,2.383005154995146e-11,2.35407462794862e-12,2.4202608104564648e-15,3.9321064488488813e-13,8.218340668710598e-16,7.319824151019848e-17,2.000149551971249e-16,1.1474141255134148e-18,2.003901671319308e-20,1.8696258136991282e-24,2.127652504891765e-25,2.747729367208034e-29,7.561045536904567e-33,1.2685835104615963e-36,1.644834173830436e-42,1.4058314162054753e-47,2.4529364570997726e-56,4.510984485367987e-66,3.1370221001898673e-74,2.72394352000579e-92,1.4849712657367132e-113,1.840619371413335e-143,0.0,1.0231320361299061e-147,5.221609353166879e-111,9.129987578307192e-82,3.1076627830910287e-62,9.926821175400505e-53,3.2502616783073656e-43,2.615802772034797e-36,2.1195881954466556e-33,1.3796772481551626e-28,2.7720881623897935e-22,6.591998550034739e-20,2.460960660664441e-16,8.720454753248835e-14,1.2017685317045122e-10,1.2939275142834038e-09,5.894381433369508e-08,1.9849442959300375e-08,9.566042615527503e-08,1.1409242439795826e-07,5.783961145040306e-07,1.0953838095172489e-06,8.448316012786366e-07,4.2059108414214155e-06,1.012158425841766e-05,1.6761404052757535e-05,0.0003181561132876026,0.0003435921340722656,0.007676357590291921,0.011785519630069527,0.03941267051115586,0.2652018647494121,0.2618049810753636,0.3189087395558203,0.3711123280133619,0.4283657840027957,0.35901978802557993,0.5979099297373062,0.6051075008975653,0.9370763781090028,0.5865996783258407,0.2154815953693709,0.040849990894407495,0.057117860506871926,0.07946909583435487,0.051724953165992814,0.02163571817985203,0.0027127198894668697,0.0031208457832013065,0.0010817446593419427,0.002230496614980586,0.002188815466229458,0.0010176097652179138,0.00019888318982752844,5.128049302313617e-05,1.1506972298249634e-05,6.569654934988047e-06,7.672115801287086e-07,1.3473370326646982e-07,2.133372423107618e-06,3.213803899963586e-07,5.641966083745255e-06,3.495487625012666e-06,5.786478648163494e-06,7.678077045422148e-05,0.00013510737200789192,0.0002654338500082635,4.208278686255407e-05,1.6522314725983676e-05,7.198509760786719e-06,2.0359906851669627e-05,4.294898274085863e-06,2.4505886249071173e-06,1.0921459011155617e-05,1.7580775582743202e-05,1.4217648566705375e-05,1.905143602439183e-05,8.785230880090394e-05,0.00013384545693145923,0.0001461810096432467,4.243591748984997e-05,0.00020225971574272994,0.0011952347353822777,0.0038059129135490904,0.0040588132884111705,0.0022143578744870263,0.0008595688171794116,0.0008571452951952305,0.001313597415846179,0.002226983080274188,0.004031122829746297,0.001723533884629764,0.005540028967665266,0.0059402714604854905,0.008075881081262245,0.03060871707445309,0.008045815726201553,0.01648695542943754,0.01317505949643008,0.012106114484381135,0.026931751108699303,0.029368091018498275,0.05762283338154744,0.049303694382639505,0.050047225789746165,0.05387679935168222,0.02339382646950639,0.041879488796269626,0.048553312932246066,0.03788596807526354,0.052271121096236106,0.010014311730748616,0.0063075520004660535,0.015769191242898724,0.028058927092756723,0.027215277895936814,0.020740009187923153,0.00538372307689161,0.0014624832728251066,0.0002850590372892376,0.00010163071405899223,0.0003790205837946783,3.085603171037942e-05,7.680374948582945e-05,0.00010788262027555144,7.420260013677722e-05,8.182126782826453e-05,0.00013489180069481093,2.0877293677167657e-05,6.930699304988297e-06,2.9036909005084077e-06,1.110093271047091e-05,3.1984946663629654e-06,4.074903148403551e-07,9.665936424507948e-07,2.0849356829996943e-06,3.5743421946136463e-06,5.358107444723863e-06,9.243158974978306e-07,4.2082096586714594e-07,1.971027376339863e-06,5.685105038508473e-06,7.50041480710472e-05,0.002080709273620862,5.209285708273724e-05,0.0006127514432452962,0.0010085702255815897,0.0025035678093787155,0.002094914351682753,4.478862724855064e-05,0.00044839509921380474,3.6196674721349766e-05,8.732508481309865e-05,9.660789117807869e-06,1.9457643376912168e-06,2.6443452757013918e-05,0.0001586661361030083,0.0008121044635126999,0.0014653727229136226,0.00039861905065080697,0.004872660712902877,0.004998537194901214,0.006356940054898432,0.015023549268202534,0.002008600998307991,0.08601890816984413,0.04421320958703184,0.02941983259972972,0.05108875151148035,0.0025715141285156773,0.026057051724031433,0.014064673353187868,0.007310476546802743,0.003884617463406145,0.0003747776122935865,0.0013914442466132688
2.4999999999999556,0.0009095906259163842,0.00026432794472187025,0.00023003073491833977,7.925967021099985e-05,0.0005440058559792706,0.0008411845392612221,0.0020351264299478733,0.004098333306338152,0.0019750251704326663,0.004110629756745758,0.0022309085058963094,0.0022595068725111732,0.002974976302462682,0.0005247390417692371,0.002535354890645018,0.0032685234705799207,0.0015817257283824615,0.004204643956080736,0.0034342268962428376,0.007358911079510738,0.013694597155747149,0.017634221581946483,0.011775670416047292,0.02154774460509143,0.010732633909107829,0.02278476470545103,0.0597434455629356,0.060398808052945056,0.10784492868175177,0.12219030949375329,0.29510236505462945,0.23972605627883048,0.33951279277772284,0.2042026709784343,0.1898968278005252,0.3170882149672378,0.22700715281178208,0.48443972337636765,0.6894898732529892,0.6066543121923035,0.47532694510072565,0.32153290283470165,0.24480210487751244,0.2143416261809312,0.16886531004080832,0.17532558774366927,0.11109005997768,0.2514684466716264,0.27659679394615805,0.2531217341635571,0.3786497354980639,0.27319187619776036,0.2947404359401778,0.22430068877222703,0.21714841280752908,0.6013838530001713,0.506055935259156,0.9597446830540121,0.644802067625771,0.5995466215239796,0.33544261146910803,0.5113391577641164,0.5460119263430275,0.6483519790113825,0.8731840437930899,0.8101907789211964,0.9060820935476293,0.9716844331050192,0.6826049926535512,0.8312364404985805,0.770871335553744,0.844942639696784,0.9958207004668943,0.9933122827539825,0.8945779759345537,0.9120913644408091,0.6216964873949893,0.462619691355894,0.17071890527006747,0.1748615985654036,0.11539902364864311,0.04635844110262213,0.027452659589433118,0.053714321889225924,0.1610748778861045,0.08718418571041223,0.07378924056654625,0.03316337416489181,0.015178843956124479,0.012414046388564992,0.004257213853499111,0.002389304404738935,0.0010742939586634301,5.710995598841904e-05,3.125432789663687e-06,2.8423134382497393e-07,8.32258924677709e-08,2.013219618656771e-08,1.385780338904279e-07,1.1207722973469364e-08,1.7178945409604391e-09,1.555203130039496e-09,5.060120944491377e-10,8.780882876876817e-11,1.5604949278124992e-13,9.307780619388102e-12,1.2210420034188423e-14,5.377727293898042e-16,9.634466297465046e-16,5.534824086288957e-18,9.051177927037508e-20,2.33642497890546e-22,3.2720315981384226e-23,8.101586207315499e-26,3.944599874089766e-28,1.1877097922344456e-31,1.2282365726412906e-36,2.004634541398665e-40,4.769564641111325e-47,2.0569863746013932e-54,1.3459772950517353e-63,6.2927110716920105e-74,3.0698115977967215e-88,2.206005988795128e-105,1.0231320361299061e-147,0.0,7.418589601904793e-152,8.850128503516556e-109,2.592781267031368e-79,1.060616487910078e-64,5.019973291691633e-52,1.724298006702824e-42,1.4395897790522155e-38,5.5005379849830636e-33,1.3279166325007166e-25,3.7984388674769675e-23,4.461082467215308e-18,7.517562934867424e-15,8.865597782020668e-12,4.721734509762832e-10,3.0540754321077477e-08,9.37847550906894e-09,3.8850944810241684e-08,9.464416277607691e-08,5.319696532615229e-07,1.4583469269945163e-06,2.061269090533488e-06,9.019170127534794e-06,2.5169232260451895e-05,5.0396131066850864e-05,0.00039503809818329587,0.00042800231758134656,0.008241954294046196,0.013296731617004134,0.05885676846278568,0.27227953497138857,0.27061318721255967,0.29212309703260325,0.31742155202235756,0.4276481347603184,0.4241770585224663,0.6443286526877593,0.749855927887704,0.8785346520518181,0.4935654437797284,0.23394928010337612,0.0499011188120505,0.05082853780888633,0.06684496614626707,0.04697314356964967,0.013980162964423955,0.0019708586319917495,0.0018063383343890928,0.000832069395841859,0.0019708846318155517,0.0011791237337021219,0.0007350536036369715,9.853629201825268e-05,1.4319065288114056e-05,3.529169850750195e-06,1.631715913507739e-06,4.6588413368777243e-07,1.409183694420092e-07,4.138923263426719e-06,9.519074905384655e-07,1.0225596917929955e-05,1.1115061638218427e-05,2.000394684080806e-05,0.0002995004195519121,0.0004989344369791136,0.0008881436352349043,0.00031819912086586015,0.00011230256552479728,5.5440349919842306e-05,7.353171998215816e-05,1.8826699411208134e-05,6.302343154632553e-06,2.7041547803296103e-05,2.1397552556773308e-05,3.129699559303219e-05,8.430589192612478e-05,0.0005172684497463005,0.0010109839481264387,0.001152530457081275,0.0004708944451980098,0.0012201317833849955,0.004823336710732781,0.011743421882339783,0.00941120574060624,0.00989012316983438,0.004365643587169707,0.004004444233939502,0.004693511434558903,0.00500135178596719,0.008184937707188632,0.0030408581055854688,0.009575489476671483,0.009148934897471093,0.01696139646465974,0.05899824986037441,0.02088694827666532,0.04003338489489177,0.02818359841289079,0.027377047567271016,0.04671159360537258,0.04383562403102157,0.07026002647938927,0.061443824274459144,0.05622075021878526,0.049203369037658366,0.013336019161202015,0.02742146546415912,0.028735892752607437,0.027043335675406354,0.035419437325675374,0.008718862065097704,0.007159592154479702,0.013833982055743222,0.04000570562785617,0.02796275032533423,0.029189832026725388,0.01763631085901357,0.004041264807852148,0.001626700830297912,0.0008844965691516458,0.002443020382765052,0.000488307194837618,0.001171081539258979,0.0015430334739961955,0.0010020816360964673,0.0009130641268555494,0.0024008107506222885,0.0005921204671073246,0.00012070677887243891,4.8083559522112867e-05,8.039163068656518e-05,2.672228056733305e-05,3.4880158890213446e-06,5.8779180043441145e-06,1.9293035345841447e-05,1.1726006816633181e-05,8.336432741082647e-06,1.5184930454422975e-06,3.3090925551009996e-07,9.03187736054912e-07,1.9992072868825976e-06,2.310232827916088e-05,0.0007377346780156105,2.2875662757927525e-05,0.0003748993584551661,0.0007209892811949705,0.002744231235481552,0.0025395231904411656,5.9383664419496394e-05,0.00036840801837749985,1.966016136699361e-05,5.5477118639739035e-05,7.586315560077171e-06,1.4075241945797646e-06,1.0093212901398618e-05,3.862180406459426e-05,0.00020187043718292028,0.00023276662959640092,8.660991147188374e-05,0.0012713491684433124,0.0015707354190511195,0.0016145101749074893,0.004806216173540978,0.0005057362077287114,0.04831942976874728,0.02104319382452515,0.012798771830756528,0.023379802691294117,0.000935418527771764,0.013715074577366693,0.006299333555038808,0.003336006877233041,0.0012417515504253745,0.00017869943905456215,0.0008392218678258884
2.5999999999999552,7.786669953021067e-05,2.8594503054344745e-06,2.8834490198424952e-06,1.2905392073872698e-06,1.2525985925143011e-05,0.00010463054034182508,0.00018748265027933886,0.0004352274781764388,0.00019489173332900455,0.000310246588788191,0.00013612110576419081,0.00018239442876826937,0.00018122648425591658,2.645026022939134e-05,0.000161515870715379,0.0002069362360671257,0.00011721413688706143,0.00032264244566891984,0.0002343963172529959,0.0007183383279102251,0.002194811844157708,0.0022196868269932202,0.001873781179083139,0.004952744430323889,0.003699613131104667,0.01099454770265799,0.03177230769210112,0.03350400451127449,0.061559024732486325,0.04558132156500253,0.11027369180299686,0.10613548132494272,0.16389974058680842,0.09013717217688756,0.11335881493024558,0.20741529285741708,0.18273434437668123,0.4336853022363448,0.6354489077905381,0.4877678499917889,0.3696883288005064,0.27071571185178234,0.20115570889433484,0.17528188423669458,0.14413419692715956,0.20466311313672095,0.1270091785091407,0.283779676978471,0.29871786701750574,0.3369371766602321,0.47749268731252376,0.4253638639658902,0.48315086350424935,0.36543650594746196,0.448307296340648,0.9459568494265164,0.9798665621374529,0.5132999080322991,0.3282272037575986,0.2549076566211263,0.10598888168630835,0.13929188134243925,0.14417436491691665,0.21045795620325142,0.311440524661417,0.2896293213537741,0.3906818581659314,0.5241019111434535,0.9087923146025069,0.8232928661752537,0.5333783649016156,0.6445918146598013,0.9142533447159138,0.9219826703450669,0.880744647231967,0.9300902636739257,0.6280164548425327,0.5041781526730078,0.20857765693495497,0.21417883795148088,0.15520316423411457,0.09022663181654514,0.05447406770334455,0.07868612118073293,0.205531070779195,0.12623394770922947,0.13223505463385873,0.05660252808735014,0.0399241030588903,0.030310721425914126,0.00813701925691833,0.003394226914933445,0.0014194605407023694,9.047589806143069e-05,4.086708647270023e-06,1.1766237870236977e-06,2.079127247880469e-07,6.06500864278471e-08,1.7551554679806556e-07,1.9932167484611838e-08,3.1361473973214727e-09,1.1338826926490006e-09,4.931731141912552e-10,1.257838245357796e-10,8.8808187125669e-13,5.5412849989021823e-11,3.399966856040983e-13,2.652964874407738e-14,3.533709145866829e-14,2.26116527048043e-16,7.587670550519637e-18,9.897429394461684e-21,9.55367747430113e-22,1.0564359208780111e-23,5.920349649258021e-26,2.265132641904488e-28,3.1338381342940817e-32,8.165874837467236e-36,1.0914110243069094e-41,4.683532586719587e-48,1.4190023514065247e-54,2.538775638626242e-64,4.976630486746174e-74,1.1349915021602919e-86,5.221609353166879e-111,7.418589601904793e-152,0.0,9.563662813922897e-147,8.776169456607066e-104,1.925432401051725e-83,3.7403262967259725e-65,8.214082139151804e-55,1.4234276102762555e-48,1.067363266005423e-40,3.476830458483131e-31,3.878478003708261e-27,8.773731592047024e-22,1.5278977509885172e-18,9.680504217132283e-15,9.608825468599595e-13,9.263149556693655e-11,2.0189639311704756e-11,2.80110741995964e-10,3.128993676498208e-10,3.4114668091946496e-09,8.336203138095452e-09,1.1529332269894823e-08,7.842408218118251e-08,2.643792273244898e-07,5.442604087863046e-07,1.422119137110888e-05,2.512422032323248e-05,0.0011392167507137424,0.0022007831324535633,0.013577372512168034,0.10129008589765805,0.09335091951799787,0.10330931706376767,0.08279554917179581,0.12882263786046297,0.09855219714035335,0.23154779390514726,0.32123837393489757,0.6270961809358642,0.9560870567640912,0.487288860341074,0.13296130172609874,0.11989246597833546,0.10550004670264777,0.0393268646685488,0.010318717781764356,0.002241369586974025,0.0025649250606994043,0.0011238479155261123,0.001244711432866772,0.0006095436425070993,0.0006064691714972367,6.382262472488674e-05,1.0970876909848548e-05,1.1953497038442596e-06,5.317058354535897e-07,1.2907573257884203e-07,1.711778117987549e-08,4.006533624887058e-07,5.646755812529638e-08,7.878489837370312e-07,7.988142411255119e-07,2.100225319821409e-06,4.240966301070283e-05,7.626550666442679e-05,0.00010692748214112668,6.103215777516775e-05,1.6470087181020856e-05,4.132211504899732e-06,1.09152549228486e-05,6.108471136149216e-06,1.999850648081048e-06,8.33418749353712e-06,1.1044765968972843e-05,1.6840254130237705e-05,1.7157104849992727e-05,8.646143519406266e-05,0.00018742618223165252,0.00014740301304784674,5.5565472989484975e-05,0.00038869963135253004,0.0020363032447154685,0.004059930866214556,0.0030430279072622625,0.0034933048550215926,0.0014779962454919777,0.0005397840224927483,0.0007852827610062127,0.0009036242414505129,0.0018361588424460464,0.0004948924433851891,0.0014167094168222095,0.0008751345340134902,0.0019936535884006773,0.008087384318610715,0.0027542995798596056,0.010513872796429298,0.00619000470630421,0.008608008068436644,0.025308939282564776,0.03315325201075412,0.04919565201700732,0.038374402794526426,0.03269945745928127,0.024834834831853534,0.00901452044135549,0.015845358645898863,0.02920608136612906,0.018197351309759885,0.027947287521568952,0.006919795756006874,0.006100463260790019,0.011695048178968307,0.028745124974389417,0.038307917728019586,0.03250515472823589,0.017052738505146228,0.00422702381684244,0.0016892569854656796,0.001523617441172001,0.006084274452367324,0.0015445394353771735,0.003498389496686724,0.005999429848277995,0.002483135366379063,0.00251048656949833,0.005024673937220502,0.001067936501224621,0.0008057374560227563,0.00015182188278613508,0.0001862644177044168,3.505393388421118e-05,4.1766900677170225e-06,4.185640854325302e-05,1.1213555063646051e-05,4.66112856187134e-06,2.3468615079679283e-05,3.9695889344973455e-06,1.2792549141490836e-06,4.668843105586649e-06,2.3992795717886594e-05,0.0002668390370320238,0.0058699053091240795,0.00020875494686809626,0.002005908682771676,0.0028007018163603114,0.004821310306938334,0.005098241389414209,0.00011501684923482074,0.0007996568478080123,4.95599422451966e-05,0.00015994424057747737,3.094161058251779e-05,1.0106423815222782e-05,6.325623015707134e-05,0.00017563125124368738,0.0011296124156600044,0.0013954380071571303,0.00047305121188542955,0.009407633754752624,0.011545153188318618,0.010666930286544047,0.03190307700501569,0.004484126664043782,0.1504702572630113,0.0897309249988318,0.052824168195055685,0.06353405649545352,0.0037288827384866657,0.03813028961348662,0.013631553222562905,0.005679686241533255,0.0025567717864616872,0.00048520251636188343,0.0016626764960213343
2.699999999999955,0.000159830781834475,8.476305515972123e-06,7.775528150349051e-06,6.023990008858733e-06,6.258647307720873e-05,0.0003105084480725122,0.0005212517807197476,0.00134857274156616,0.000652022816746111,0.0012622105797576223,0.0005491751706055561,0.0005851301905683748,0.0005002146372615215,0.00010794293173013112,0.0005347997525274247,0.0005038346588337751,0.00013206803918510733,0.00033292003804308805,0.0001830714881574454,0.0005852634330376412,0.0028953163367261164,0.003913747206071248,0.0025661711829052087,0.006594983007040936,0.0038145610827881233,0.011663401281830158,0.024174537575426827,0.029649039979839205,0.056367238411201344,0.032043030873102715,0.06643822937426345,0.07259274556138866,0.10969651637308094,0.07437243325028951,0.06022775700273222,0.08759271959255449,0.0597202363825528,0.13744412461861527,0.2517228352535554,0.14939853723079852,0.11432877578291539,0.08682876423060323,0.08006871391335453,0.086364433273911,0.0781116470961017,0.11956057519057049,0.0927760239770709,0.20508665281956534,0.23512003862386313,0.24161897511144645,0.35931735696372447,0.37377992023528844,0.4131703477004231,0.34442853679085483,0.5333284726057536,0.9006335170995494,0.8290215487354843,0.3942786921165385,0.2159113738290918,0.1084173891587794,0.054683556424199774,0.0645507989096986,0.06678855400592286,0.11526847302209577,0.18337917241538942,0.2038813107821656,0.2969045151354884,0.395864348224898,0.8251613899350954,0.7095900393604145,0.5424946401471289,0.681064530748074,0.8672196304367331,0.9150400768681491,0.8772490310590857,0.8842062805126433,0.7239658034851456,0.443282693745536,0.21925869383359953,0.1823276543327741,0.16041926339436963,0.09537061537557466,0.04716421027021892,0.07204144918909579,0.19704549615393666,0.10991895558048784,0.12274545181532037,0.04872765755759558,0.050896888374027595,0.03240345830569359,0.007937387278483456,0.0048766891784379545,0.003082424395378645,0.00018795652430764702,2.0994269446442208e-05,5.357685172586457e-06,1.5497906170224895e-06,2.846812797179237e-07,5.90466026060519e-07,2.7197124603957363e-08,1.598830539088334e-08,5.075302158634154e-09,1.6791287927373821e-09,8.551631005020669e-10,8.932980139139018e-12,5.745196224454524e-10,4.4295577740568246e-12,4.3931797814618896e-13,3.707110103722223e-12,2.801044487886046e-14,4.303493033934089e-15,5.61060397554297e-17,7.843791000165754e-18,1.3858434562485456e-18,4.046723345332154e-21,2.3201645696330197e-22,1.0504795911258048e-25,8.120545409312065e-29,2.523189874589795e-33,1.1566611833477475e-38,7.5711588235857e-43,4.136258223459142e-49,9.641781043922038e-57,1.79549015947631e-65,9.129987578307192e-82,8.850128503516556e-109,9.563662813922897e-147,0.0,6.457470822125226e-149,1.2952363137536186e-112,6.127507496293553e-85,6.142181658691496e-68,5.330667385357885e-59,2.529698861401451e-48,1.4960238243556697e-36,1.716342554812076e-30,2.743625829190928e-24,1.01021906511579e-20,2.6872944738014474e-16,1.1264333663836945e-13,9.983608932238237e-12,2.858513239053887e-12,6.15409610106629e-11,8.034570737359687e-11,1.213646838012306e-09,1.998666785936468e-09,2.2299957225385403e-09,1.7088031471402784e-08,4.117200164245145e-08,7.309096400174754e-08,2.7595307307637238e-06,7.205447439952548e-06,0.00022200094073930802,0.0005738726336663821,0.0077683526285382476,0.06232506548960418,0.06300328566970348,0.06739110919238156,0.06360504921676033,0.1288689287469295,0.1009215754061235,0.269246088869865,0.4025061061522724,0.7451205224941916,0.8158608731302633,0.38905861936919944,0.10661880291396013,0.09576757817308955,0.07836317228989466,0.019257014286463627,0.006224374889909169,0.0027965839542973057,0.004271174905898526,0.001953877691403736,0.0018414062517560557,0.0018858114645796502,0.003310195954262084,0.0005389815000259946,5.175461222456923e-05,3.097633504871621e-06,1.2135654671368611e-06,5.362880408174842e-07,7.400623886419239e-08,1.4520302198080392e-06,1.8685544816153855e-07,6.091464978707024e-07,2.5764358302813515e-06,5.934939139163637e-06,0.00010794354607356312,0.0002638549628821784,0.00017131373322507872,0.00017579137474222294,5.998977198725311e-05,1.2327655056198055e-05,3.4392131056069174e-05,1.7963812019120568e-05,4.580869319524499e-06,1.4721374742134325e-05,1.4809303571339722e-05,2.3007326566963885e-05,1.8186241884154035e-05,0.00011585681611130494,0.00025157132546668027,0.0001755859376718936,8.380316522879955e-05,0.0003082142250602039,0.0018222715883176369,0.003087519552691733,0.0013323144719512494,0.001510150387182596,0.00039421495679247364,0.0001420496812909673,0.00027009333684446644,0.00022652180655561815,0.0005411096588778991,0.0001269819566399153,0.00044131936365383986,0.00022456270652098943,0.0004394527665464764,0.0026192676101739996,0.0009842812778484054,0.007065427030189949,0.005076503042549542,0.007071325271832566,0.021305894974492545,0.026047045878358037,0.037726459875020824,0.02600879272037161,0.018881026961911754,0.015269427527907489,0.0068131641567064525,0.014805599742538615,0.025052145774847986,0.018379290364195337,0.03056584787416745,0.009403235063614505,0.007131180243646734,0.015343999783464842,0.028902462569627706,0.0462988097707119,0.03275629144736365,0.017478048148420734,0.003812489283046725,0.0021865293359654937,0.0020521785622317416,0.007301897238083851,0.0024378752670278603,0.0051909088961279125,0.007610068748015163,0.003600940998441027,0.002456101498903029,0.0037867793770824166,0.0006770338342350942,0.0007067972522250223,0.00014920965021789504,0.00019022232084618315,2.6382671022270988e-05,5.13694564352826e-06,4.7422497411176295e-05,1.3790087462430358e-05,5.466885836680516e-06,2.6505990603085056e-05,6.053986922570874e-06,3.204366708113334e-06,1.3851912939404761e-05,7.102454654367786e-05,0.0003797296971380492,0.009312825547390229,0.0004022059894501477,0.004372788542630076,0.006870009092611358,0.013252474414231954,0.016242391098740237,0.00025831704362000213,0.0016872454224234348,0.00011182186955189777,0.00034707996286212887,5.8018002168144976e-05,2.1314851693961958e-05,0.0001614350566877279,0.0003424033318467231,0.002703699899740431,0.0035479580650798663,0.00136128801220068,0.023837476575019872,0.02114512139278697,0.020393012916015224,0.05725238034582704,0.00786256814746783,0.16837594547688184,0.12410414720261731,0.06081538751029629,0.09086967342880649,0.0074837298583775805,0.05443233208980265,0.02632367155226009,0.015527097245305559,0.008704603217488874,0.0021566831113579935,0.007158506488764391
2.7999999999999545,0.00021826384710634336,8.271085967897e-06,8.898936542784697e-06,3.4382182757518073e-06,2.928505370630433e-05,0.00016671422096070824,0.00023393069071401965,0.000494103533779579,0.00038774271294370044,0.00030954515727845376,0.00015753504751916258,0.0002199737238777192,0.00019131031011931874,4.717173865475388e-05,0.00012310756755057954,0.00013456084591488977,4.2028148356437146e-05,8.634473504627616e-05,9.110982943901344e-05,0.00020402466414522506,0.0015961621510561233,0.0024324340392353574,0.0022285282336831137,0.006238101914502317,0.005154419802803402,0.010366943339795976,0.016714252911661506,0.019738698330822924,0.03858723274980717,0.023364753471091806,0.03440286364236995,0.0429093659328306,0.0954241287375247,0.05353630213856126,0.06836589791424144,0.0933582536782852,0.07774450037322317,0.20912502865144966,0.2647251373487453,0.14737470589618842,0.08513332271371316,0.07068151075528666,0.06416757455904429,0.0645482518399049,0.047731083051184724,0.06891701793758391,0.05344607397802528,0.15436631052883587,0.19390019253114602,0.23295952836282433,0.34693427063439264,0.361560106748479,0.41757780937369476,0.3443200411088977,0.6630749586726098,0.7273480991320239,0.6731792714260746,0.3436716238213611,0.21227883532105565,0.13789436732537258,0.07141855861280397,0.07646399447256405,0.0809208853836796,0.1202667500123271,0.200259425965919,0.2063820919330435,0.3356143193024553,0.44473877529878847,0.8262072309418859,0.6750338547603162,0.444072129366003,0.601026424093511,0.7624995242780982,0.7558139614842212,0.7357316661247482,0.8859670754726421,0.5250397744063341,0.3312486789175533,0.14876047558742322,0.14910068453593026,0.1255962886757503,0.06455309908228099,0.027231421382483176,0.030414158003282295,0.11039151273806579,0.07231947510298849,0.08989685723980326,0.053711886301340515,0.07387200821409266,0.05777875231397888,0.021545049947729294,0.012526821146272883,0.0068220624301590345,0.0004927229972047954,6.49402436512933e-05,1.8555230255753047e-05,6.984990641563702e-06,2.1814237412462867e-06,4.36591930138224e-06,3.481355962258546e-07,1.9642357166035312e-07,7.209354560891175e-08,2.2672447947265773e-08,1.186860147557869e-08,5.046601836569614e-10,1.1237619321524069e-08,1.6681443609232325e-10,2.3474228220503628e-11,7.862834442881599e-11,3.5085652524981185e-12,6.581192300255356e-13,4.650835406269047e-14,3.269976587429234e-14,4.1801393477738805e-15,6.317255608732932e-17,2.2665666336578223e-18,7.40433626304152e-21,3.513856132191967e-23,4.3449705563643195e-27,1.3337977916848784e-30,1.1791210133859377e-33,2.9239680798737775e-38,8.710901894383517e-44,1.2174807226906923e-50,3.1076627830910287e-62,2.592781267031368e-79,8.776169456607066e-104,6.457470822125226e-149,0.0,7.621256999515711e-157,2.3447515259417273e-108,1.0048909764202246e-83,1.0817137292210964e-68,4.00059896268206e-56,1.6151164916097906e-41,7.992837832187802e-34,1.6266720270346906e-26,2.9917814481982727e-22,5.706274187707358e-18,3.3789417736342997e-15,7.421564866680205e-13,1.996799210631174e-13,1.4709865070478203e-12,2.8822500030504197e-12,4.8831018943330685e-11,1.8728024158077713e-10,3.7577745836123757e-10,4.2932381007620176e-09,1.4091787552165695e-08,5.704419253050344e-08,2.430922492559721e-06,9.77893616467317e-06,0.00032182743531288584,0.0010120825200742266,0.01045265308265288,0.05946595858869789,0.06523630938602626,0.06457604858760123,0.066783051378744,0.1274985289428558,0.09935212478450811,0.25988679446166574,0.4122029855803788,0.6501235278684492,0.866615826598504,0.4377062264342248,0.1514824384271915,0.10945771779804182,0.08165455902388108,0.012006765791146746,0.003216485104724247,0.003168028062739997,0.007009010472326746,0.002904794567748343,0.0015964556593513653,0.002004508971955711,0.008270004978289641,0.0020049456173973227,0.00021587934429364745,9.036648264489825e-06,2.489088044921278e-06,4.465798934982487e-06,8.778741266759228e-07,1.2716700123116467e-05,1.5061243053648968e-06,1.7969846434054757e-06,1.2684715794512075e-05,3.670841803667332e-05,0.0006215843411066656,0.0010308019648534528,0.0004555482638372831,0.0005457968817213356,0.00019604351983523087,4.302520780158592e-05,9.619903051080912e-05,0.00011138753550211022,3.708486550140775e-05,0.00011354781920394115,0.00010550586452967624,0.0001521480075461682,7.59320816230064e-05,0.0005817819625219202,0.0012938478310750875,0.0010327162238410001,0.0003228003395332348,0.0010846008943551188,0.00531737092819431,0.006492228253942176,0.0036975021083965574,0.004449204239083014,0.0013652328951538944,0.00033971322995488836,0.0004972686742336143,0.00030498104355723064,0.0005250467196550422,8.547368251351332e-05,0.00031581970461998314,0.00011884544624732204,0.00020310387655020847,0.0016441793303862587,0.0009730926627320918,0.007214314428568318,0.005686973770898168,0.007321360540987421,0.017198157308821984,0.02148623299086497,0.026912648851279586,0.015023676137064767,0.010369732025414528,0.008539588619358775,0.004346293241724855,0.009581463654526065,0.02040439172788278,0.01542438455901927,0.025509709569128493,0.01249552793394784,0.009562740763056281,0.018664736188402593,0.03921810395947399,0.07245759687267035,0.053910335334988485,0.035567590415781634,0.01181224092505486,0.006751283104241872,0.0065916820405784345,0.020067314107834452,0.007576582800244452,0.016274907699158438,0.030918135467042248,0.01504889208747527,0.010672137039063985,0.013375062889740271,0.003691354129127653,0.0031931655965688486,0.0007384572880431238,0.0006384431258182806,5.516643230309257e-05,1.932021292267134e-05,0.00021558565105102366,3.455900925063822e-05,9.895463383198255e-06,4.125941262338832e-05,1.1288611786557074e-05,3.658667136107933e-06,1.3597511723570128e-05,7.197527810743803e-05,0.00035798471165217306,0.009958174760654501,0.00033516947658896996,0.004295044229070932,0.007524818888062651,0.013687677041582018,0.02284612877606088,0.00048350261506741016,0.0024068157936753152,0.00018941962735135538,0.0003325461195437832,5.5833684180336354e-05,1.364548662485338e-05,0.0001088988533239765,0.0004406774668421087,0.002748715183043299,0.0030223440677909046,0.0010900179823604775,0.02259545581305952,0.02620138184898521,0.022691581211030338,0.06880195363074756,0.007908098318481854,0.16011979955542927,0.12470939222805102,0.03759809331019741,0.05488942514537168,0.002871446447774134,0.028162152506512536,0.012481828635340739,0.00837790740312273,0.004817247114989549,0.0013159928642912668,0.0038583197574115404
2.899999999999954,0.0005401881642158546,1.6211240844856616e-05,1.6510887952421704e-05,8.156402319791835e-06,6.880903669387973e-05,0.0006019978413544903,0.0004988866888939213,0.001132392535003816,0.0003769116185905729,0.0007033046465662974,0.0002626511261901356,0.00047980545037716913,0.0003972802278798209,6.426134029663312e-05,0.00034270598122067676,0.00019794294119857296,5.5845673808933946e-05,0.0002120148890630164,0.0001762763769280692,0.00025261088807350054,0.00174218231775264,0.0020517425483587586,0.001379597834812788,0.003710297536776744,0.002704200347123895,0.005481791977231007,0.010654935668295474,0.014277050997884785,0.04206308962419771,0.020541885595164882,0.03199424387808061,0.05018593837725929,0.08771494903118986,0.05111951067764665,0.052742686825650635,0.07686276458907915,0.08806037052128941,0.25098201358916056,0.36603272632725775,0.21646076485534113,0.12971691427440737,0.12121526097107849,0.10941710756057255,0.08956613355063181,0.06080617322858515,0.08646255015017165,0.07400249550893576,0.1947028302826706,0.21510245340305326,0.2865261887305101,0.4382684000118129,0.45469001132602216,0.5346558539128341,0.46411177978446255,0.7736535912461142,0.652447315280141,0.5983252019288898,0.2842450090579059,0.17833367764309324,0.1116328266431552,0.09489490957941427,0.1188401813460869,0.11651529926854072,0.19896808327391446,0.2854856506208824,0.3043557434077394,0.4628129847481084,0.543237190006558,0.9952487863697621,0.7983056513767034,0.619853319168068,0.7789821112527631,0.980309875368857,0.9410229661092804,0.9289872008565598,0.7461432296201923,0.8507724720077817,0.5747387070401158,0.41555666962797944,0.3848250354724861,0.3383774588572234,0.20686119295376235,0.0738692802879057,0.08118646667272152,0.21755304743345935,0.12254417063672526,0.13902773002143176,0.10917699868393654,0.16340003104925208,0.13226775716617906,0.05134584015416526,0.03770587251941258,0.02983515135417611,0.0028830737481730546,0.0007482434512233177,0.00034305833567232965,0.00015786290839544032,8.141315994911129e-05,0.00015915660074044123,1.3474237753066812e-05,1.3164923757543787e-05,3.8139570166917123e-06,6.403369072926571e-07,6.740308573391053e-07,4.527386669577947e-08,1.1983948167436097e-06,4.7596319237826666e-08,6.88643976539674e-09,4.216546437587861e-08,8.766017331347304e-10,3.3685278877438934e-10,1.395062745099052e-11,7.315759481084879e-12,6.0468040661991525e-12,1.3322295340907194e-13,1.202502329590346e-14,1.22782722091081e-16,6.823815569734569e-19,5.224605239595329e-22,2.4808746061229323e-25,1.0764513865468964e-27,2.444332323209909e-32,3.5615338641717605e-37,5.6607884293363396e-43,9.926821175400505e-53,1.060616487910078e-64,1.925432401051725e-83,1.2952363137536186e-112,7.621256999515711e-157,0.0,7.957014520671766e-149,2.6143677686237813e-104,4.346961069317046e-84,1.1468728442389219e-67,5.552597045580887e-50,3.102563085153885e-39,1.6281315446654087e-30,2.116255026863879e-25,7.122093642119072e-21,8.926694690775251e-17,2.824960743044463e-15,3.0932657444825043e-15,8.00850072418185e-14,3.1543145439724577e-13,1.0746424578093533e-11,4.6324941947868e-11,1.0392569227912574e-10,1.2925608256344976e-09,6.208357111910266e-09,1.2230295132778457e-08,8.255660095816182e-07,3.0200859082734335e-06,4.457905494090952e-05,0.00018279867043042932,0.002216127443906201,0.021682548077535172,0.017863222536245088,0.022822156426951665,0.04215548936613506,0.10287309808086696,0.0701209302943684,0.18030510151536527,0.27060417454592967,0.5996965196963451,0.972905007680322,0.54834014348956,0.22017922282666394,0.13019350182265482,0.09571973752896497,0.013894924497791526,0.002495249880933,0.003613667575045569,0.007772904795238636,0.002766225950765072,0.0009366309582818685,0.0019000127744457748,0.010522156769438254,0.003126541988148088,0.0003417336888276142,9.099483283225361e-06,1.5449512103569514e-06,5.3501217138233195e-06,1.3498357808077075e-06,2.355162001783001e-05,4.565262517164043e-06,3.618117289802122e-06,5.3113066771671936e-05,0.00012725394820882805,0.0015499024937021396,0.0031013255156329455,0.0007428299080187983,0.0013517064151886968,0.0005894005072302128,0.0002289837804213746,0.0005238380745457126,0.0006000741700770139,0.0002889530222683179,0.0006096692730108886,0.0005647998575415076,0.0004538283454844293,0.00024217107179887352,0.0015949406061097884,0.0036196220700380993,0.002567738715548767,0.0008331980890899541,0.0028485006569447125,0.010057339230217953,0.009885988078634425,0.005154167754394747,0.0037058710609342745,0.0009519312313355361,0.00022643725861179456,0.0004961712715628767,0.0002366832555719979,0.00039892941904720786,5.875765003806843e-05,0.00023012175496058232,8.320605072614585e-05,8.952446447343613e-05,0.0008065586067578404,0.00032064818470095775,0.0036223315911766856,0.0032246087105785534,0.003844754766993402,0.012996870310182589,0.019069572550925052,0.027567778106475132,0.01698391682123755,0.010712755665663131,0.008919556622840509,0.004760354765890204,0.012003618020796811,0.02751826993210764,0.023715925781523813,0.02786711063108399,0.014526544847502399,0.008758622281298773,0.016043820355938244,0.031647488191816286,0.05797385191316483,0.04095514660427324,0.028229051756649196,0.00833673977469799,0.005953092160796291,0.0037879350825723523,0.0117756365348704,0.0039029399862740887,0.007781554565374504,0.01809865420377475,0.007387445485505279,0.0058192863124116685,0.007818799471117787,0.0036518769520687993,0.0028120166278609673,0.0006559229119766218,0.0004287977861205368,7.164348838687724e-05,1.9597470461811275e-05,0.00029690155922011734,1.8672423496960255e-05,6.173625332306843e-06,1.700367111495082e-05,4.2173222085426164e-06,2.7958379218116285e-06,1.2584357928340475e-05,0.00019498571346964017,0.0008598861188474003,0.026623402470621508,0.0009551057149961331,0.013052233163705169,0.022963800909385892,0.04026342095450405,0.07461297680834668,0.0023392152283783904,0.012603375355291548,0.001157908563480747,0.002119510152338526,0.0003840670750777279,0.00010958556185707106,0.0006078089753498981,0.0021382692858048775,0.008357150061817357,0.01203964503605558,0.004689735010450269,0.06615888467735055,0.07751436316449248,0.08050291614900913,0.20714460168842047,0.031075372384203343,0.37268867388888816,0.29060968670644627,0.13272772125158352,0.21443397601178502,0.0253731707139207,0.16420511097684615,0.10190859441100994,0.08980160592698762,0.051128194079740875,0.013984399575196309,0.03549668103366214
2.999999999999954,0.001909100131611589,0.00016454585636019087,0.00014049232276052434,9.800627885609094e-05,0.0006068959806114454,0.0020031926772900656,0.001723085873731442,0.001968491590010432,0.0009881062661031572,0.000972576226872439,0.00043411141495193863,0.0008123473980800332,0.0005269431237920014,0.00017941361191085221,0.0004620782322248209,0.0004032800617616682,9.252438095584881e-05,0.00025041213677630804,0.0002987316662470944,0.0004707259705057735,0.003129610712715367,0.0026237441864669004,0.0011863485293484661,0.002338603619600775,0.001256382174195522,0.0021290796373343206,0.003861319252231618,0.007604455681994583,0.03505043518618615,0.018070616158749594,0.02500663643517876,0.05075974422294727,0.09399410669334982,0.056114147570594276,0.054279313932273796,0.05384065240746765,0.0699573979256137,0.1878314701909203,0.24972464830780985,0.15389957008794206,0.07409521645029665,0.06574114383030658,0.060422827403064774,0.050631604467247335,0.039992802440360124,0.04883331913692916,0.0593151223133537,0.18865755470167928,0.15712281238559458,0.25528851160100763,0.33368040310728186,0.35304743262652294,0.46621658795113535,0.38725204364378574,0.7374147587751733,0.5778801835602049,0.5908539607983601,0.25437306339964905,0.10204477065773918,0.06858279965000172,0.03213615886993124,0.04763582100320826,0.07289141126045982,0.08951554181869883,0.14719555207873214,0.12622756542389554,0.2358064332783759,0.33059735439305654,0.6631171966038261,0.5754333054293549,0.4563480823115429,0.5673944488544695,0.8467738370330313,0.9073560997980131,0.9804913304101653,0.8482588452407895,0.8160510647503613,0.5784042249556206,0.5071455983219969,0.48619001438185044,0.47572038421237195,0.35176944424309464,0.14432196353804955,0.1669739355498246,0.5069994143089313,0.29689656881010074,0.2905342478349061,0.21297751260005385,0.35328929143963067,0.27280703213101887,0.09117612767954997,0.08257966345224618,0.060304121995763044,0.007768974191522193,0.002009244623994312,0.0011089013504611965,0.000602200116409032,0.0005443884506996344,0.0007533141578415333,9.796178678459618e-05,0.00010001727926566416,2.8119300376169463e-05,6.121193001799247e-06,6.214001360663845e-06,1.2578966491688032e-06,1.0815574193283407e-05,6.30758761025051e-07,7.593920738405264e-08,6.518732747336377e-07,1.7358488585337637e-08,5.692510393959623e-09,3.2671745794025947e-10,1.1960624295841347e-10,3.9002762853216085e-10,1.733798930495772e-11,2.745634371724503e-12,3.5011867297282976e-14,4.231578265149673e-16,1.398041542533662e-18,2.312165914630928e-21,2.1772669688413163e-23,5.917463266368393e-27,9.875499284145589e-31,4.688767186490174e-35,3.2502616783073656e-43,5.019973291691633e-52,3.7403262967259725e-65,6.127507496293553e-85,2.3447515259417273e-108,7.957014520671766e-149,0.0,4.4352800381606565e-141,1.2509162766654257e-102,2.625129919157359e-77,6.42579627530593e-55,1.7401960107148695e-41,1.1180493004416634e-32,7.548609803650293e-28,1.0302632293319243e-22,6.868255564977106e-19,4.8183405581783233e-17,2.67619836656475e-17,5.717246111566044e-16,1.0649761497442424e-14,5.26274847321717e-13,8.967461630339268e-12,9.840507813204024e-11,1.211108033592677e-09,6.021490157675303e-09,1.985104649416308e-08,5.827745290022158e-07,2.705262624300612e-06,4.120180926632481e-05,0.00013245569094474992,0.001619633673621227,0.011797271768868835,0.012313536974978629,0.01669077251344182,0.03027593830878482,0.07537387942911315,0.05643399095988824,0.14845326730764827,0.25788326759480834,0.4407954544570205,0.7878108834412322,0.694610899348802,0.2618807031951837,0.15316172123310273,0.12482522759359595,0.02186688378362242,0.0035429051330347684,0.003465017691176812,0.006791032158262968,0.0017683024692721804,0.0009640833648100809,0.0021127126832145952,0.010523622181939384,0.0037844304076582905,0.0005794537202977695,1.8687333189241865e-05,2.255521640908924e-06,6.375259162362504e-06,4.6665676165237185e-06,0.00010402703001010025,1.967515562958888e-05,1.5941309021167788e-05,0.00022384583757292377,0.0004593862802542226,0.002326366837791838,0.003998669994478584,0.0007492346273918929,0.0015594495815690786,0.0007963937063237435,0.0002742471869879125,0.0004966960214612242,0.00045163483018465905,0.0001856287699121534,0.00043324886867637704,0.0005181999833505634,0.00042701097724324945,0.000276738756924373,0.0015856980228804644,0.0032425492309691257,0.002745008133249829,0.000981755089895656,0.002168554438756765,0.005583034660067869,0.003850622094509897,0.0013116119556128457,0.0007437957020157442,0.0001759129531424107,5.042868769230642e-05,0.00011433226796751419,7.064466658321892e-05,0.00014245629285409325,2.3216587787163224e-05,7.052149490405534e-05,3.4162097195582694e-05,6.738027799274331e-05,0.0007477120269948604,0.0004448567261891574,0.004509252536336136,0.004385641853634119,0.007260948094533944,0.0260133138529061,0.04125579032015796,0.04195398420602255,0.038058323862462246,0.027603520844444,0.027063488695223965,0.022912985376020434,0.036455971666183,0.06135192595012081,0.07462617082623542,0.08980188421214498,0.06489263199826355,0.04377140742312469,0.046475128084735806,0.10461140196435421,0.16087304083232823,0.11183633277956735,0.0718569289799693,0.024043796509141412,0.025094152977753734,0.01190551161604555,0.03880539326564211,0.012526133780308802,0.018679801748949395,0.05149057289649635,0.029258905923044646,0.02131890285995523,0.03371871854737624,0.01592972370614908,0.015264917651134195,0.002369130027864477,0.0014757278285430016,0.00037521062026790643,0.00010506662120708391,0.0013251364959801849,0.00017773939594454056,6.986929347330975e-05,0.0002073396641492306,6.779613047067535e-05,6.047583286298853e-05,0.0002564648033676856,0.0014659265810203924,0.002847840465228709,0.05730458181609898,0.0019573041786893628,0.027388030061223135,0.044087642878066075,0.08339108638239665,0.08770600249292337,0.002049707169445503,0.012018757768284007,0.0015058707381683614,0.0017796195373489209,0.0004564239909857296,9.745782333686101e-05,0.0003988484980047268,0.001428177547968015,0.0038868555528015496,0.00486936851432101,0.0016526550616225645,0.038292362080717894,0.052895891128417395,0.04727667775241325,0.12740514321529273,0.016532360536284978,0.25917842305524974,0.20221124142091326,0.08060175611809219,0.1109225833485142,0.006178752816033389,0.050335431174535206,0.021048793112559902,0.0195588611899142,0.010704404338789738,0.001686455003505433,0.0051917848862929215
3.0999999999999535,0.0008594379033897316,8.52992027411335e-05,8.937384921622088e-05,7.598475420220231e-05,0.0005257182155665952,0.001400750176413024,0.0013611186379903371,0.0016985784969443818,0.0008100153037251471,0.0007363721936898732,0.00043026136993742773,0.0008580298955306097,0.0005930780625185757,0.00016040066152996587,0.00029130927634173916,0.0005005457429119345,0.0001619493938727991,0.00038376641979826924,0.0003284266258645267,0.00046474329771138624,0.0021156852416339767,0.0010618579453575178,0.0005508006012977249,0.0011990659234801366,0.0004910966317885726,0.0008770889426141815,0.0017321484558241937,0.004298461640772372,0.02614823493476525,0.011048808280810226,0.015507831882229497,0.026917107152274324,0.05910829802622,0.03280715162345982,0.030252554592670757,0.03936689106065551,0.059978325230883894,0.1538276351734904,0.15357888583457674,0.09601137983221888,0.03393777953879198,0.028206809450557965,0.037946302306912594,0.03068478138618421,0.024821354754570733,0.029418449395695385,0.035768878190744466,0.14491788885490575,0.1341005979197763,0.16613186049924164,0.27509980021084135,0.24453279763935837,0.3141682455206437,0.27416294799461605,0.46952066654153285,0.9341709224924212,0.8031807269530471,0.3963301378518562,0.21228129116174205,0.17880751679203954,0.11426438375799687,0.14909056159422765,0.14000419191857616,0.1370139192500098,0.15693074464424808,0.12216772822003373,0.2676845286660558,0.3577980269721948,0.6294477541814817,0.4326413308502095,0.3160103533500576,0.39699860413748594,0.5423706398529267,0.5723190609280013,0.7107473788394376,0.8161708165437179,0.5697383904332479,0.3812792696514966,0.3556714638483642,0.3653411680218383,0.34650817648116444,0.2675079725958356,0.11205769240396693,0.12254466654526365,0.3638590926621204,0.20119435076768555,0.22408349658292756,0.20256527711018915,0.32102175471863886,0.23777770993222083,0.0759405812996167,0.0624078648811722,0.045325957905908494,0.00808786415540447,0.001499712969377071,0.0009022850210773533,0.0005756313339653019,0.0006121476612502858,0.0010061017798791004,9.574768368329149e-05,9.074051453321499e-05,1.9878407561866168e-05,4.0163233955511925e-06,3.491887724925115e-06,9.373838351458607e-07,1.0569152114300424e-05,1.2340426789815206e-06,3.9683493357035433e-07,2.212993962846323e-06,1.0053332457840659e-07,3.378822154648737e-08,2.9383264006588215e-09,3.644760776686895e-09,4.932978889935663e-09,4.928381589461352e-10,5.197808384793292e-11,2.2797590186836923e-12,8.480234239914615e-14,5.328828758003602e-16,1.7681633649244046e-18,2.785457676278719e-20,2.421639236245922e-23,6.083032577007609e-27,1.7627075069603572e-30,2.615802772034797e-36,1.724298006702824e-42,8.214082139151804e-55,6.142181658691496e-68,1.0048909764202246e-83,2.6143677686237813e-104,4.4352800381606565e-141,0.0,1.6373764382001986e-147,6.824630787081018e-101,1.8180456585292952e-69,9.545335154914803e-50,1.3096041122988944e-39,3.0651319536334144e-34,2.3077858645004874e-29,6.622306794711268e-25,3.600870516750268e-22,2.0769159714412177e-23,3.1528834431576836e-22,1.1709609902031285e-20,1.5821530140000916e-18,7.863404161828837e-17,4.136691249694147e-15,2.238169468179175e-13,6.724476583908904e-12,2.7145661696517328e-11,1.6895400546823778e-09,1.3421419386243271e-08,2.915152417938841e-07,1.6560837042388776e-06,2.820929286339217e-05,0.0003695681767888694,0.0004439941072787715,0.0007536033444912588,0.001710505196765393,0.006988881486564506,0.005834661010215456,0.029787198467338072,0.06488739368635411,0.1404359553590281,0.3048870132331868,0.8599723448589559,0.5200396367847563,0.2911453261073181,0.18907252753225393,0.02431999122417193,0.004805088452376726,0.003168143086960254,0.0065642131781152606,0.0011826870948980865,0.000823378785890331,0.0027735483486391404,0.008577323784259397,0.004598601597023208,0.000715170425950284,2.525134864263134e-05,2.0544463053737075e-06,3.98587529070594e-06,2.6900389838297443e-06,4.227614173819166e-05,7.771361783288263e-06,8.039182983091667e-06,6.705194755148537e-05,0.00012246117662335774,0.0006933229127871947,0.0010501984923642124,0.0002362908441579827,0.00030212178665049277,0.00012797844882470958,4.510058771556671e-05,0.00011481799418758268,0.00014670980379068437,6.55056028409817e-05,0.00020306523124564134,0.00013387746818775838,9.459517275889265e-05,2.7499242252967427e-05,0.00014706361489918619,0.0003679805167722198,0.0002953356178584599,0.00016280665365135406,0.0003104886873823597,0.0010322666804523444,0.0007292510671663042,0.00025407254688578567,0.00022184172466705585,5.204598179285421e-05,1.0293762469296942e-05,4.7596596152625186e-05,2.1992616618782254e-05,5.033242501232303e-05,6.234519380111603e-06,2.6682406355449543e-05,8.027935558849175e-06,1.2480492200139469e-05,0.0002758613452431591,0.00023010762451339617,0.0019775530059350918,0.001925727164794451,0.00370711318543087,0.012079399225603867,0.028171226070920277,0.02241811776046716,0.017418924561694523,0.01445717222598959,0.01327494784967245,0.015747599826260412,0.02561266526043366,0.05325398740675333,0.03619214925468517,0.03532644252075307,0.02452276221419427,0.020228376269266858,0.03225817793669437,0.07208192296695407,0.17169099349770975,0.12444174235757909,0.08535504758649999,0.03638295563218844,0.03979828717345441,0.025942044324697745,0.0922315255663129,0.027758590319219522,0.036758058678710695,0.11654405081166155,0.07965645779223962,0.0665985763348041,0.048754421402361914,0.025290261888398235,0.020893519280974972,0.002214703312212424,0.0011806929846570591,0.00029522448650623495,9.612403567432949e-05,0.001606599043975869,0.00020792063346994412,0.00011169742607883936,0.0002780206665929254,8.972313992168052e-05,9.166004775630343e-05,0.00024574155957512674,0.00045096523363486536,0.0012642923432641458,0.029415540350988773,0.0008189096709258598,0.011899794430867989,0.015855142464141714,0.03264643796384671,0.05356193333618682,0.0013810497998972982,0.015048217598385207,0.001727449447329521,0.0032641045649294495,0.001086632955935518,0.00033409481173083354,0.0010259036435086779,0.002769443107871849,0.005696595158498574,0.010130472587850643,0.0038159125990335934,0.0636559690145797,0.08600537672654242,0.07215306607814514,0.20984417679330758,0.02851446750478648,0.29851364165210853,0.2642834248590637,0.09384071961040988,0.12594310474165896,0.0066540269252329505,0.044345615360427935,0.019371744223105156,0.013193542960850648,0.008104783669633452,0.0013976550741382386,0.0032607232189571372
3.199999999999953,0.0005103289293703664,4.2226192183930166e-05,2.7675755947832223e-05,2.2354823724036554e-05,0.00012605921424197088,0.000317770655562633,0.00027943175900381527,0.0004998030070662696,0.00023880660077726194,0.0004396293069380164,0.00024559057713633987,0.0007126210903275557,0.0008884503579861038,0.00017239329502824794,0.0003841808466276904,0.0007342749444068464,0.00016634748549251247,0.0009719220959190404,0.0005205334053570177,0.0013156488994882601,0.0048529907132566,0.0028711971395165375,0.0011166430925670452,0.0028207552399454228,0.0008268006242554489,0.0014561145369196016,0.0028289298846823695,0.005109491016583182,0.04248792503371069,0.009632644046362179,0.019006296855326232,0.035323884405648244,0.056798766455329636,0.03288278694730664,0.025822464971503832,0.05191025399041755,0.10302080081200075,0.19577990153095978,0.2286501032527163,0.148733365734184,0.07251718632393798,0.05722198619770192,0.07929482008069079,0.06623674999214156,0.040143274172552965,0.04065474317261749,0.05405523561160517,0.14387076536216495,0.1493412437024003,0.14793036909872898,0.32497602475037185,0.30332605023694315,0.38165994320610924,0.35326598564246253,0.5290933901048975,0.958391457410593,0.6765072506237116,0.28304672799695785,0.17336097397137434,0.12451588421040427,0.1153550898918748,0.17467746839049406,0.11706439106892487,0.17685705801653429,0.13443759241111658,0.10437600993531439,0.30400622606182715,0.33423725732407644,0.7419692693707811,0.36007648853471763,0.26150908480031865,0.3181572876378245,0.43342259789358606,0.451357770996943,0.482499236177075,0.5593252061551819,0.41549345468687626,0.26712338913793454,0.34944922735211,0.4029948619979781,0.4311659736340178,0.32836059876731577,0.14885314536629923,0.23219145296624738,0.5216855449686426,0.33720919930574444,0.43775967169889657,0.336948586842387,0.5790759051264911,0.4536878609777102,0.2012385185359615,0.1664125791492725,0.16101486049497038,0.05150690474433321,0.009204800275358296,0.00650261920652863,0.003347803820968475,0.0032970368794348805,0.005252909626701132,0.00046730677397958037,0.0009144993036493218,0.0003189148168272266,4.064156382296191e-05,4.856440341167784e-05,6.1445120395825125e-06,7.99822991939183e-05,1.6705099543188342e-05,2.7395486820701076e-06,2.1784095060710836e-05,6.053342305257498e-07,3.596006471062032e-07,2.6387122141852577e-08,4.449396637781941e-08,4.973378447319022e-08,5.914290955586463e-09,2.397231352114865e-09,1.6359158273854746e-10,5.175035969352059e-12,9.806563449097809e-14,1.9557677077277658e-16,2.190401848370305e-18,1.1005389960418188e-21,1.0764879111932943e-24,3.7560246047022427e-28,2.1195881954466556e-33,1.4395897790522155e-38,1.4234276102762555e-48,5.330667385357885e-59,1.0817137292210964e-68,4.346961069317046e-84,1.2509162766654257e-102,1.6373764382001986e-147,0.0,1.0091309658360402e-133,4.5144701464717533e-85,8.90433982195238e-61,2.3744995379807598e-46,2.5860047969467543e-40,1.5046153923655432e-34,4.492194435803506e-28,9.296809717969924e-26,1.261960577525813e-26,2.710783414053244e-24,8.266816355377433e-24,1.0100364917422269e-20,2.38502513614249e-19,3.844180958155743e-17,8.40757345675187e-15,8.811132595949501e-14,2.998514551062114e-13,5.33194128551792e-11,3.159007288670124e-10,1.724089988009245e-08,6.559582585066949e-08,2.404177787786937e-06,5.459033849203501e-05,6.832768829892596e-05,0.00010100996326049899,0.0003040641266605436,0.0012844981588421812,0.0019573620545740734,0.012383506217867003,0.033734002952403835,0.1032899202436653,0.256856167179492,0.717224415012702,0.629710577800271,0.3892660313435664,0.30191885625253795,0.06747828368968531,0.01861839186290349,0.010334135725919746,0.012455270485671873,0.003799754499846866,0.0025626580862343506,0.005055425768530786,0.01613274570020354,0.009406752029475203,0.0020561889664166017,9.160767138189976e-05,9.381655504993676e-06,5.10600068044477e-06,2.8840683208817587e-06,3.9262885371711436e-05,1.1296341161235531e-05,1.1297786589392014e-05,6.87921521467286e-05,8.089393145209132e-05,0.0003398526536529596,0.0003158128260274656,6.670609475394552e-05,6.506512246078716e-05,2.908049292938006e-05,1.2302798604381699e-05,4.093280604694184e-05,4.451377474274178e-05,1.6204644062709987e-05,4.887614599475819e-05,4.113319068806772e-05,2.912155782309905e-05,7.015084403846224e-06,7.148859982708238e-05,0.00022431213182013372,0.00018358837926243563,0.00012030735801362043,0.00019644586055842547,0.00093688706628175,0.0006719942791034252,0.00019271753515879254,0.0001493048295827391,2.742948029334115e-05,2.1360629017383582e-05,4.7602424482687406e-05,2.6333811815805223e-05,9.4446844860283e-05,2.2613754385618147e-05,4.169379284126101e-05,1.5289703997375504e-05,1.908710746267863e-05,0.00018178576281549272,9.821516449221703e-05,0.000907930328697638,0.00066904737223075,0.0011901357973991976,0.004624494335160061,0.010511535156085397,0.011586115233813563,0.006653040125144077,0.005049658220693327,0.002970607165467977,0.0031322187728359575,0.0075088604599587196,0.02151610617682042,0.009542958345456754,0.007796003178117401,0.00346214726737994,0.001967879756778538,0.003685554658474564,0.014254197803433236,0.04912720753620213,0.03224995774321304,0.024228928196955338,0.012343283132227512,0.014492826738421623,0.012294080684692616,0.04695591636084412,0.01240558062293133,0.019434698952925274,0.08119555468889139,0.07628800488322271,0.06390786180209464,0.04619204527399188,0.027151657751192926,0.023292418726306663,0.0028462769113046273,0.0013748075920371136,0.0008766827631100794,0.00033381135578464355,0.0032553265385639176,0.0003115214066512837,0.00025430712519172315,0.0004205786308413941,0.00018252775078101216,0.0001801618793027881,0.0005545221049014299,0.0014968290024360178,0.006307086793182003,0.08848865502290104,0.003756840144911991,0.05072875660535025,0.06450827964409109,0.09105833386209246,0.1302324910335664,0.007600211620605815,0.05913629697443572,0.009249380159061777,0.013788113309986265,0.004347409246825198,0.001003778499711943,0.002280889075342161,0.006661064055003665,0.01241818633836031,0.02182721994996956,0.008888503859733705,0.10210804557941708,0.14307201765915314,0.1295395007444355,0.2868502707879698,0.05739753382665362,0.4749683278893874,0.5779018013652766,0.2564341843729282,0.3890792305571453,0.057490463852892956,0.2229204468824594,0.16293910643647294,0.1184660991898767,0.0943667093209655,0.02567794442320913,0.04885418967084404
3.2999999999999527,0.0014553432198244204,0.0001589869386502643,0.00015297193404557535,9.768444842343823e-05,0.00031393836695937867,0.0006337345738997249,0.0005122907549504572,0.0006830427489130884,0.0007206693904505333,0.0008433191321310881,0.0015065701479878672,0.0023276528305116438,0.001995699270212985,0.0008116275850830213,0.001140225204862368,0.002583698799653477,0.0008409355927018686,0.0034124911227728827,0.0020610241183062787,0.002838936122874149,0.005999084544951598,0.0050771892871596695,0.0037903191528830447,0.009727485725996264,0.003717181837619172,0.004030065183987047,0.01037226025811435,0.02228732665925684,0.11756727191611067,0.03548251129744487,0.056814696942549425,0.11087163570221525,0.20338802267154435,0.11576029456817762,0.11585265149284964,0.09876119706229072,0.13404828452968115,0.24156545708363586,0.19230813146443176,0.15334770748950985,0.06379105670242262,0.08880575176941982,0.1305575934088178,0.106327318764445,0.06766411143182678,0.06290564451901028,0.0828948286274297,0.24620280581020926,0.20126713655463613,0.16835286703139868,0.3140494303573374,0.25236174115424254,0.32338056525421044,0.25039849230877237,0.4824017205526265,0.9417207231797498,0.8751886668822849,0.44294125303221527,0.2751966457943312,0.21483520616355947,0.22351097418623814,0.4183254817432738,0.41744429211703393,0.3398223636766212,0.3471460813643939,0.18252220302084926,0.404553288967448,0.5498945221173348,0.8674290696424493,0.6323305965622894,0.36526307128008356,0.40401960281601534,0.4397061173903982,0.3663012754894529,0.528631384497429,0.5755927207642588,0.48652628907809814,0.3522023684087171,0.4077502156505797,0.48555636547397885,0.5410397082280399,0.3997253689559488,0.2393930522927271,0.3947244960827263,0.7954480721056533,0.48411125964132184,0.6055416071659478,0.46272466594234574,0.6843427986450968,0.6204487419107892,0.3387379208440333,0.276873750533608,0.18703031018232313,0.08553073756727811,0.018776352279007532,0.009434640235529002,0.00492369117723202,0.0057096276222225,0.003873026271761858,0.0005876903178060489,0.0007911072250561844,0.00044472457866144533,0.00011177543365402704,6.476897458331321e-05,2.7689434891670444e-05,0.0002250653424698393,8.114879929796667e-05,2.4555281366949445e-05,1.975082530062223e-05,2.79045087432417e-06,8.423280774905391e-07,4.7725295858686423e-08,1.5970455021540982e-07,6.581740022773531e-08,7.691795142647175e-09,4.858131822609698e-09,4.849331803194893e-10,3.5928565026725615e-11,5.889804627377641e-13,1.311242717455354e-14,3.531765253875806e-16,1.712317167241882e-18,5.755864855144436e-21,9.442703354067874e-24,1.3796772481551626e-28,5.5005379849830636e-33,1.067363266005423e-40,2.529698861401451e-48,4.00059896268206e-56,1.1468728442389219e-67,2.625129919157359e-77,6.824630787081018e-101,1.0091309658360402e-133,0.0,8.665588572999057e-136,6.048477440420994e-91,1.998374840110519e-68,3.2098310275361234e-57,3.521461938905246e-48,1.3923375874939433e-39,8.357390080230348e-35,4.589065964875087e-34,9.52104656490725e-32,9.353927736448727e-30,6.519736813464511e-26,4.7870239053535544e-23,3.8426278331916854e-21,5.80546149950128e-18,1.7417928319523234e-16,1.0706328966727072e-15,9.742039985298106e-13,1.858968177706487e-11,7.780630358728483e-10,6.3821762176547015e-09,4.3794149229601644e-07,8.441331488673009e-06,1.1936237314763797e-05,1.0577581631864962e-05,3.636032065955631e-05,0.0002732191377285574,0.0008055881022980757,0.008952143612694783,0.020922233576644834,0.0403381607784451,0.12424113561743864,0.4746791128680126,0.888086896394669,0.5264481775443245,0.4813220182432364,0.1297037141401612,0.04889306822236824,0.028437675856761484,0.03561580263074884,0.010129275043806407,0.009795288746909037,0.019449784782269653,0.02626136506944165,0.01967459086520913,0.003062815942263858,0.00010393179198405611,1.0751230525616805e-05,5.58590443288528e-06,2.0461554930185363e-06,2.2489562840033563e-05,3.9872076982373855e-06,5.662031300919196e-06,6.463344895923272e-05,7.718465260133457e-05,0.0005400679704404662,0.00037470356804323717,0.00011790502078229726,7.495655760624889e-05,1.8380915302938467e-05,6.060213479926934e-06,1.9105025956639383e-05,2.1893003280564807e-05,1.9992483580591187e-05,6.946274570646833e-05,4.800910484643472e-05,1.2719838243280633e-05,3.5809350676258126e-06,3.177617260456807e-05,0.00015392103455136942,0.00019279697941801144,0.00014925014548350176,0.00029490018626784225,0.001228796226142177,0.0012566582013139385,0.00030394000652311104,0.00020354422850465934,4.096534243153735e-05,8.733554481878348e-06,3.365843729869912e-05,3.058718987885114e-05,5.427905903665675e-05,1.1799091406699599e-05,2.2409214720276707e-05,8.171309164825217e-06,8.849499478745898e-06,8.349302314552526e-05,5.579517033973144e-05,0.0007213189913031105,0.0008360290960328447,0.001078917075481063,0.0038505053248388274,0.01189432613195939,0.009945973781811005,0.007114619470584401,0.00966236790027983,0.003215403318687607,0.002481126370855107,0.0062611022518129795,0.02508557586560768,0.01068445616684693,0.006753009720122244,0.0036241675734028558,0.002920526386173617,0.007737024914021723,0.024320480726735625,0.06834988848674357,0.049136897498277946,0.032116440007091976,0.015193955091426875,0.011425959061953032,0.00930525364743107,0.03339727295077149,0.00750588637678087,0.01385561708402824,0.04314824772716327,0.04244301790115603,0.04115577611698602,0.022823014434231657,0.01648872492449802,0.0069625829623537255,0.0007608122584268147,0.00037195670702548796,0.00015944096140803863,9.049375960312281e-05,0.0016291026610599784,0.00029553451581124237,0.00011220957553459353,0.0001845372723163635,5.125623098260852e-05,2.6521764877017086e-05,0.00010435232505901743,0.0004888207949863126,0.0014340137639618487,0.034483061744649844,0.0007685427658607327,0.014397305895420381,0.017474080649144724,0.024530924700669855,0.03367305548414482,0.0011908531963330394,0.01363239649402782,0.001552587607260836,0.0034707528292878074,0.0009567256659753837,0.0001230624296166001,0.0003725208147130786,0.001582514587011796,0.003018532132323444,0.008730381810803158,0.0037833249837334617,0.05704998558295717,0.12251911552100947,0.11211641008106465,0.2894983738694961,0.04388313157664496,0.41188227600804184,0.4145595964722777,0.18827176839095436,0.25314990351424904,0.019058684237914236,0.10713663933422386,0.07088175004167646,0.04193632504757482,0.033068591824514035,0.006273938909700382,0.014892128151388245
3.3999999999999524,0.002142418938648078,0.0004325996095684584,0.00044315068069682503,0.00015202169131788983,0.0005692475615483745,0.0007285157748926927,0.0006906057981248838,0.0010127692580115337,0.0005536475312933379,0.0014553677448891408,0.0031013254103433837,0.002882416209152164,0.003206628483593326,0.0009839859807151076,0.0026409788013515645,0.006653284626169182,0.002432838848067568,0.009274715526372145,0.0043503512174878755,0.004463893306550342,0.009162835032738972,0.0047889863922472185,0.003102143237032197,0.006624630347455569,0.0010622434108664327,0.001877815928981967,0.003566966347363787,0.005835862916210179,0.02974328265950139,0.008338978106249586,0.014460628659935188,0.027291810883045227,0.04895068376616966,0.025627632231076423,0.026870834816068483,0.026162380478177785,0.038307074146660666,0.07146088594524858,0.056924840704885626,0.06229686574492161,0.022532773723381683,0.05176257897785751,0.08392841991998058,0.0535026048315515,0.0307709176204596,0.02615773712928916,0.051820282764445794,0.1497296997580522,0.1071325328920547,0.10483356558250934,0.19597786541039636,0.19872262434926544,0.25910394738731113,0.22879490356846058,0.47694755152338414,0.9310101719853684,0.9095746902380009,0.4261790101210509,0.2961363119517772,0.2067488818059633,0.22625479210047247,0.45140625615266533,0.4155451823708262,0.34119385403562397,0.35925969830201937,0.20477463879833516,0.4334603775988208,0.49585779631664867,0.7134648423934263,0.610967583047343,0.4295637176824774,0.44619990981894964,0.35945308670439136,0.27470184999652525,0.45820056148121224,0.4937382211986204,0.47981979337668634,0.29136385487988503,0.3932317527089515,0.45694260695729494,0.6285793270221208,0.4394719137893351,0.28620330186504295,0.4899896353126982,0.9863414077866409,0.6994045366964428,0.8867704022030118,0.7627879346611119,0.9799688983165251,0.9723281697972123,0.6461239206343371,0.5992085024429958,0.3971966030570373,0.2287637872534573,0.06992823510430574,0.03818042440690973,0.02197179923585843,0.022673957085647078,0.018762230642199864,0.003544912214136899,0.005109235128109643,0.004054051908605972,0.0009768100928951846,0.0006383814071343795,0.0003506910159599159,0.002298716182223402,0.0010974487296692918,0.0002496612902630088,0.00012273338941493582,2.7928539773853616e-05,1.7096583669264887e-05,1.5469364313787892e-06,3.961930855614097e-06,1.7119231891382775e-06,3.740181386098891e-07,4.134047035751679e-07,6.684391461851507e-08,6.735402989656824e-09,2.9365553891885734e-10,1.0549582310315813e-11,6.887377242768362e-13,2.8815506249352954e-14,1.6601298067746846e-16,1.4232249566269052e-18,2.7720881623897935e-22,1.3279166325007166e-25,3.476830458483131e-31,1.4960238243556697e-36,1.6151164916097906e-41,5.552597045580887e-50,6.42579627530593e-55,1.8180456585292952e-69,4.5144701464717533e-85,8.665588572999057e-136,0.0,2.930550447983757e-133,1.5278991895595624e-96,3.062703037968328e-77,6.707006493310952e-64,4.065927478090369e-49,3.956528735429763e-44,1.3547696779073942e-40,7.371376280568314e-37,5.551651423805378e-35,6.020014381636354e-29,1.150229844824487e-25,9.139765528393403e-24,2.514369933442374e-20,3.867455300705632e-18,1.817900484755653e-17,1.3987496682734514e-14,1.2753693028932292e-12,6.477636901351258e-11,8.548627407967225e-10,4.573845989500582e-08,6.769852777261608e-07,7.631899460482072e-07,9.911357827407607e-07,4.009405302931425e-06,6.185566123357093e-05,0.00015072533846169708,0.0022145721387596727,0.004336217515368642,0.0147687449401212,0.046381064940302245,0.24992198964872123,0.7825902942456928,0.779906112133269,0.7384977999187617,0.23392460791537528,0.08303664508836815,0.048596915203420715,0.04511873163300839,0.012587369797563981,0.01583511021769189,0.04091508003036591,0.04561157105097202,0.048241220499031595,0.008971289701995544,0.0002755168763246701,3.413233869682853e-05,1.5840119145997238e-05,3.2632647258026154e-06,2.7863747668079216e-05,4.38438571528334e-06,4.787693242644458e-06,4.5827864593941946e-05,3.719384405521121e-05,0.0003014384833231093,0.0002519357341695512,0.0001404124787903544,0.00015787291385704487,5.061935013553714e-05,2.1147626134453306e-05,3.957402396981139e-05,3.807618357628692e-05,5.541648219125579e-05,0.00011216861903666075,8.41900244887636e-05,2.1494724347562682e-05,1.551359955481205e-05,0.00010521519872654587,0.0005079620879889099,0.0013292183712129335,0.0011269275411042849,0.0020132150143133912,0.0035309546087806142,0.0037531366553556615,0.0009907669393640925,0.000548879536479418,9.042018686548484e-05,2.6981943945574034e-05,9.449306041342359e-05,7.630580757258276e-05,7.077029492109346e-05,1.640857303726333e-05,3.91389666488185e-05,1.4169159195882406e-05,1.4040829690207024e-05,8.384724388824642e-05,6.534248496631236e-05,0.0010309944566494417,0.0015163265496420768,0.001391509311908295,0.0047018890936689935,0.01431493616947024,0.010446731625977607,0.011914454967058575,0.01987329946235249,0.008130166701139791,0.006958582196731019,0.01551641959889744,0.0461054952132638,0.01749357117547232,0.011733366966913083,0.006307189540287782,0.004270484882732341,0.009624198559404605,0.018318226637060564,0.03919590300858086,0.0336706657566577,0.017266812124462346,0.010745632416612349,0.00762184867515933,0.006405110621186332,0.016271887152826164,0.003157227934748021,0.007805334994618285,0.023215172621983825,0.025099003546365545,0.025841570503319814,0.013750962628332855,0.013885553278883066,0.00569132851280953,0.0010378912519815335,0.0004014754254043852,0.00023051161298914913,0.00021905774743031758,0.0026770801831089886,0.0007311681642370102,0.0002998986417972744,0.000586478239679553,0.00020167984078936247,0.00010272043063621132,0.0005951681628186869,0.002407493742804217,0.006643058380872023,0.10366809765514831,0.005267423982340422,0.052964665028652,0.05053797321703296,0.0748494662239503,0.10974088507513928,0.007791749519131421,0.06443924637051719,0.009746276539434062,0.023760997730144815,0.004640032851137386,0.00040342937490313926,0.0013898275305099094,0.003543101062101921,0.005775084117677393,0.016328331124816062,0.010311275921602142,0.11319618669707089,0.2996638160929509,0.23345191980455307,0.4444182062129468,0.0908393215791087,0.5240335828115988,0.5195643216316782,0.3031544744409667,0.3749283168953586,0.05271444059259509,0.2191570260921764,0.19840213592310146,0.16493363342137873,0.1466826207939173,0.044102096206639886,0.07584391821552325
3.499999999999952,0.0010581015459940931,0.00019150057451213756,0.00014690494711140826,2.20197221666481e-05,0.00011951523253098852,0.00019824709741310092,0.00012485279627363744,0.00018792141120808732,0.00018569030870859202,0.00040198665159337676,0.0021111004362007212,0.0025251157222079333,0.002697356102190326,0.0008455070600982707,0.0016302167727020353,0.00674412676244297,0.002741286329835375,0.013033686281812567,0.005553370163812668,0.00657252842787682,0.013438485679241144,0.006325898182640073,0.003608010676649406,0.005890182279968394,0.0010440556139810523,0.0014983814398496355,0.0030164942877539563,0.005465923605565225,0.031122958284224133,0.009666080279318118,0.021286809224666324,0.04691117825334815,0.0802584458982802,0.04268290151912619,0.07455987564880368,0.1090450778276346,0.14329235878128121,0.26451693869272136,0.20742588622625913,0.26404093768262715,0.14152355072714634,0.21950638510667525,0.2992502785989451,0.22933757447103978,0.13247580861865194,0.10950084641499891,0.24017933657356397,0.5617805752804275,0.4044500656382464,0.37988431493315766,0.5351696619819384,0.5932810527010234,0.8328487145643468,0.8736879087728883,0.7387933446769495,0.5130423741123014,0.285072370752815,0.07591463471976798,0.0707532295859042,0.04667108417823183,0.04590421373385907,0.13065074385041045,0.14886747284984414,0.11919949859538999,0.13766664199530085,0.05616729604863941,0.20674128412608214,0.26637906078009205,0.4218996810358664,0.44882753674183806,0.282405547794608,0.3021067371338103,0.2573907254674939,0.19759352208109268,0.2584996638197064,0.24198931112560843,0.25479137286952663,0.19684543533265977,0.26404610126046596,0.3363116622896573,0.37569213192921974,0.21162349342982234,0.15546166701234604,0.27707029655806686,0.7278182945839444,0.5306785268572256,0.804778016515001,0.741383939962868,0.9370818345316908,0.9858130206916093,0.6784222437536205,0.6375850165711653,0.38765101941054303,0.2422497132593181,0.05946152833013964,0.04968460342428019,0.01808440622022257,0.02984899545503082,0.020678599225926766,0.006359130206665708,0.010105193833462044,0.008927496716447915,0.0040541413170260545,0.002046016884061019,0.002014575312825707,0.008775901095048918,0.004594397401252445,0.002505739219777451,0.00048317466922431676,0.00021396381421708388,0.00010591777803972846,1.0768722621157467e-05,2.4463129081855078e-05,5.104970013774668e-06,1.0810593615484663e-06,1.4771723539549587e-06,1.922477758736786e-07,3.882379664291694e-08,3.5388084972804266e-09,1.3177970575204042e-10,3.8129158688939925e-12,5.433415062616397e-13,6.934188363767538e-15,8.717670579058478e-17,6.591998550034739e-20,3.7984388674769675e-23,3.878478003708261e-27,1.716342554812076e-30,7.992837832187802e-34,3.102563085153885e-39,1.7401960107148695e-41,9.545335154914803e-50,8.90433982195238e-61,6.048477440420994e-91,2.930550447983757e-133,0.0,1.3361504245372445e-126,1.5594144866991287e-90,3.1309626742764884e-68,1.5948813615047438e-50,4.631896750077244e-44,2.852564230719675e-38,2.054696113175585e-34,2.3058174936466093e-31,5.668315013417358e-27,2.1651974050157954e-23,8.507524067765983e-22,2.1478924336167802e-19,4.5868249860126066e-18,3.078327561714678e-17,1.7312056265207208e-14,5.369298490912788e-13,1.4082442440593504e-10,5.176511914453159e-10,2.9495352878149437e-08,2.4872049964803434e-07,2.2096609795058305e-07,2.2330846382209195e-07,6.774614192216432e-07,6.651611098105459e-06,3.324362492394992e-05,0.0004232365786375397,0.000982492538450462,0.0018277123607133817,0.010759544493144762,0.1013702344045763,0.49878536498898624,0.9019499618931964,0.8803241151155762,0.4714631099437772,0.2023727036115099,0.10754277573051535,0.05989889465793269,0.04033153920394599,0.07265477635677811,0.10122511877862149,0.11373419249757245,0.10295582139370622,0.023254957556236636,0.0013085274829611167,0.00025224285130845013,4.4074363592727295e-05,1.0647064741727446e-05,6.528652825630633e-05,1.533912687927704e-05,1.2158460589931517e-05,8.27618824060253e-05,5.404207552171136e-05,0.00041280314042548255,0.00019195748891382707,0.00020129392826065623,0.00026460523999675116,7.519219470184233e-05,3.4758448972419364e-05,5.2054714355016336e-05,4.923532996223009e-05,4.038367089159755e-05,6.257739445708843e-05,2.7736135341266663e-05,6.383868357351059e-06,3.765527172328e-06,4.68881271291379e-05,0.0002213770426345805,0.0006131778739090424,0.0005387981178147121,0.0010037766117541311,0.0020203865247887687,0.0017154490914194872,0.0005910867388610331,0.00022712978582962846,3.3563490707897205e-05,1.6575414900272148e-05,1.969706169604085e-05,2.2074544065116976e-05,3.4311200642154886e-05,1.8434727364844757e-05,2.0353573266944663e-05,1.883046218824699e-05,2.306477276370599e-05,7.953094700784364e-05,3.942954474755508e-05,0.000717298564913191,0.0006147792662866951,0.0004935732737161041,0.0019513973433803887,0.005036994280962872,0.003208260075374454,0.0033168376530278926,0.010260219050049871,0.00571203270342586,0.004741875763156674,0.011294254248940106,0.03017059857498296,0.010286424509631912,0.007144472857796176,0.002672168514148793,0.0008778757953848761,0.0011577528431182041,0.0025104077831792594,0.005759024352464945,0.0069698647488652095,0.003586640417455531,0.0034354284528780314,0.0022471692850284156,0.0021708185703626804,0.005789787830671889,0.0011299443749774522,0.0038305100132804805,0.012178089093603467,0.012804626974795428,0.010562473516902078,0.012039545284591415,0.011204493560308153,0.003086917727145269,0.0003275438654323238,0.0001392532776787796,0.00013832160018048062,8.998982413180686e-05,0.001554550246322249,0.00035416763144946955,0.00017981533702602116,0.00037176094337478395,0.00026210994421554354,5.354275534867546e-05,0.0003315794744756772,0.0013338438833334955,0.0034928090205120603,0.09839051962609191,0.005131212553909678,0.04786747505422413,0.04645779123393717,0.08254319082078786,0.10448159409492748,0.011523319378099861,0.059329660954721496,0.012221770846380278,0.016779746167114456,0.0028173896434981077,0.00019388098490960478,0.0007447949086082971,0.0021853127698679923,0.003143348776604334,0.008729968485332572,0.004289597947584834,0.05744204350371843,0.20510327787867505,0.15970529370392597,0.28484813996807773,0.04123209479799585,0.3381328662842497,0.3605604107441334,0.1838020919791151,0.24200004951826262,0.03314609673861926,0.18580955914013378,0.13616396565190744,0.10803887414518495,0.08463214125236139,0.01886978148568684,0.030981543337003686
3.5999999999999517,0.003375837630717622,0.0012578210911998533,0.0017764181309619716,0.0006441623448457961,0.0018092949833471961,0.0032414855174418278,0.0037131408286075742,0.005653936622303592,0.004154327429013632,0.005414579597705852,0.018600355353076668,0.01142172774496748,0.006305739545770589,0.0025399892280828034,0.006029003480986261,0.018295711187878053,0.012508341822494006,0.03142461745843424,0.01203588365684285,0.013218615060864686,0.01669760800728934,0.004366420797920243,0.0028225165336017554,0.004965718046324998,0.0011299187653220036,0.0029174426822926635,0.0045505340858980475,0.0063092043161283706,0.03221608509458548,0.009575646385269124,0.015625971270709194,0.052725240654504894,0.08837062781442397,0.07816559157382583,0.10577355177788823,0.12119238293236897,0.10103305082655381,0.1434111159112942,0.07462385312265542,0.1073928651144669,0.06046966066079,0.10432430427038511,0.13624057247888,0.10951213278872787,0.05403237081755381,0.07265393423351485,0.18763494117930798,0.47380767661591483,0.28936142527598274,0.2325394496039761,0.3305927408503307,0.2951770040265759,0.4610126881347397,0.4499303164124648,0.7940787135531955,0.7868536610121569,0.6371355552558388,0.2695623245159588,0.26078439387252095,0.15897352232353054,0.27953673260254436,0.5250049644375278,0.6753557367781987,0.4584047663741474,0.5789516496400231,0.28051994949321546,0.5158902999798686,0.6081390942928688,0.8118111179776953,0.7594368610034652,0.5618289994682827,0.5464604874979767,0.44458787914856573,0.35189535217566803,0.5074040250953726,0.4895949169697022,0.46793016573654206,0.4239257601932227,0.48224203058997656,0.5003986573949274,0.5237271122428707,0.3958861677357629,0.35829344031653665,0.5044202103350791,0.9951002631819621,0.7034443404589221,0.8816717764453318,0.7748828636404802,0.8524988253145165,0.9377536171733993,0.6257893244041538,0.6307962319503276,0.3333851687317487,0.2021477028176208,0.0662293208468157,0.04984244654242069,0.02343165118346448,0.02229260912506404,0.008933991720488069,0.004335147416918395,0.01278329441568083,0.01036638771695571,0.008121582072590972,0.005269690667734424,0.005882234085689033,0.01948739198929104,0.009997289279849405,0.004128189607259595,0.0010018664736286692,0.0005272448265591271,0.00031666918505988126,3.620031520510473e-05,9.849275940911633e-05,2.7066008963040723e-05,7.10782729313548e-06,5.017920119893487e-06,1.0043800740212432e-06,8.809309851010357e-08,2.1557766516367423e-08,1.624361786441034e-09,1.252536646553181e-10,7.772416488318098e-11,3.115800994539772e-12,7.567256260582172e-14,2.460960660664441e-16,4.461082467215308e-18,8.773731592047024e-22,2.743625829190928e-24,1.6266720270346906e-26,1.6281315446654087e-30,1.1180493004416634e-32,1.3096041122988944e-39,2.3744995379807598e-46,1.998374840110519e-68,1.5278991895595624e-96,1.3361504245372445e-126,0.0,1.1958853400749465e-133,2.6510877763265342e-95,8.170314377014031e-72,4.349968424069438e-58,1.615325646510959e-50,4.137911297178103e-44,9.22353720082817e-40,6.82255078776042e-34,6.579750507905314e-29,4.667743603058214e-27,3.412181918949558e-24,1.3549396041515503e-21,3.98106430281915e-21,7.622610926448771e-18,5.460181767282111e-16,1.2848652407214456e-13,1.6855947085718327e-12,1.803584259742495e-10,2.1410048760925206e-09,1.3847554532925214e-09,1.8220776204791825e-09,6.382293836733894e-09,1.7387134090403937e-07,2.841046871816094e-06,9.895964167241777e-05,0.000230067916388626,0.0005544110730243675,0.003076591277136728,0.04312906638354372,0.2919621110289716,0.7077335597216504,0.8143629658959334,0.5981609615143582,0.3104628167882668,0.1325708645273012,0.10683688603228084,0.05341130344242296,0.10424622459737083,0.1881611968216405,0.13226205277363118,0.10280801972498561,0.026499944178621716,0.001940422292301915,0.00035849431237881243,5.364474913280946e-05,8.052693182518308e-06,4.294589407483243e-05,7.432832027465595e-06,8.116032528969877e-06,4.938488646601869e-05,5.6508630284036404e-05,0.0003053685977844185,0.00018633786187623007,0.0002253222418640757,0.000254625899625839,5.092814961526357e-05,1.4253233507505704e-05,2.511259574479894e-05,2.651426464332558e-05,3.317040376193787e-05,2.2842822329059863e-05,1.6026348955179973e-05,1.8179602668888656e-06,7.722624132940852e-07,4.675493123767011e-06,1.9269711496281923e-05,8.281753816259462e-05,8.708361700361303e-05,0.00015748999968420656,0.00035882236143316,0.0003620039519463488,0.0001237891484112628,7.396506189557062e-05,8.447986253527504e-06,2.641398068580972e-06,1.726121383470179e-05,1.8858170530395145e-05,1.621154083127563e-05,6.1509380184605796e-06,1.0561874362350764e-05,7.2489816325860865e-06,1.1202064907445999e-05,4.6440136622601296e-05,4.533384034545959e-05,0.0007548692132558593,0.0009506306211637395,0.0008510221518495841,0.0028973032619454726,0.009365462678657455,0.0058220200390045615,0.008506948384223756,0.022491591419636726,0.013794495300975054,0.015221890173047826,0.035364363477839125,0.12162790846590966,0.053262031733499256,0.03995408014179536,0.021669291902161724,0.010225889813249598,0.012803027930248186,0.011602674287049185,0.013274444913805057,0.015163549737320406,0.003633878531215689,0.002691410597063381,0.0015798189186706359,0.0017092102472293623,0.004976896598335077,0.0007609543008423676,0.002391571052463537,0.00628051880082229,0.0076939804067724885,0.010976642390501527,0.009525489639556673,0.016659898376196126,0.00561534365539781,0.0013433130982100584,0.0011628331764693392,0.00045337051348954394,0.00032600151374787126,0.005814523184055789,0.001867176133765277,0.0007354628326792339,0.0031477774728908225,0.0026752910769379714,0.0006922096980084453,0.0025938688569339475,0.006718709755053941,0.010688842551031306,0.1461422356052902,0.010714526493630373,0.058362192450997975,0.04537010212224998,0.07687752964229226,0.07411883118379063,0.006918924610605715,0.04067399627895626,0.008878124798771434,0.019761336296434843,0.0037207791674286265,0.00028756871213685397,0.000877848175667833,0.0012725399164405919,0.002819883616583492,0.007249176712437944,0.005512970763988252,0.06202198826667327,0.20885827606600918,0.19816728242550666,0.37431284866387127,0.10350377577115318,0.5522234979478955,0.42836621947977527,0.2581094984664658,0.3034026794178562,0.0534234074515652,0.20782394896870818,0.1738693530441911,0.1305907805260857,0.09124807022861513,0.01987330710985138,0.030580254793230132
3.6999999999999513,0.0075958063023305305,0.0029213919255420286,0.0030389761256018736,0.0009630543045855378,0.002449225510928688,0.003720907237698738,0.005468199287711401,0.00833376684090536,0.00611674273900987,0.008440629229754587,0.020712594888550852,0.008656183559409846,0.004541069841003775,0.00277429450527243,0.00680702188116637,0.018007460581546467,0.011734241293051699,0.026365946569085363,0.0105865766861747,0.012865649805623972,0.02083953197615644,0.006101949445575894,0.0023674742922033445,0.004924480743286027,0.0012010190514450893,0.00503137567527291,0.005646396379447346,0.00764844609443029,0.027082699052475824,0.005582675025333182,0.008933146100162536,0.02911741099650249,0.035698210600260745,0.029917343146047725,0.04720650522771371,0.0597729049013567,0.04755633146201556,0.07838237967323877,0.03286046474545052,0.0590253030474039,0.04138876872213546,0.09945620373476236,0.15897880365004635,0.15652009704987743,0.08462468625335123,0.1081930266037389,0.24620185138687048,0.6126295499478518,0.4174104533780711,0.3199588603199297,0.44282521238892536,0.3945142176799964,0.5520934960171595,0.5025328293329493,0.8489409049987411,0.6458514910661122,0.43393029068961275,0.17239833995370518,0.1492910730875144,0.05987078404687012,0.08114235822863027,0.2213382734456579,0.3460935070820639,0.29871904023349555,0.3636244362004277,0.15019314159224728,0.3271216495471826,0.4128051345199809,0.5912157412787824,0.556291950845427,0.4481183436835529,0.46112794289060566,0.46054711914372687,0.43217213674503835,0.5495825213982598,0.5394839456327007,0.5330097160638178,0.5584032975433354,0.6942645875027591,0.7481904528207856,0.8325218875994872,0.6840466077040189,0.6944418359414131,0.8339284749036329,0.6938587654295205,0.9882436183923795,0.7856876894440205,0.8745136355998484,0.781937083813533,0.7553473757047446,0.9194146962084049,0.9403758169803953,0.5485101786579217,0.36200952966752886,0.13271072940087034,0.09575365568661481,0.03864636417527071,0.044532724057970985,0.02164341798121147,0.012702322315994963,0.027956776353998295,0.037759919966662975,0.03329214189245272,0.018739551743636302,0.021125108084060047,0.04898072272775224,0.03163062883814305,0.014582081088589029,0.007055289429486923,0.003132777066239713,0.0020482394024510585,0.0002995405203006783,0.0006368941330707478,0.0003518771205337869,0.00011299620298382415,8.43139134881382e-05,2.7939329751164418e-05,3.0008527466817525e-06,1.4315429217530095e-06,1.2981290714030995e-07,1.3464139062998613e-08,7.111019966138681e-09,5.294497460658204e-10,1.3355381273451707e-11,8.720454753248835e-14,7.517562934867424e-15,1.5278977509885172e-18,1.01021906511579e-20,2.9917814481982727e-22,2.116255026863879e-25,7.548609803650293e-28,3.0651319536334144e-34,2.5860047969467543e-40,3.2098310275361234e-57,3.062703037968328e-77,1.5594144866991287e-90,1.1958853400749465e-133,0.0,3.31586783436756e-140,9.766424384195015e-93,1.2432159541492628e-74,9.421124590652952e-62,5.147932405551868e-52,7.1893384072812805e-47,9.246758625851662e-39,5.3636501593961195e-33,2.4852253408632607e-30,8.744782701881302e-27,5.1943290274360584e-24,1.6273718042098197e-23,1.1949713928945034e-19,6.95993806943506e-18,2.500720857600354e-15,9.61234178698175e-14,9.70374327491425e-12,1.929414152887152e-10,1.480798930468464e-10,2.922530158794514e-10,1.4054853337716913e-09,3.76585977124338e-08,1.0831972850211134e-06,3.944667722537009e-05,9.822673441672328e-05,0.00020385222962211448,0.0014519700175993288,0.03328564079280932,0.23642559766210922,0.597993576780053,0.6760106841380602,0.7883282992849514,0.449436101137197,0.1931580186432727,0.16592944695919265,0.07080218788409372,0.16152219491582903,0.28679968441049136,0.17708450984998972,0.1292035169171426,0.0405354638091151,0.004373396995766097,0.0005371438678846798,4.595342736200362e-05,2.9998146692875607e-06,1.5124984907817126e-05,3.2835833191211197e-06,8.281941530363808e-06,3.1096715798139825e-05,2.472541970929234e-05,0.00011017417552059034,6.492071265249707e-05,9.309725447770119e-05,8.716391772573588e-05,1.853062761072663e-05,4.04217811938362e-06,1.1310596854805327e-05,6.24108702375957e-06,8.803622815014177e-06,8.977114720802045e-06,7.369939468040488e-06,1.5214415648007813e-06,4.4840599977707196e-07,1.67993855158008e-06,1.0373254262750418e-05,3.6756820765867263e-05,4.9743558701579414e-05,0.00010233161185327832,0.00024051033188282365,0.00012726986951749783,5.315648708542377e-05,5.357530408263171e-05,5.7611028338095875e-06,2.29338298850756e-06,1.2851573265744192e-05,1.3212518200356245e-05,1.127899158780253e-05,3.282988287670073e-06,4.269124317562773e-06,2.222811989246277e-06,3.1106171499417268e-06,2.1970689581190013e-05,2.2471437489514327e-05,0.0003199796294980618,0.0005286011708101689,0.00040881380653449225,0.001771054184504074,0.008908374158799456,0.005798689996861114,0.01140936594933658,0.03633538916545661,0.03369875909010573,0.053048584188053985,0.10960499679862273,0.27694486031420557,0.14540542383859245,0.11534828821462693,0.05924692849904439,0.030032908071902172,0.04944100829994407,0.04505936395472881,0.05242835289625596,0.043138182712164824,0.01521748001955086,0.01752683000131118,0.013395374713157446,0.01127261116063111,0.022025247212805743,0.004704102386336344,0.011480283742291224,0.01719744652403295,0.014098691621661417,0.02034954015635289,0.021804058609760937,0.0394744203812326,0.016652359669690486,0.005552590371089563,0.006420385235838554,0.0038901660882324626,0.003123973074256417,0.015060494772068332,0.0038734298755567016,0.0023768927868472243,0.0072170532508564755,0.005412344114960908,0.0011108262828785724,0.004886488779524013,0.010884545422004809,0.01914246754082516,0.19114136449620492,0.023264629010775695,0.08842248499698624,0.05253413167165098,0.0798352712781286,0.0678690577191275,0.006722628641290568,0.03508478482930051,0.009291216334212146,0.029380557808521217,0.008814666726344027,0.0010359059282484988,0.0020441573692109452,0.0023898514038846264,0.004750552707935226,0.010301135530318308,0.007696348631503879,0.05143605456360653,0.16452928654786558,0.14362087557655476,0.2694469086211906,0.08368676500376053,0.47785643281734286,0.4058090622457819,0.2550073566737503,0.3411254389119419,0.09200998078295658,0.27459493715873606,0.27011595920923276,0.21129647769891258,0.17729071266237406,0.04985124172361486,0.06237029579483379
3.799999999999951,0.012671970864275716,0.007616426546670152,0.008414654695875589,0.00390949504826453,0.0066768737953394235,0.009485232031647165,0.013174129870533765,0.01779163367595767,0.014618319817803283,0.012677152392514586,0.023242109653847487,0.008125067915242012,0.002483196421089103,0.0017609811415456285,0.003090754667090516,0.007384713402288475,0.006221490259249205,0.011277389740765859,0.007892324108474473,0.00657166895250221,0.009501003960741258,0.0023184744881596642,0.0005865594306938372,0.0011096223390823555,0.0005203968353269259,0.002341643954750336,0.004263300761716362,0.010527710493366638,0.020838555458766592,0.006144719259164133,0.008859466675116084,0.02794640770888384,0.028172536693680965,0.028743252435699064,0.04112335896345368,0.07186197996007694,0.05751996555284081,0.08375499741589153,0.023481930560421128,0.07147744081639272,0.05663172814105599,0.17158823667931306,0.3076043744864721,0.3628146740701341,0.22469934838413003,0.24290437391588474,0.4514107149073828,0.9166853888357829,0.6501594073024052,0.40085364766210035,0.5350394190471949,0.44004389514063624,0.5550003193686115,0.49338098554524007,0.7735195708697679,0.7018125764734761,0.5442404083817661,0.30744307693772605,0.23317959867449833,0.1017172428098896,0.1434624881987158,0.35467967923720156,0.4680106914215195,0.4703126095874379,0.5544093950564638,0.29965613840723243,0.5910806090348066,0.6225018067810574,0.7857473597132528,0.6689344292110868,0.5792284539046022,0.6697066138108385,0.6869871414267971,0.6776541463523723,0.8730162739896073,0.8186750513885975,0.8733121568561657,0.9696154764093766,0.8573157228191779,0.8579662995846133,0.7949441026815716,0.9740649618731122,0.9500954692199269,0.9910081653273232,0.6223353637909563,0.9062318635393316,0.8223610107984245,0.8044322340306705,0.7387616432013254,0.8046826327117308,0.9508261995307671,0.9774186984418282,0.617446961444943,0.4338853343074331,0.23016294876557813,0.17996637829983955,0.08693660084836,0.10423035262864133,0.04303461521736056,0.026126574507897467,0.052303093611761754,0.08743014430270497,0.0794377711116646,0.04323021227740276,0.0655305767611365,0.11960455988396317,0.10125058070567663,0.05347147253977935,0.024135734212532872,0.012452320183219324,0.008087143708950494,0.002134145957991377,0.004631369653012034,0.0021525211977922345,0.0012811702890998405,0.0007564636950199977,0.0004187886940479458,7.988866146785634e-05,5.512368769424886e-05,1.1920283103352435e-05,8.693576340983101e-07,8.9987853658524e-07,8.475642816267826e-08,2.873947004109073e-09,1.2017685317045122e-10,8.865597782020668e-12,9.680504217132283e-15,2.6872944738014474e-16,5.706274187707358e-18,7.122093642119072e-21,1.0302632293319243e-22,2.3077858645004874e-29,1.5046153923655432e-34,3.521461938905246e-48,6.707006493310952e-64,3.1309626742764884e-68,2.6510877763265342e-95,3.31586783436756e-140,0.0,4.416061841050765e-129,2.9783706168327216e-99,6.44818916733174e-77,1.391288812898345e-65,1.8490337242277807e-56,4.9071532361606555e-46,8.190714466258949e-38,1.3177211429488491e-33,4.607064539524016e-29,4.870398552214304e-26,8.850575697608894e-25,2.6938711868173046e-21,2.14782708408529e-19,3.629308694202632e-17,7.915473276335173e-16,1.650390033639237e-13,5.348497976627071e-12,9.107624185915117e-12,6.096105693955353e-11,1.903350398786585e-10,9.8600517070094e-09,3.7327526092216395e-07,1.9176009314107253e-05,7.277861101474282e-05,0.00012128798405521986,0.0009349243897305768,0.026057797378256115,0.20138762248515174,0.5777490757534892,0.6515413537970958,0.8103041503952244,0.4344744485257275,0.16687025430286118,0.1328094536267115,0.05206815878674814,0.2191363426888216,0.39458344150209496,0.23800428553672956,0.19624121017388246,0.05866769103048173,0.01090148259285049,0.0009120198509540661,8.975752572779396e-05,5.822748416835373e-06,2.037040492886518e-05,1.3075644030561226e-05,5.8070887620976345e-05,8.754130271116787e-05,4.1389345760900223e-05,0.00022888214746351367,8.684165860697853e-05,0.00022595991485400757,0.00014257337324904566,5.162287708623624e-05,1.0821641214821805e-05,2.8905121880023162e-05,1.3943808601877947e-05,1.837358479031877e-05,2.932447981502825e-05,2.946335795997933e-05,3.041605095685785e-06,8.108485543969409e-07,5.877840663601694e-06,4.7893322445381794e-05,0.00011362213532416533,0.00014071707999898967,0.00012546717675059754,0.0004080265069952814,0.00017606619901539464,8.641852818268208e-05,0.00013818369369881722,1.1140486475215161e-05,4.149491983262631e-06,1.7347914633028347e-05,1.569749842102743e-05,1.5191659231464487e-05,8.269031007443722e-06,9.187273457914233e-06,5.181509465657837e-06,4.670203598050778e-06,3.43917389590225e-05,8.825870749833828e-05,0.0007400071649994449,0.00146968196367478,0.0009457368988650625,0.0030577377659624086,0.017660357972138083,0.01145594779543151,0.01728580334235924,0.06274337306033337,0.06205900124771833,0.09417305926660206,0.16841208700640115,0.43272548120842913,0.22358416925664196,0.20995682996257367,0.11951272871229508,0.08549688249580374,0.11557852384901243,0.11335977674227042,0.15011206298143723,0.09880128161753764,0.04329161382801269,0.04511403542111409,0.04187817901821701,0.02579253472925634,0.03885298052515684,0.01042605787619385,0.02289379078008827,0.041498801862720654,0.04009695222923285,0.051685711427074246,0.04753328892587065,0.08762387623318492,0.034665725818505,0.009224414151094335,0.010338465195994087,0.006217251050163469,0.006225504568568958,0.02211510095817009,0.006442162111568784,0.003940511375208487,0.012551008041369277,0.006228631298642769,0.0012305315622652719,0.007160210538646382,0.01422375580011895,0.028393418728912854,0.19564825914434888,0.02861933073484823,0.09811118099498567,0.058973494060660867,0.08067675780480686,0.0874271062831358,0.006923732395504603,0.033003593561085565,0.010784468149309796,0.035045692883462924,0.014654091082858587,0.0024869278332270875,0.0036414495837579683,0.00241631041038692,0.0041487593969986285,0.011673164565486616,0.011127545815549755,0.055773284401145415,0.1652494749200559,0.1605168820726412,0.2772676244299789,0.09198954292397957,0.4746666639621984,0.4206894496939696,0.3357259544714807,0.4824395397331554,0.13889376227909211,0.40970629340921044,0.40493741545173045,0.3224556697333067,0.28385179786195996,0.09117593877661348,0.11383601555654749
3.8999999999999506,0.014807716664395473,0.0074873784180483575,0.013522527563564311,0.00419068855249006,0.009093511538953604,0.011282356418057807,0.027169507568152406,0.026702671544399644,0.018770168882598352,0.01378683995243475,0.020374006757874732,0.00976193925861426,0.002150364193270873,0.001426167320249501,0.00333055470369587,0.012131944738435672,0.00957021285341809,0.012977810137750165,0.007216143101351625,0.0055438447096937335,0.006600278625617007,0.0018999176864631885,0.000763982012698561,0.000825863756382082,0.00041536868590833534,0.0018089919352945684,0.0018487531109496495,0.008627273245595623,0.012869597589541364,0.002957390799794188,0.005921348110259991,0.031691321869990734,0.03403728060440414,0.027568347659648124,0.03003894900720011,0.03644622947699712,0.02058486016389665,0.039959197291104066,0.006039117010420801,0.026473578442588307,0.030074149312332574,0.07981384704563867,0.15117953905873516,0.23264396686361413,0.20871369131015932,0.2509467781085557,0.5003095561916038,0.9850517443512299,0.7096301467297966,0.5380094876926971,0.5847123394120285,0.5019060770373254,0.7211973617327408,0.6665504522979918,0.9656597569152479,0.5227261621437974,0.3737786127558776,0.25787351280007864,0.16122737392536238,0.08868008796266041,0.14868014525429155,0.45126027720711637,0.6795414612188116,0.5385367180635459,0.8554093389301336,0.4957348901354121,0.7420825857575656,0.9173784515817206,0.9577228082339618,0.8986078256267037,0.8559106804762517,0.9752006436869691,0.8338427125975153,0.9874907790393065,0.700520000623079,0.8241067850550391,0.9600919541937678,0.7348985924580649,0.6984705247793844,0.6788513784952991,0.6207911129169899,0.9005148775941731,0.8483364280174857,0.9782105592067304,0.6334302913543013,0.9586730793621276,0.8452440351865024,0.8526209346115861,0.8253875236680648,0.9319144994239726,0.8106208573136958,0.8975956235269403,0.43231974678095053,0.31421714769662445,0.15482016762201253,0.07869545594687465,0.05528898619277741,0.07611893470638299,0.019756753486286735,0.028296575915314117,0.06808096658188725,0.07708159426830206,0.10283037149629234,0.050788351247403336,0.10072128122645017,0.12810818075514616,0.11077415477969077,0.105961391345055,0.03894445361333211,0.03108522050120028,0.01798457437884493,0.0048520310883050635,0.006667985367053855,0.003795104632707094,0.0023361931253302994,0.0009979809792730677,0.0005080216055035667,0.00014919983193917123,0.00012689479779123909,4.300141224669037e-05,4.128599909587331e-06,3.1089615044521897e-06,3.81907549136526e-07,1.584234783004439e-08,1.2939275142834038e-09,4.721734509762832e-10,9.608825468599595e-13,1.1264333663836945e-13,3.3789417736342997e-15,8.926694690775251e-17,6.868255564977106e-19,6.622306794711268e-25,4.492194435803506e-28,1.3923375874939433e-39,4.065927478090369e-49,1.5948813615047438e-50,8.170314377014031e-72,9.766424384195015e-93,4.416061841050765e-129,0.0,5.4981094712687583e-135,2.2439806100281337e-95,2.61580247030227e-80,6.809255143788884e-67,2.074063028631391e-55,5.193624539179087e-44,4.462363547335583e-38,2.5602632084819133e-31,1.4966990897512935e-27,1.305467489100698e-26,1.2335681581557754e-23,1.2237538526917867e-20,3.3523760067952843e-17,3.684351142451564e-16,5.857034490318201e-14,1.7745892492915638e-12,3.815870298350613e-12,1.5450732532505505e-11,3.604463393502529e-11,9.029524386337287e-10,4.940844259376365e-08,2.7945207780504127e-06,1.9512515370679837e-05,2.3056864982282744e-05,0.00010162280151991112,0.007327228654587634,0.07198207470002856,0.2688679355983407,0.35932474644358015,0.7662383368987358,0.8533738577593539,0.44793224980941976,0.4294242631700914,0.2565001740878837,0.6859447451344103,0.8909127180992631,0.4616068010105323,0.28856551459527,0.1679701358374182,0.03243976492733725,0.0039941952293036116,0.000914673143694524,9.362065025956759e-05,0.0002534585760686245,0.0001329953044148513,0.0001790974804374562,0.00019998384092380809,0.00012925228384118358,0.0004433758415297094,6.564811396078136e-05,0.0001902705813282454,8.850254251126156e-05,2.7686238087122112e-05,6.986046983747942e-06,1.5211531475466734e-05,5.404940530357758e-06,4.469583643876828e-06,6.874582235548781e-06,6.279984093588394e-06,5.676991186119685e-07,2.1914212831988208e-07,8.1860960119739e-07,6.012644380910352e-06,1.7293858614484133e-05,2.9511182163875953e-05,2.3551506303804344e-05,5.807654249697365e-05,1.5165644078348221e-05,1.1911509390681232e-05,2.4378469389689863e-05,1.9496668488076618e-06,7.090419710691412e-07,6.147182733785932e-06,3.7438921254274158e-06,2.2142307890374296e-06,1.2827700228979666e-06,2.356788265858926e-06,3.526079631727435e-06,7.1117220424101945e-06,9.766877581094293e-05,0.00033261284756088197,0.0029821531719666414,0.004864782368010683,0.00527613220285503,0.017612204832117194,0.06993367839796386,0.04246052810713385,0.05332396145514179,0.13989790120856876,0.1541578591560682,0.19241311469080527,0.36737753042079696,0.8637829887507567,0.6853360764027501,0.6306047007515666,0.5367916907416383,0.4019207812374521,0.4002389799835425,0.37527754694295523,0.45330625959958043,0.31011563887157734,0.1410800939939399,0.11132292894683428,0.07901168199619325,0.04009635361041975,0.05607922450882543,0.01756674568753908,0.02992942877322314,0.06135483570365767,0.05508694160971339,0.06934854958432997,0.051488656710219904,0.09966947229199322,0.04760169987241824,0.018045485762496358,0.025856778630439625,0.010148477694187478,0.01276520387338108,0.030053288678277067,0.007324921085077632,0.004569068357982468,0.014328706080835928,0.00979116083949343,0.0024634741127701073,0.00946313772591319,0.016305892412318685,0.03632576052632661,0.114313777115019,0.016668592638549935,0.05178321378979478,0.029272640735375357,0.048192305943417404,0.03969326748620832,0.0037029591462150167,0.01634643500873676,0.009158130584860131,0.021294702359453594,0.01055532743291882,0.0020028731851336567,0.002381635391272396,0.0016592471948776812,0.007061049684393675,0.01584490825025071,0.017357742015770887,0.08074696836004039,0.21958524319731407,0.17281424636856652,0.2690784255633253,0.10381065803091988,0.36044589142635786,0.3243027739333222,0.2700095184565503,0.35919853615653685,0.09600978335381292,0.2132842985042446,0.156374010093129,0.11662662151598592,0.1017319378105451,0.03470021087215697,0.03343344349331661
3.9999999999999503,0.09222763746936705,0.04638734013222791,0.06950449838590489,0.03268856689301527,0.05105616174881843,0.061766067727884094,0.07497993253465395,0.08025406536727506,0.05487826210573524,0.057243666728583865,0.05469463861871063,0.03994356840349483,0.011571211580234924,0.005828584179742297,0.01285183582743103,0.02835180871907634,0.020645994542718284,0.026662248159665263,0.01682854681067214,0.00890352594472899,0.010761018229334897,0.003989644886695147,0.0016527989132580853,0.002538322844272754,0.0010542070263300713,0.004764171251299543,0.00550827618832592,0.023404912390027382,0.03823854504130174,0.008659901200599552,0.017462290386605447,0.06433049926679686,0.03825098420057105,0.03297580249577848,0.02524246940468741,0.04961017698821961,0.03893675639807516,0.04369608653179836,0.008423251296840085,0.035662304651399905,0.05234437994544298,0.128585431999355,0.2210233792927685,0.31780311193540167,0.2805830338612549,0.33430474382366104,0.5768352813853144,0.9713855568059356,0.7611923118821808,0.48058805413773714,0.5776726039194429,0.47561153342771617,0.6859340511550234,0.7083600726269683,0.8913480148409184,0.6300382879072847,0.460065866888714,0.34683928211902887,0.24987670858285416,0.1260215409232209,0.15870847125307794,0.4715836217283775,0.7040387179802646,0.816830006837063,0.9864589875987325,0.7595442086237222,0.9847955710874485,0.8117512299353679,0.6863030430065702,0.8802411433606672,0.8529536950602572,0.726417448103536,0.4809880519983431,0.5951621980648056,0.4190256597430082,0.5188677267086742,0.6742935404399292,0.5761924151721731,0.5431722986346569,0.5817021087281773,0.5535415747989627,0.806269541964405,0.986218715731312,0.9314540733894311,0.8718065604299448,0.7872749212772338,0.9408610996586185,0.9510705662728174,0.8883097001234715,0.8354688889680559,0.9531646120258235,0.9135022406400283,0.7759639583951844,0.6283830706866257,0.3805735879232326,0.24753727976922435,0.14257665895388139,0.2570526814140209,0.12841940328897739,0.13435074800023927,0.23127138884378737,0.3959786633940897,0.37568344607999005,0.3001171111392983,0.40199555777375107,0.6445103986736583,0.638733919065282,0.5310930478520485,0.3879441585754016,0.24636699246664448,0.17914574813414885,0.0790198621867309,0.09762567475578568,0.08822223325577734,0.03907369247725932,0.022342569228456875,0.008162644630707634,0.002536435472005232,0.0021947543605167026,0.000860349568198733,7.240865691434508e-05,5.0324550541303736e-05,7.187241656561914e-06,4.900956641100468e-07,5.894381433369508e-08,3.0540754321077477e-08,9.263149556693655e-11,9.983608932238237e-12,7.421564866680205e-13,2.824960743044463e-15,4.8183405581783233e-17,3.600870516750268e-22,9.296809717969924e-26,8.357390080230348e-35,3.956528735429763e-44,4.631896750077244e-44,4.349968424069438e-58,1.2432159541492628e-74,2.9783706168327216e-99,5.4981094712687583e-135,0.0,5.458171648865344e-133,3.349604543173707e-103,1.2421101636795356e-78,1.7705568403463565e-60,1.5302096938463194e-47,3.752371982744516e-40,1.1025713293362607e-33,9.523869515853222e-30,2.4953392019756163e-29,5.78965645479788e-25,7.406996066895254e-22,1.5601131533528323e-19,4.908160094187133e-18,1.1782443679033197e-15,9.453031455723246e-14,2.478081201229637e-13,1.4279070673155586e-12,3.483362263733408e-12,2.1534870341121298e-10,1.3430085161483972e-08,7.349411590613256e-07,3.791212965671961e-06,7.485948856817465e-06,4.758994324137235e-05,0.0027819419383499264,0.029672974116918348,0.1652960804690248,0.21778426153554592,0.5856178230189231,0.9928067190223413,0.6340026842756421,0.6217568354924478,0.3716877586455612,0.9237238300880963,0.7520861643330856,0.8774787303007777,0.6721380775535709,0.4289933400133747,0.11493413074469476,0.022855153716178585,0.00706571858525134,0.001004292077762018,0.002702513100284641,0.0022708660722818293,0.004195203189815685,0.0035237779051768593,0.0022599499157381266,0.005158506758767439,0.001459457120123868,0.003512116331568846,0.0020597635446844217,0.0007703949658339982,0.0002061255159870412,0.0002966079038062496,7.007607374099242e-05,6.499954340019994e-05,7.442758536037605e-05,6.565334177015214e-05,9.92156620221322e-06,4.340957244066838e-06,1.2716899915956744e-05,9.983787579521767e-05,0.00015120125107677553,0.0003066042656009696,0.0003371001634878407,0.00051659871502023,0.0001233547364324227,0.00014092903627691453,0.0002454142786854655,2.1234140715650422e-05,8.206826174791852e-06,5.497206120255666e-05,2.9306058602964878e-05,1.6756912779050057e-05,8.264232798363395e-06,2.1903698451152593e-05,1.2654481103060874e-05,1.7146931539913283e-05,8.93226173229487e-05,0.0002585093399933379,0.002264432252420427,0.002391314348603906,0.0026476440022480553,0.007695566688262089,0.034007533255055296,0.018555736178148704,0.02207603985890285,0.07591761885349509,0.07397905694897164,0.08593610859986368,0.22380744235359704,0.5484814213854012,0.2944768559954949,0.28561071878271027,0.2733877952899444,0.21477386185830083,0.24925339730528012,0.2177913582032687,0.3243892096267516,0.24416308925967828,0.11816871969662886,0.09727673287193578,0.06957698106600925,0.033901922884917716,0.0568658185900092,0.018802189499176697,0.03586569768637133,0.07964631372194221,0.06613939258902161,0.05212408516766836,0.025391668582393626,0.06747927617233407,0.03550832065382195,0.0077738454600232414,0.012811997505847324,0.007221277383512195,0.0067301779920282065,0.015673749947620608,0.0027377103936039424,0.0018297462738740959,0.004935817145291912,0.0032144358584908655,0.0014262535861610086,0.005942162765786192,0.018494229848393152,0.03920146921822655,0.0952386127642431,0.019373758248175037,0.03833902439238959,0.022052084239485216,0.04254075836093525,0.03731523292840222,0.0039841462062495435,0.02178652806471806,0.00889134952678201,0.018536809977753158,0.008451458729514959,0.002804569452028069,0.003745058869586753,0.0014013775691016786,0.005301216589042866,0.010893239454976607,0.011315990689153697,0.05064565968949842,0.13892841662731562,0.09621838376893205,0.2080597164011495,0.06566102896794083,0.20226035112290797,0.24173324804980886,0.17631978473023413,0.23418333073540054,0.06750080548505008,0.19419163958140548,0.16964426521583714,0.1214248394721511,0.12245549555066229,0.04574088806753876,0.04274689293533455
4.09999999999995,0.12058605191589299,0.05667397274272295,0.07613563133893647,0.0413735774426947,0.0564044085067883,0.05705992180481644,0.10437291613977724,0.1162905813486735,0.0998349253174008,0.083632324131241,0.07833710480743107,0.06603794656342092,0.018326314432183154,0.010842206950727578,0.015168119650923382,0.038119735593427774,0.02643554393085271,0.03386452170855218,0.025251719511233988,0.018487558465164453,0.01971133300095171,0.005493920397808862,0.00213034556699203,0.005239101871371613,0.0013501860655382315,0.005252099748723684,0.004393174137887193,0.016376821116570107,0.0511663378625922,0.006701818857092004,0.008849214140303662,0.02263503171366453,0.011553783168895876,0.00838034269086875,0.0051252443611048415,0.013068627871724773,0.009588203170711632,0.010120775601672408,0.0018768963102541577,0.010337007974275695,0.01416172390719015,0.03352917627829491,0.048010163483247555,0.08171745531147362,0.062467312229353276,0.07790642690327507,0.1920101030930706,0.3688631236186118,0.287334172239629,0.10876741142211563,0.17697471938877585,0.15046027376311366,0.33217287689940994,0.3195414708497976,0.39972302597272263,0.7411781995728307,0.9818314937296257,0.8571406630084575,0.7512585234309802,0.5136766157288546,0.5211592913745082,0.9749806757098439,0.8426257590522404,0.635170404362094,0.5938186672972349,0.768528352342891,0.5688621419378345,0.42638905429762103,0.31686577534481153,0.5193943210832175,0.557700880049091,0.47457223794643677,0.2970247805248749,0.3904370472550316,0.3011533718274539,0.49793777097328346,0.6583201111420754,0.5780492067777808,0.6637501920482154,0.7089424371010755,0.6833589056458724,0.9317035835356147,0.895790160771007,0.7858934272698369,0.9969985613162259,0.5881198425749058,0.8414109997714065,0.75669152120874,0.8566929954306075,0.8655063724318006,0.6715628709691567,0.772335152058478,0.4842831638249443,0.3501955936372443,0.20959630149878827,0.10933143799454215,0.07671017156821767,0.13362850235603335,0.06074950063946213,0.06724154937094137,0.09521314574759918,0.21412580100150805,0.17447330420007665,0.16249639749622255,0.21724870334711546,0.425984738180151,0.4354659812470525,0.36652012148528773,0.3718852249452638,0.2503289544884059,0.20394574705440413,0.08541949226932234,0.12050790509412272,0.1279286704763435,0.04836798399228268,0.023386338121330893,0.00979829209009334,0.002880685340597545,0.002442032229007697,0.001074303418124945,6.217398715668137e-05,2.9909327534232197e-05,3.910923745858559e-06,3.452513337066276e-07,1.9849442959300375e-08,9.37847550906894e-09,2.0189639311704756e-11,2.858513239053887e-12,1.996799210631174e-13,3.0932657444825043e-15,2.67619836656475e-17,2.0769159714412177e-23,1.261960577525813e-26,4.589065964875087e-34,1.3547696779073942e-40,2.852564230719675e-38,1.615325646510959e-50,9.421124590652952e-62,6.44818916733174e-77,2.2439806100281337e-95,5.458171648865344e-133,0.0,8.089885451727704e-143,1.3572118636245307e-103,1.235443855002146e-75,9.427484437210186e-59,6.610702063133243e-49,1.1826086034028066e-41,5.763846020082343e-36,3.4358302463014425e-35,4.689763437312802e-30,1.5299011722512115e-26,3.1092427235582433e-23,6.775001291268658e-21,2.3671524937477755e-18,6.306464898938505e-16,7.436975811126257e-16,6.865008254650283e-15,2.970655332165846e-14,4.2382582909812595e-12,6.638729105608998e-10,8.163703983913107e-08,1.3872038470349123e-06,2.6105558722421685e-06,2.255709326355791e-05,0.001727451828157992,0.014175940414882541,0.08044266515776974,0.13221682914839916,0.48597708042656995,0.8044820745259124,0.9141460470803264,0.9043648599484527,0.5427635016003047,0.9721152698351103,0.702789659118754,0.9458367849328152,0.6411959814135259,0.43491331126390853,0.15321244650936092,0.031719295736854274,0.008147886917448343,0.0009199531938497421,0.0012189845518975086,0.0008237429108864317,0.0016715050218204291,0.0012375715611853033,0.000918737918861979,0.0024444925197925544,0.0008340941603054475,0.0012054888514664943,0.0008215567821629105,0.00031706595826229346,5.6437572768720624e-05,0.00011761730205335136,3.4371842721477636e-05,2.7748477686572185e-05,2.7194550673465978e-05,1.9782504368394615e-05,1.8516800427320825e-06,5.177627277747794e-07,2.659891372315567e-06,2.0648807197910173e-05,3.0259131873649678e-05,5.3252195271302266e-05,6.0199695165972296e-05,0.0001422060624668164,5.1263447528119936e-05,0.00011701893103674162,0.0002757180779910347,2.562564261181156e-05,1.3007176140416161e-05,9.814211191006881e-05,3.92810679043939e-05,2.5372703807666305e-05,1.6794291798368944e-05,3.887465689265345e-05,1.938975961344642e-05,8.475250385720192e-05,0.00025178877388686553,0.0008969301778064653,0.006426837764263597,0.008660247448597292,0.012275429408300585,0.027202811221606452,0.11439650936544137,0.06211523602738672,0.06192882991651621,0.1548332103030332,0.13359042508839658,0.15525954306431414,0.2929017987851248,0.7519851376030074,0.38490067963121366,0.4516790974593796,0.5044141635490996,0.4372782935604471,0.49547370176686534,0.49526341740604374,0.6998473632189198,0.6895902607702136,0.3952082566733901,0.29412657523075003,0.246092523817907,0.20185089053497238,0.3326109863230943,0.13931299170857575,0.17603507031778984,0.2563237929453936,0.22560047266673142,0.16075585435943945,0.07071723347337436,0.1343431561094041,0.06672291551025553,0.019064847903303303,0.02993033494937952,0.01134608888824096,0.01027504648083681,0.020758300734479207,0.008859064682555196,0.0052508433408420836,0.0071738044251121675,0.0049717792115537805,0.003550198971510582,0.00872417503399754,0.016271018590704605,0.06204649242953429,0.08345503164164655,0.017680887310010697,0.024186333666645368,0.014418388057916212,0.02304506727048477,0.013330512531961469,0.002209701566364566,0.015325210790014802,0.00472585885320388,0.00876214019088009,0.0034534384376612493,0.001174772782486451,0.0013967380847217995,0.00052599077237596,0.0012004273335349885,0.0028229396848323163,0.0035703999837832824,0.016699635603616352,0.04334696827753925,0.029980383225029855,0.09454776108928709,0.03540654992004104,0.0949654877688756,0.14216042035653315,0.0701390197467664,0.112585482577728,0.03094854979876458,0.09310336677135168,0.08822231094124647,0.083522816956239,0.0857826422236273,0.04000847463887199,0.052548096455490204
4.1999999999999496,0.06768807965720429,0.03512247097215622,0.04828788494692014,0.024487230369221145,0.03856946703469732,0.030628578301790842,0.058028875578789385,0.04726464298895186,0.048746712272757946,0.03611512010743877,0.044952378510406336,0.04007144294806724,0.01177518718114589,0.00830145016547516,0.009330561767050093,0.031804441245860654,0.028042515567042018,0.0359907777671233,0.02304855800522305,0.014723997915235612,0.01604541926202014,0.005506582629961487,0.003700773326871835,0.008137876378613672,0.0064782969858462065,0.017073293539659196,0.015364096862225878,0.05724426420430105,0.12414199344383385,0.032550778698694854,0.0350285462020701,0.1031529502772968,0.09128043001397852,0.05188023883793357,0.04013444332359558,0.05573894684859977,0.046689186729196766,0.057191359010715904,0.007675845942326948,0.038435255752262275,0.02943527983742582,0.04743433399695111,0.05962543745152758,0.08150839162891999,0.08346446533863465,0.07930376232213256,0.16713121647011614,0.31958587495447344,0.19904284562463614,0.0729834247868217,0.12202277180727705,0.0885954878525193,0.22228293291713666,0.16821945417997966,0.21658348146334852,0.40301508098728184,0.5703732978598977,0.7310791577845231,0.8389803653250306,0.9425515964528399,0.9192561641340747,0.6422486698601579,0.4313082653819475,0.33992122397532015,0.27396517342197635,0.43059040424501466,0.27257918744802406,0.1501025391329832,0.1496678395653985,0.26463934568815695,0.40526172014226375,0.37288356353471647,0.22544528940327596,0.35732762529603973,0.2754306891440174,0.44935255694871307,0.5698737424889319,0.45346869651682387,0.5574779743967254,0.6101109796427974,0.5870595252326875,0.8510985295188107,0.997622679139562,0.7651243776582204,0.9919770971162996,0.5202340201364221,0.7937158342225976,0.7315020639645797,0.7891001880446532,0.7081393823212356,0.5621997016169835,0.5580509361864575,0.28036264121037385,0.2566065139272968,0.1927642645561102,0.11005482012563257,0.100101557222443,0.22916155023327783,0.10026530565002317,0.15210409374259135,0.1801721671113534,0.38625318800278596,0.44659989638072783,0.30609936742836913,0.42326184921618315,0.5368261644666728,0.5860513114522472,0.7014503806470437,0.6436470943953506,0.5743616889222581,0.403210152428571,0.20962630287315512,0.2875195012028194,0.24154984326942058,0.12716001964315643,0.038025850492616455,0.018307218970267998,0.007887247468825383,0.007597355865129052,0.00448193517576913,0.00024291339309394868,0.00010198558220822614,2.1408696519640598e-05,1.2038584922001774e-06,9.566042615527503e-08,3.8850944810241684e-08,2.80110741995964e-10,6.15409610106629e-11,1.4709865070478203e-12,8.00850072418185e-14,5.717246111566044e-16,3.1528834431576836e-22,2.710783414053244e-24,9.52104656490725e-32,7.371376280568314e-37,2.054696113175585e-34,4.137911297178103e-44,5.147932405551868e-52,1.391288812898345e-65,2.61580247030227e-80,3.349604543173707e-103,8.089885451727704e-143,0.0,1.1467147112894697e-139,9.042284878846978e-96,4.462265886926767e-72,3.5773792010674164e-58,6.647194149889076e-49,1.7092118149267136e-40,1.6323361750215412e-37,4.959955591174749e-33,7.361667942052667e-29,3.927615783879699e-24,1.3469456519334717e-21,3.5108005832305e-19,1.4037934437979624e-17,1.7489993997094327e-16,3.075867983343834e-15,2.6474930625616474e-14,3.958566306053555e-12,1.3426832234217245e-09,2.2094584494752167e-07,4.521545050383252e-06,5.690993493204879e-06,5.83942596779408e-05,0.004205048935632716,0.024285002835999426,0.09462330207434136,0.13617355086728553,0.5332061771741691,0.8418073123746355,0.9262107178503226,0.8705065752554116,0.6380137946041522,0.9143729840657332,0.5730106781344968,0.8497962342131816,0.8873486469649744,0.6953610560250191,0.3183423921636052,0.07839273712977247,0.03508552854046892,0.008380478900090709,0.009791691856025202,0.006427892794590968,0.00761651451279473,0.006038758402893733,0.004734226809823675,0.009487311043382539,0.0034001765574239655,0.004419566302092865,0.003913251705666476,0.0015552454976358416,0.00025639425099505646,0.0003984920199556714,0.00013022213134066983,9.276412628754778e-05,0.0001132540294809296,4.6035885869476023e-05,4.341208300757002e-06,1.9137191170255264e-06,2.315140605431925e-05,8.334004697106473e-05,0.00015819121133931906,0.00019524942290807554,0.00026616622881086926,0.000594151739405057,0.00035545309438584965,0.001048142224014288,0.0023883102753112363,0.000573561288739739,0.00030633040731800994,0.0012950177691283388,0.0004176668361387549,0.0002751619588143133,0.00010700005232135962,0.00021991694684854614,8.843091350990645e-05,0.0002734914265419309,0.0007302077823721115,0.002200259755518669,0.010291210667885721,0.01530204470468914,0.022940986809506497,0.045364908683569426,0.16842284940830626,0.09172817407143143,0.07180834321295267,0.11819964466142244,0.10884708516488412,0.1529765828891354,0.31490209111811507,0.72143547105587,0.34460990782070305,0.4080019956909534,0.5003926097620721,0.45139347488434994,0.5058100352878863,0.4549108756911319,0.6994999606122861,0.7305555991115383,0.4218595771430412,0.3327636122593606,0.3032527350550306,0.2479819243652032,0.39233829991381,0.17557877016309686,0.23087861990550806,0.32599422556266333,0.3437966862829368,0.271796616720203,0.12085330862392857,0.23294941470407116,0.13207563672797776,0.045965992960764174,0.07863453413186625,0.03703265302111786,0.043588394369512395,0.057028349978427074,0.03814660227583292,0.021325384196400565,0.018595644996657956,0.011209874553911642,0.009333571946297348,0.01865192382694192,0.02574992684079255,0.08992092672293414,0.0869550317291764,0.030035467779317305,0.032606901346346494,0.0194589684227556,0.031185461481760643,0.024984981338207153,0.004885126227188944,0.020098638685637157,0.004276560860384172,0.006008226080302601,0.002579259643341876,0.0006721759997664196,0.000777408287367499,0.00027469124029391923,0.0007456043841375762,0.0012326751033855526,0.0017560236962897873,0.007850503804557396,0.02265420240040259,0.014013087376936325,0.04329444975072447,0.016863532349702347,0.028739796879671285,0.036442825241544755,0.01630890120713227,0.026567021494680095,0.006351673992999072,0.01875259966705583,0.023091016184704893,0.024225454660328608,0.03092821895290753,0.014382840243622215,0.016917816157895824
4.299999999999949,0.03962829687729529,0.022092066295757978,0.038509985280162674,0.048695794036394804,0.0493345994041878,0.04027632695512107,0.059869745660454436,0.07167239255941825,0.07275884318908922,0.04946927301546757,0.033841189562951665,0.03130108337209166,0.01412037643181174,0.01666485991490396,0.010328408210339753,0.022265240841912008,0.028107341108392508,0.03083535079443362,0.019145043286116083,0.011235460493645601,0.011640250947761022,0.005532610150503384,0.0028680947921043594,0.008953480649539573,0.011546167697840741,0.03235214976404043,0.03079355206230019,0.08043290438107648,0.1306881157213942,0.022991423714367347,0.02557444988255212,0.10384267930481196,0.08831818248172335,0.05183926205776555,0.038586268648739305,0.07135201958058636,0.07303641403263317,0.05386838413761807,0.00914469842398505,0.039241306038008676,0.02472033415694211,0.04207879397498234,0.04977756949441421,0.09981297183125096,0.07243719280498358,0.08729752177849615,0.18027922376493064,0.2803000757032398,0.2880170756018021,0.07665002728268647,0.16056153368402507,0.12504348730177547,0.2515587761145506,0.14714800503165476,0.1852364372760518,0.39392454237993235,0.6137686351171726,0.8510646824188219,0.9858973935782906,0.8480540103135698,0.758408033652867,0.8002229872281866,0.6699901350316332,0.4078342567656036,0.48491820258471013,0.631682750387938,0.4217576266145011,0.30993158067457866,0.18518898323104302,0.3799847299601858,0.4264255334702626,0.3915852700945036,0.34279756169828324,0.33822163251360676,0.42274857090162765,0.6855867554730032,0.7710319012077906,0.7527394044767719,0.7487848754664748,0.8853295193925839,0.8345740432334979,0.9996672106005171,0.8765258562570927,0.6643490798678415,0.9197708000232114,0.4871322390291539,0.746335883657191,0.6368524772012681,0.6568082362564184,0.538388388618582,0.47461554677623213,0.4555313252101292,0.2993455645114428,0.26021372220155464,0.2786933415746645,0.1742679830985492,0.15154557380495653,0.26394810000385044,0.14479602737992892,0.1649378087394399,0.19429493650181529,0.3422858296615767,0.31311889842807517,0.2455784828768251,0.31554028254436955,0.5009622992686354,0.5898635675207863,0.6007328364952449,0.6665787714265318,0.6289158030969184,0.532380055973586,0.2793098028987704,0.2770934613545862,0.1905443544081205,0.09053742498072624,0.032190804720792734,0.01860550496890693,0.006899919958293667,0.007392172905584261,0.003689777600880712,0.0004950611713782649,0.00010527562716127145,2.2569123651188877e-05,1.611363441238361e-06,1.1409242439795826e-07,9.464416277607691e-08,3.128993676498208e-10,8.034570737359687e-11,2.8822500030504197e-12,3.1543145439724577e-13,1.0649761497442424e-14,1.1709609902031285e-20,8.266816355377433e-24,9.353927736448727e-30,5.551651423805378e-35,2.3058174936466093e-31,9.22353720082817e-40,7.1893384072812805e-47,1.8490337242277807e-56,6.809255143788884e-67,1.2421101636795356e-78,1.3572118636245307e-103,1.1467147112894697e-139,0.0,1.682246430437603e-129,1.3088778012558954e-96,6.831407587306017e-73,1.6429879062557962e-59,2.4274144709784275e-49,4.999532300954433e-45,1.0634278363893013e-37,4.4792537749363984e-33,2.2210581398527538e-27,1.7741138632343247e-24,1.3341928925862327e-20,4.096554107666639e-18,2.9459963362108584e-16,1.435025108478456e-14,7.757700315412374e-14,1.864235876418882e-11,5.017654402949918e-09,1.5418222666815419e-06,4.140108006874579e-05,3.12896488029716e-05,0.00040190075662206276,0.014157777050934716,0.06766361365755895,0.19301501464783627,0.23631759933693802,0.8612198165446266,0.9145276297359854,0.6039131112954379,0.559525094038572,0.36291455725326527,0.664838024264993,0.9771934576599761,0.6094197305587772,0.45181132928226764,0.2195774054728102,0.14232607066357025,0.03659656604549172,0.009785278137730441,0.002381954139481506,0.0027116733712257233,0.0012064076089523524,0.004028981263272246,0.0022756724449058308,0.001956928972204877,0.003977205625006054,0.0013330490596938163,0.0030276282326305803,0.002944961800032875,0.001403803065689188,0.0002657645010430411,0.0007771914272273884,0.0002441237676850644,0.00016640616686395548,0.0005181139059640913,0.00043537237055456154,6.998463624886682e-05,1.2615601712629441e-05,0.0003070188767708352,0.0011320215032072835,0.001966074137422806,0.0016566006629908814,0.0016275504356651129,0.005867246350744629,0.003539618989461475,0.007859093770204734,0.01787222558883702,0.0072356159108453375,0.004000354278464584,0.013459665304628695,0.007199931538939462,0.007538296662153112,0.004636805514239655,0.00386211791141826,0.0013571822286250043,0.0035891498214750644,0.0052036618214309615,0.010635797645075292,0.022710370369247987,0.038196094030110275,0.04696104538012804,0.07844862537575113,0.22323847553370676,0.14180903651705548,0.08339840863185784,0.13108479345087595,0.0842154824290061,0.11830262276191529,0.16922603247764847,0.4230841588982313,0.15126234187421952,0.19601132706860006,0.2303037555145535,0.2639517860045526,0.2960607863245646,0.3214241503849682,0.5663137293318203,0.5527138300840381,0.2573008168256323,0.1797089404702901,0.15115554610040643,0.10612629439700116,0.19314282185292486,0.05298996862488469,0.05871788371465377,0.09969149853866098,0.14055462636732902,0.11671990682416888,0.060166769064148196,0.1569505167803071,0.09021533915505602,0.030385370276387103,0.05998680547727633,0.025651806275778028,0.03059023161391006,0.0452722663771084,0.037443423536210066,0.02436148802133332,0.027079114264318412,0.02317551900338075,0.01993152955811421,0.03664722769841441,0.05684076796623972,0.1135334971671469,0.09278912531149766,0.02890103640740555,0.032113656135649704,0.021465138808454215,0.025959882959234494,0.02018613281837067,0.00460741056377012,0.016901569963723474,0.0022801872621698834,0.0026581695633745863,0.0009276743041958242,0.00017053153469126763,0.00015342820308725087,0.00010967197574223229,0.00016657153432697396,0.00025707568903402965,0.000375780370332264,0.0016162360938120329,0.00614277887952928,0.0032260917847740235,0.015094759548713935,0.005516411205867302,0.010517459373362396,0.016256660891973543,0.006800210099632514,0.013913776452777967,0.003573947302943675,0.00943650244743528,0.014717086741611759,0.012691493129963349,0.019828462493009142,0.007721684742032652,0.00863656274581078
4.399999999999949,0.100844225293102,0.038681487603100036,0.05574849760852769,0.032793795704088316,0.07495145936830076,0.08017132525235418,0.07452471861716342,0.09937339081459592,0.07397526782635158,0.0704172326630603,0.06898464529474138,0.054411928228611954,0.022066918543485355,0.018921072852414223,0.016968181708742397,0.04445995196085686,0.04364400612420824,0.05011288601912485,0.021340442280686774,0.02492317040266004,0.0286623287140049,0.016075228852077583,0.0109096375504432,0.023306681110137745,0.02507979055651867,0.05473609153918159,0.07557308388370153,0.21041469582586406,0.3510295052336753,0.07956390372854825,0.06970327638038172,0.1761911006979413,0.15044599033229145,0.08905101202587554,0.053711875385500304,0.1039922402223613,0.10564952895861054,0.07810614855493242,0.01671263082214816,0.05011994784181953,0.04076320328028914,0.061231116937831315,0.07250530945155055,0.12204372541205626,0.12105657814437625,0.12600931954807532,0.21287654990590987,0.30229871561167415,0.2232996805481426,0.07041265078199586,0.10666305749299487,0.08194063044624127,0.21055489331259383,0.16040020176596634,0.1842973028165941,0.3172343708413767,0.49885799057861,0.7381498228054919,0.8271737075924633,0.8382623337284869,0.8781693924490002,0.6006837768283094,0.4613223779904961,0.27042315656815064,0.29748754136572675,0.3899128251064008,0.21600987168543398,0.09545953375456682,0.06464382758322455,0.13444814224845442,0.18461942658485364,0.16839274905594148,0.1317865315692706,0.19300364149273327,0.2190385793877676,0.46951670098692544,0.5833939019530072,0.5653931915521888,0.7156286157706546,0.806055088457203,0.8221801296015389,0.8671368618114241,0.9309157081499315,0.7636682916056973,0.9519972756532491,0.664328920925173,0.977062152347465,0.8253630903633646,0.7564445229231519,0.5713653170461443,0.4651362948735566,0.5278658569643061,0.3498010949624263,0.4507410686879811,0.40880096710159103,0.3107363839991076,0.2864970613987061,0.5599575139923818,0.3271371718460184,0.3845578725921361,0.34616131135714134,0.5514942685563292,0.5630893173817535,0.4948590650773143,0.6315921060905767,0.6918061638363563,0.7822929848816378,0.994725160095694,0.9448480312414431,0.9409020948217041,0.8542066184625672,0.48708754154384004,0.4811414877063882,0.3685118216309382,0.187183239496037,0.05121858006461729,0.03891440582502669,0.029031754245924128,0.03921418497555346,0.014206127313066096,0.002403334496600865,0.0004399933222919488,0.00010101677358700856,6.951298749030845e-06,5.783961145040306e-07,5.319696532615229e-07,3.4114668091946496e-09,1.213646838012306e-09,4.8831018943330685e-11,1.0746424578093533e-11,5.26274847321717e-13,1.5821530140000916e-18,1.0100364917422269e-20,6.519736813464511e-26,6.020014381636354e-29,5.668315013417358e-27,6.82255078776042e-34,9.246758625851662e-39,4.9071532361606555e-46,2.074063028631391e-55,1.7705568403463565e-60,1.235443855002146e-75,9.042284878846978e-96,1.682246430437603e-129,0.0,2.401360876455917e-134,1.6751895121342367e-93,3.07052717076067e-76,2.588316966168139e-59,1.1466861169518705e-52,2.9861063928388545e-45,1.5918273063610134e-40,4.286213288279919e-33,6.593817234343148e-30,6.943600090156973e-26,3.719820431759265e-23,1.2768353960035583e-20,2.3376859042709058e-18,8.641655230553443e-17,5.069139201373279e-14,2.132347868683546e-11,1.2184694550620454e-08,9.90443307743028e-07,1.0994142815049418e-06,1.0016955598403623e-05,0.0008656091727376885,0.004439761809529278,0.017964641716619524,0.03360896321023228,0.2450752152455046,0.3835639922978477,0.7310982493764369,0.803443239146501,0.9742328890982177,0.6992954476838599,0.556160451809275,0.9838050550907051,0.7929239205221272,0.7353597892857866,0.4896318978776404,0.14205692412704826,0.0633983296507089,0.02083241270628774,0.014693849434828822,0.006842226531011908,0.012792082680152403,0.013598934438525308,0.01005966576988606,0.01619724684395191,0.004944745520213276,0.008303303545189978,0.007766667641356422,0.003851001713028683,0.001034238114371947,0.002220077406365725,0.0010668385639391739,0.0004880870417006663,0.0010485643183766873,0.0007569702069720006,9.265339128129774e-05,3.110286736300029e-05,0.00036697092583260925,0.0007925276745148941,0.0007117407439363521,0.000800580645346255,0.0008661265568369975,0.0013545256386421527,0.0013072145030015726,0.0035657672985417396,0.008259771769970337,0.003793503757707536,0.0012779678590501132,0.00476754345721099,0.0018474722426684946,0.0024074201433574574,0.0014011434229625047,0.0011635234684773319,0.0005168818432043019,0.0016645004354825486,0.0059053990710676695,0.01142614980089409,0.03249126646089109,0.04572522777589611,0.062223382457379434,0.1358308300626189,0.36544867427107086,0.22510052586351198,0.15460506982587022,0.15042239817737085,0.12770118959578633,0.16465936807219278,0.2439927489091856,0.590590206133341,0.2396177927164748,0.28109545070555036,0.3798582907121979,0.3282594120932588,0.36858846111437366,0.4164001612942977,0.7540003240580353,0.9551779938243193,0.5785004959411454,0.38619341520418493,0.3546370747857254,0.2607083823115407,0.33273529280320796,0.09617057488258439,0.1029692385156177,0.14747429157160769,0.24391673444345052,0.1876319231194575,0.0758731928034665,0.20033253632646164,0.10639429045135712,0.04236232999030176,0.0991670120165686,0.040599979558916845,0.0474486366378912,0.05209224150085666,0.03633342916731594,0.041123434163712363,0.017879075827214683,0.014385190018628544,0.015041525156811623,0.01558017984483111,0.02348001714675031,0.055419670866402836,0.025646133303515374,0.00997383711175764,0.00557612503785116,0.002750755395146546,0.004117350075618347,0.003920750295068821,0.0017861383771194048,0.005087839862222482,0.0008553227435114078,0.00046752737819196106,0.00010097229411987701,3.826726176638685e-05,2.237754225429974e-05,3.05862292573256e-05,9.805882037055987e-05,0.00020979898618644842,0.0005166619966295677,0.0017190495793512977,0.005128027928010286,0.002313280247057737,0.006304940928854472,0.0028675253032286324,0.0023860697382890117,0.0025305563734614057,0.0011089083466964233,0.0035112388206683214,0.0011348243793054447,0.0023670814799099417,0.0042247998472088365,0.003682105185190176,0.006326813041819594,0.0038551972344205094,0.0033399915094249983
4.4999999999999485,0.052781096620876,0.02294971801614797,0.035287234147141966,0.023687208649983155,0.059094843437063165,0.04995880316668539,0.053036808982901404,0.10145175986832305,0.06960457992514775,0.09829784212692917,0.07031971783665,0.06341101037713771,0.0318611809562134,0.028964609367929488,0.03734972893843558,0.06522392689198454,0.06105478284609724,0.0755756858468603,0.035350886387683356,0.04268070133837493,0.04514198730713866,0.03271048578860964,0.02300318899156284,0.05666019837790358,0.07342169482088284,0.14311961843482257,0.1967873072382051,0.27793079814210414,0.41358697292140023,0.09368033392372073,0.11819604274737971,0.1951766832556639,0.1569584333953257,0.09930171234638373,0.05120278441620423,0.13197436158664694,0.12490362298530386,0.0757036468620178,0.02234803284576635,0.0632711760872426,0.10186665249776852,0.09527381863093017,0.10357482466350659,0.1643955820114902,0.157838290055875,0.18795804629508678,0.33437013040582386,0.40384798672172795,0.37408683326420855,0.12776992003144735,0.16407596862831567,0.14329427457377264,0.27091278738652813,0.2299893124630115,0.23202939619539256,0.37004839109564724,0.448777143475381,0.6976312827129202,0.7393498973053476,0.8006539320096978,0.8723890948171593,0.6447497638940493,0.5126607081258956,0.2620776410960287,0.30476204511398325,0.386515613589394,0.20031615199846142,0.11056540835190332,0.04656407658862822,0.11842410353782325,0.12401832314691977,0.09708612254538644,0.0838802800136437,0.09162780914207427,0.16350208586587167,0.35908225658547477,0.4514426755100419,0.5535978463577779,0.7402255435202156,0.8168936731479103,0.7622554754177615,0.7714896689750619,0.8038546929120075,0.9554385068305088,0.8060357232516068,0.8226956462416556,0.9418000745581665,0.8403444698206036,0.7254016237406282,0.5939837036085525,0.4587621504140561,0.5675089345592189,0.3444381401578777,0.46092307970747387,0.405111257247349,0.3186585471085344,0.3430709006650776,0.5709379151211684,0.36243424623576864,0.35902294974205196,0.3640813500796145,0.49993590862150994,0.4596380372066988,0.42730591255360895,0.4543814853713042,0.5792504291498579,0.6717877661252861,0.8209319657628197,0.9062536334697582,0.9631780180357957,0.9822115619850768,0.6378200346122945,0.6425097253325187,0.530368462066798,0.24995691444961374,0.11606016154891652,0.08156327394557779,0.048572305409685504,0.06158417842699158,0.014701002007166774,0.0026732454085869797,0.00042728241260174186,0.00015782379086611204,1.9548904783285796e-05,1.0953838095172489e-06,1.4583469269945163e-06,8.336203138095452e-09,1.998666785936468e-09,1.8728024158077713e-10,4.6324941947868e-11,8.967461630339268e-12,7.863404161828837e-17,2.38502513614249e-19,4.7870239053535544e-23,1.150229844824487e-25,2.1651974050157954e-23,6.579750507905314e-29,5.3636501593961195e-33,8.190714466258949e-38,5.193624539179087e-44,1.5302096938463194e-47,9.427484437210186e-59,4.462265886926767e-72,1.3088778012558954e-96,2.401360876455917e-134,0.0,1.2976288270441091e-129,9.344238301238945e-95,1.8585070347803933e-73,4.163153557672877e-64,1.916980507419927e-52,2.6791692072683193e-44,1.0194137520436873e-36,4.1905375991797295e-32,2.4014642714531405e-27,3.191207454106459e-24,2.7177742215153077e-21,4.400282871520848e-19,1.4723465607188637e-17,1.2974006457452169e-14,1.2440686802933574e-12,2.1965540334421e-09,1.7404983676457467e-07,5.69259314097549e-07,1.0617213465392942e-05,0.0015249742725044109,0.005219051573248797,0.018125709575136723,0.03455645347595362,0.30784883784100275,0.3474947449416443,0.6065309135441808,0.657532944164256,0.8599916574248059,0.701403236859834,0.5764545948462007,0.9592198724463102,0.7630994138375071,0.701309438826258,0.39950611935330194,0.13454873582933063,0.07756960754292012,0.03494644518763249,0.022824446670661254,0.011709317354084571,0.018873910915497855,0.022682508722444313,0.018487841540531045,0.019687092984821766,0.007337292296513024,0.005730126198963058,0.008987979946711954,0.006249543194852514,0.0020445474707340566,0.003990580889161372,0.0014943058868455506,0.0005607658879986865,0.000859719380506568,0.0004258179300214839,5.6460560340137474e-05,1.8446243190451483e-05,0.00022129040288143518,0.0006230348324231168,0.0005346228380937934,0.0007097611307602942,0.0011661204460462122,0.0010223817918955107,0.0013015204349631328,0.0038046423728186787,0.007715769549898277,0.004544749889545167,0.0015049004994842421,0.003418249409164834,0.0008548213627462401,0.0010632461014738186,0.0005105300853696791,0.00025634606023362474,9.177556065608218e-05,0.000288743857933656,0.0006941841323418037,0.001999040002892499,0.005719305172364657,0.009978070238859415,0.01616898633903008,0.051433470379320015,0.15869585390814406,0.10905341526996659,0.07466492862713058,0.07045348766062563,0.05660784537633853,0.07223698709555007,0.10316335949871915,0.2323379950322536,0.07106922531121805,0.10877013878726062,0.14441732198315937,0.13954903304095875,0.23149566091674426,0.31870167469246274,0.6535266916906813,0.8046760034140223,0.43579859909848917,0.20450990873684538,0.1524295224256837,0.09736930677611531,0.14246151331661439,0.041511983319177076,0.043562658354077625,0.07419839289073162,0.20147755418593352,0.1690305789045067,0.07132802258853231,0.20723436958378336,0.10757461809301869,0.04963809087099672,0.09399197785024148,0.04662866186932255,0.054169526699786065,0.05793086094838395,0.05706802394637224,0.06771855944706683,0.03400244462501943,0.029262700191132224,0.035008361988322675,0.034395120641546505,0.0453597898182978,0.1037207865645664,0.04706817786426594,0.018450924448958548,0.01119650612712919,0.005120352542382018,0.007374194878940208,0.007407756301751238,0.004122255268413072,0.014955695963819826,0.003283455127361465,0.002749688634479446,0.0005558299800443985,0.0001993758428378807,9.78981257572769e-05,0.0001948051545574846,0.0007521841070982696,0.0011822806866143433,0.002965154077534038,0.0072332328023748905,0.01624901164084991,0.008446563286928145,0.019847373396024447,0.008614737961254277,0.008400216788274942,0.009787350808853117,0.003643914581455671,0.010243266141162567,0.006129368691600679,0.008660898390936632,0.015631667621101922,0.009473809014347447,0.015016660398402484,0.007303343900564232,0.004635546666338588
4.599999999999948,0.026334072273696944,0.008672439521892878,0.014534850916811906,0.007449444137796389,0.017680688823860508,0.01653582969016804,0.01594931030571646,0.047788387295058556,0.028671052319784205,0.053787808908389474,0.04480128204895084,0.042080159833137766,0.013266079314013475,0.008651321339965427,0.009834329336908981,0.019640350236101303,0.017870923411609087,0.023189186261342493,0.011337110608482972,0.013709038220392902,0.012609961521118708,0.006513945268291114,0.00443112570974225,0.011253735509149803,0.027994125440825773,0.06379841014194358,0.10492282354954374,0.1699934001997985,0.18887526829954138,0.03731563515585778,0.06284988844410136,0.10245893971261506,0.07509653484907647,0.045031168002160775,0.023322475910719346,0.09395552119807588,0.07504975051488878,0.049461449646726406,0.014467597295485182,0.031056707935482066,0.06731452761298033,0.05547999852959585,0.07051125115859684,0.1189305120758271,0.15462341721293948,0.14830863591783883,0.24352534425785285,0.2778054233164828,0.2311275371022425,0.09374211324257935,0.11585867038269602,0.10884465989600282,0.20368320620467528,0.16086968665198823,0.14810602571898127,0.19813064500219993,0.23497709124006247,0.4175814270565369,0.5499651242178263,0.6704769439093797,0.7064964294701096,0.445166106734222,0.315330285676007,0.15818552635318672,0.12839475647130288,0.1745644304238437,0.07888073529679261,0.043329473038640126,0.015865239115231175,0.03205739193963238,0.030341831766131713,0.02865147425205053,0.0241106315961423,0.02957375065713162,0.05736140512626612,0.15054835735335803,0.2541644414282514,0.4045529003190999,0.5760579431990092,0.7158334365599676,0.6272446927830335,0.6594538997293615,0.6572803069850961,0.8898370264373953,0.6982167295171856,0.8951131117614862,0.8492530232038039,0.9348674498896201,0.8641805916253016,0.6291569186592131,0.4612016242000864,0.5643573011008626,0.33668182379842726,0.5078467431630375,0.43832674840201225,0.31804614088086297,0.37287700949774377,0.5437821349694069,0.30207750211202283,0.2699224612968546,0.27733719645190874,0.3914480067517172,0.4028697118113764,0.32699635947520594,0.42022149487344634,0.596559688853032,0.6810843912482742,0.7881606220134807,0.9129571004005425,0.9558127577673625,0.8661727163793319,0.6120473743391197,0.7318010588503342,0.5475684822508593,0.2597958665117432,0.15012029573040025,0.1099072376262678,0.07692887222552991,0.08940065434121927,0.01964532201854703,0.0022080290833011358,0.00017137117425630797,6.31958724170013e-05,6.089223040674777e-06,8.448316012786366e-07,2.061269090533488e-06,1.1529332269894823e-08,2.2299957225385403e-09,3.7577745836123757e-10,1.0392569227912574e-10,9.840507813204024e-11,4.136691249694147e-15,3.844180958155743e-17,3.8426278331916854e-21,9.139765528393403e-24,8.507524067765983e-22,4.667743603058214e-27,2.4852253408632607e-30,1.3177211429488491e-33,4.462363547335583e-38,3.752371982744516e-40,6.610702063133243e-49,3.5773792010674164e-58,6.831407587306017e-73,1.6751895121342367e-93,1.2976288270441091e-129,0.0,3.8586815819080727e-144,1.3180729772032344e-107,2.772266132030401e-87,3.8051551926224326e-67,1.3234765120736473e-56,7.647780420412707e-45,9.997521630893965e-39,9.046573877032163e-33,3.4766979315786268e-28,2.4911532684504186e-25,4.243887773285787e-22,3.857911746283216e-20,6.735769744337132e-16,1.1374201886654667e-13,1.7109294717841642e-10,2.777481029388049e-08,1.2185069460521878e-07,8.25336920972595e-06,0.0018963546531799444,0.008003586841912255,0.028170737329500244,0.047595915081202214,0.32363357808444104,0.3675196287093757,0.6780336028027011,0.6761208008201152,0.8112341763817554,0.696271249402336,0.4727735464059866,0.9307949639253422,0.7432967118734416,0.610686596639949,0.2730082463250113,0.08360608725865239,0.06192543260848386,0.017149744974299847,0.010990916125215343,0.005595752008621387,0.00891437261991004,0.010727883086758858,0.008143511558110538,0.010980557332728179,0.0038232222162356963,0.002297953281112006,0.0031109988836520676,0.0024199032849092613,0.0009496768237696954,0.002868154937897549,0.0019133832173794216,0.0005843178551194146,0.0007371799345324899,0.00044976141086233414,5.0125012027619744e-05,1.725730818370487e-05,0.00015863275089957187,0.0003760835016941926,0.00032207233549706244,0.0004258821141078096,0.001136530595020634,0.002443779685837858,0.002476851259182191,0.009292621956686113,0.01726067762236542,0.010034786774813917,0.0030793319154916537,0.007486646699781983,0.0018632675556367452,0.0033650764196589307,0.0025307054225704837,0.00136570309159632,0.0005140392872873201,0.0007199216189114125,0.0017503271974393397,0.004520383337781778,0.008075359264263397,0.016428081808076846,0.028158857514089163,0.102431722874911,0.25377533241099226,0.19505335817441877,0.15192132032913538,0.12377599340050038,0.12191565274585557,0.1547811410078626,0.2262157584977687,0.360993621081405,0.12248831128114866,0.15245182188762224,0.14289021404142097,0.13199455239649566,0.3466568771716396,0.4803908683562203,0.9137619507321134,0.8843826930507434,0.6590016323906697,0.3616972570233824,0.27847340560758477,0.1770704526721768,0.270727560856533,0.07820752552388957,0.06370503519151478,0.09445410855928536,0.26337479474319736,0.2116467370947093,0.10814549552768522,0.26545379515503276,0.1074059106368633,0.0479971409456644,0.07881761550053598,0.04191126172987317,0.06893115417366347,0.0992970530291389,0.08750318921748217,0.09002336598858779,0.05187706480855765,0.0247806146878374,0.027612517367243263,0.04045387534937099,0.05983327564193975,0.1641114350461522,0.09751987342384165,0.040160151280752794,0.029135913242577388,0.01437987311505087,0.023725313935447696,0.034570133639478834,0.015901197169427967,0.04568366112066528,0.007530542938702264,0.0073308063584477555,0.0008346069720431504,0.0002948084067281748,0.0002407668068056777,0.00043910509764632545,0.0026661627624535956,0.006682168504230086,0.016937656568087153,0.035433993922139966,0.06504494904864999,0.04239659186160397,0.08105565408591933,0.028841124018306248,0.024848078725965138,0.026358472942732893,0.01073831028130949,0.030557477279139062,0.027221188972380374,0.03925577869653327,0.049051623605335375,0.0305894598073252,0.04010633520899147,0.021140403466499265,0.015888973562077885
4.699999999999948,0.10640147333177888,0.03580984126780853,0.05072088692754792,0.029781743383410685,0.0641699334031615,0.05208626184071246,0.041325970938145794,0.10328323915366142,0.0845826037274342,0.12994229809062,0.11681475261822541,0.10176903832840659,0.03385533953945569,0.01737590137186852,0.016260042850753702,0.027724806561098752,0.03162933952041409,0.04678512659574697,0.02206488197249116,0.03241454707754573,0.033404118968294434,0.016937144677800494,0.012417842664327872,0.022518769615343485,0.03319105093501646,0.06995929058164843,0.10250544516649476,0.16019019116425992,0.18455539360705578,0.04255799687731101,0.0368612777257068,0.050422252067145235,0.042570970074381945,0.023430192525749034,0.01290018876835746,0.08740606597550755,0.06907709574529888,0.05538509826579794,0.013888507335458784,0.03482982501718879,0.05478569211725673,0.03928388439695701,0.04200631089585331,0.057479199872721404,0.0832463303944783,0.06665224711419697,0.10149790035807656,0.11460085478539724,0.08936243841803439,0.03189718631699453,0.0358040692546684,0.03730931106688734,0.0886376771442141,0.08348465011046292,0.09003489382936525,0.09219222982755165,0.13133036962130393,0.23403517577445876,0.2618319395525321,0.34088470751378824,0.36326074998389385,0.25470027709095705,0.138052555586634,0.06437256756572567,0.053865022330602086,0.06636734629426912,0.02226880381018979,0.00862262714096878,0.0037753819411349395,0.010908001278923643,0.006272837143160435,0.006611049394549151,0.008409075685303162,0.010926836249527356,0.02155300525027968,0.05768842550122561,0.0921520665206798,0.1777699158123555,0.2608542835395235,0.36373698047405756,0.34112062188600056,0.3784743980566211,0.3604015149547138,0.5694721615995965,0.3709226111404354,0.7488263664412261,0.4258003257144198,0.6080554426272206,0.7654879401323553,0.9506569221442922,0.7352201034345032,0.7986374893185372,0.4528999614258347,0.6074119686217746,0.5461722344190214,0.5437262274924334,0.6055311539200082,0.8937248727759858,0.6421180755925513,0.5528720291129132,0.5444355936013009,0.7315292001029715,0.6824289305681699,0.6325350153677658,0.723994205840667,0.9979540450866334,0.9938300241386153,0.8871857447864971,0.8184107749011275,0.6853090359261302,0.6792813687017373,0.9711996620461072,0.8965302234439181,0.9787874289314278,0.515821685323402,0.40418675998448605,0.2910636911992814,0.22355621716940982,0.22440210159401228,0.06709006739281824,0.009971960387262032,0.0006942365928361905,0.0002221997029241236,1.9145517298048642e-05,4.2059108414214155e-06,9.019170127534794e-06,7.842408218118251e-08,1.7088031471402784e-08,4.2932381007620176e-09,1.2925608256344976e-09,1.211108033592677e-09,2.238169468179175e-13,8.40757345675187e-15,5.80546149950128e-18,2.514369933442374e-20,2.1478924336167802e-19,3.412181918949558e-24,8.744782701881302e-27,4.607064539524016e-29,2.5602632084819133e-31,1.1025713293362607e-33,1.1826086034028066e-41,6.647194149889076e-49,1.6429879062557962e-59,3.07052717076067e-76,9.344238301238945e-95,3.8586815819080727e-144,0.0,4.265412967018127e-140,1.3054066315736112e-104,9.193844398050751e-79,1.0662488608332815e-65,3.2511721854225825e-50,8.809176693657716e-44,1.1911822072355093e-37,1.9420334872886645e-32,3.181842122214378e-29,1.5204640980248877e-25,8.425161194067942e-23,5.5723637135420846e-18,1.8226791047795552e-15,1.477268416629146e-11,1.1677896696708745e-09,6.62068757428079e-09,4.4346183450262253e-07,0.00021171698494802017,0.0009538937967218938,0.004398007221791718,0.010846324707736742,0.15268677719213158,0.19676802551997397,0.5068047455472788,0.5008866800624576,0.6119629665231832,0.4169178337235959,0.30328585565986543,0.8818177725953855,0.686856229861187,0.6677038507366476,0.343890745094667,0.10956929662299998,0.04918489712034992,0.012144571597853517,0.006346935706467724,0.0038298308774686847,0.005842818191395365,0.008696075432034716,0.00888178275184605,0.012936299361628299,0.0070007732284024194,0.00470539321276138,0.008093812316035174,0.005605079629748495,0.002714615525657411,0.00667754997250321,0.004521132198807421,0.0010028614568223066,0.001072933864748205,0.00046860354098083467,3.1199618379289015e-05,1.0742817811101216e-05,0.0001578606955784339,0.00033975653270981276,0.00043687284110948527,0.0005943242283021219,0.0011508684459482757,0.003934895077274013,0.0050477663957360225,0.021245753986743814,0.03576256389187292,0.01607917082418242,0.00628356409486342,0.012421141629947681,0.0024573861592259226,0.004203905930916108,0.002257667782801681,0.0009790514658365535,0.00038980501613336565,0.0006065927437003809,0.001314248264411219,0.004027122202912856,0.007701113736060169,0.020919047453177107,0.041684817445316664,0.16799346230152543,0.39849495910245636,0.3307018472595259,0.30836417279558664,0.23124012676893796,0.2606158360616115,0.30522912282307463,0.44032746261424743,0.6015386998175762,0.28898638076380095,0.3327726868722297,0.3383185244967842,0.3707547778520396,0.7776490337049609,0.8459896913331931,0.7521512374313037,0.6505728449442506,0.7711707323432508,0.4014205197359641,0.2869297844041474,0.2441455233342939,0.3206833750165714,0.12050786055321926,0.12189707834564917,0.12881760031718756,0.3027978037772117,0.2949853751305093,0.12616484974278522,0.3256998230925518,0.12476504502661091,0.06765633011856069,0.10790907844164152,0.048680618494063764,0.06448641435405458,0.10015987439892786,0.09852428460954755,0.09545418243103086,0.05240280244721755,0.02085957237954144,0.03557074393679621,0.05332211572677117,0.09130130963510356,0.09946723240701648,0.17197403253034113,0.0904184040179084,0.054073092626546596,0.034244392779013956,0.07328610515361243,0.1102964153874802,0.06533036656201062,0.1429492847919587,0.03198744673222174,0.02490166827451308,0.004265705270388088,0.0015649099798039116,0.001796434243468752,0.0028876796046104266,0.01157243495865752,0.025638780412438195,0.05009270325426758,0.11240923144148747,0.17905614714230628,0.13956298936748618,0.23136257538678048,0.1020517727484426,0.09655656695338484,0.09799665242923827,0.04826948370929753,0.12274724446667154,0.09930531466455034,0.11927415417319198,0.15215185278408266,0.10720392430863697,0.14295363601697045,0.06756095877250076,0.04668772073490008
4.799999999999947,0.23207886067789715,0.07224328351443553,0.09311119719454401,0.08472171865411189,0.10095184104145054,0.0999918462222807,0.07380916415805892,0.184623518307518,0.20406587207885737,0.21190898230767496,0.20912352192700445,0.23246287129447019,0.09986635336026874,0.07602586305978602,0.04608016816338246,0.06939707259486616,0.07103944719297818,0.09614634924520594,0.0670642752031319,0.05784444149928248,0.055222968550884495,0.03562715950421944,0.023025378731129476,0.033047109163784213,0.05229062356099018,0.09042599988152165,0.13519544264883304,0.17826084736820733,0.1648574327784106,0.039265400049959105,0.03413819417366856,0.049066368278536485,0.03080630805476776,0.01743448247405934,0.014574012979369314,0.08438244868406282,0.08703875676144894,0.06854161260385694,0.01682421423644989,0.04199359109880593,0.08310976304867594,0.05394549331317381,0.054724922448398626,0.11366307312197933,0.09696692821276852,0.08113729583672749,0.11015622249534834,0.1299034181633742,0.1492306262574323,0.04810063645577463,0.04557458620919092,0.050469553570299565,0.12114797922624362,0.11801179763441798,0.11053815380759517,0.09304017657128898,0.141860140569393,0.2260186699940892,0.2514849838435273,0.4354773261848451,0.5362710267630367,0.31925318091165344,0.14805050395190342,0.04559309704213593,0.049550604182172574,0.05812111897380272,0.015297862780952926,0.006128358814757935,0.0021145207322687933,0.005909273724988347,0.0030717387146979337,0.0032636659952647736,0.0032965874229016314,0.002831277213851688,0.007775935355787125,0.023085121227463888,0.04429675777857894,0.0861151350252286,0.144309363589718,0.220383932450235,0.2297764187462582,0.30389608929851863,0.27889574599952294,0.484221814971845,0.2868293138255251,0.5822627614557081,0.3057975951101808,0.5728475014934504,0.6945250576956035,0.9303611227860886,0.720493574815235,0.8287884684973972,0.49773975847671753,0.7063492257724414,0.7628334238173187,0.7691180689099281,0.8094236102736159,0.8719368160682986,0.8215658732029492,0.6257055726440909,0.5717846363173403,0.7168258307001945,0.647031267259494,0.538077131051079,0.7429377709435065,0.915730539556142,0.9735144888145645,0.9215612502215265,0.9421082225979561,0.7561503106664867,0.7276262366937001,0.9536677815616683,0.9878935413914883,0.825933583474655,0.5216751857011739,0.4657777302998384,0.33002699014606984,0.2652203526315623,0.2160438586080588,0.06891791421128504,0.013507134158511465,0.0009047866563279396,0.0004588061568509213,3.3623889259009324e-05,1.012158425841766e-05,2.5169232260451895e-05,2.643792273244898e-07,4.117200164245145e-08,1.4091787552165695e-08,6.208357111910266e-09,6.021490157675303e-09,6.724476583908904e-12,8.811132595949501e-14,1.7417928319523234e-16,3.867455300705632e-18,4.5868249860126066e-18,1.3549396041515503e-21,5.1943290274360584e-24,4.870398552214304e-26,1.4966990897512935e-27,9.523869515853222e-30,5.763846020082343e-36,1.7092118149267136e-40,2.4274144709784275e-49,2.588316966168139e-59,1.8585070347803933e-73,1.3180729772032344e-107,4.265412967018127e-140,0.0,4.186279030267281e-152,4.339343452680452e-99,4.7170311023098314e-80,1.036501827866257e-60,6.560573648786214e-52,1.7431737158187458e-42,5.657959206812754e-35,3.880261564665425e-31,3.656836984605348e-27,1.0585031714389876e-23,1.1835943850789771e-18,2.2428171789937588e-16,2.6551584967625384e-12,5.496121649396323e-10,1.550591444123671e-09,2.8768201385590905e-07,0.00020594987584689276,0.001083407794982725,0.004732513494547565,0.008900653189986358,0.1368850267792235,0.17103837122194812,0.5194890488913195,0.5328122599146126,0.5804697219105798,0.2854741713602904,0.2279469379111818,0.7945213783053999,0.7730684887241963,0.6326826213059995,0.44628411981262495,0.13636582340851985,0.029928207608167567,0.006818791964690063,0.004123037688393355,0.0031661294167116666,0.011890190123881797,0.009699829435287731,0.008622039845768406,0.012635328989232203,0.007634983417328792,0.005356654686621093,0.006167380652851326,0.005432232921310424,0.0026572644326250576,0.007126770175630286,0.005542435908070308,0.0012258049055397758,0.0022962668052214936,0.0018731897453665312,0.00021335301040912406,3.735108272827845e-05,0.0006624293769380976,0.0013313651944818782,0.0013136577406565038,0.0016215439568918516,0.0018945362038440435,0.012703842485575063,0.015535911076682996,0.03949913989545417,0.07376229641543999,0.028296323751032106,0.012204050524778244,0.01847815701948554,0.005982015379603897,0.00990434871618968,0.006624297331245649,0.002466993103797678,0.0013694826532436183,0.0016794521688475272,0.001688878183527978,0.005861193233909706,0.008698856118718136,0.02218106159623377,0.03153749704603152,0.10361096702597664,0.2746492632935491,0.2154751020411293,0.21035664148752756,0.14538511495921297,0.14571451873398283,0.1669808737327427,0.22336674940555887,0.36332206544049966,0.12191172424105057,0.17015027564924892,0.136210596773962,0.19479356155945082,0.5886822544242917,0.6293376517709299,0.9265477061484114,0.9103195930298361,0.5126908713457674,0.3128984544533213,0.22638094006840628,0.18395528828445212,0.2688335210972687,0.08356945270797411,0.05932939925169009,0.06479791506768061,0.14995786304752923,0.15929809864885228,0.0850018103445997,0.2816456552012703,0.10996982462779775,0.04507621871202423,0.08990307685000025,0.04166424896508394,0.05655424923895595,0.08978433171297187,0.08552280917502683,0.10671828073750372,0.08530961742177846,0.037620387242862194,0.04723716373826415,0.09193793890474387,0.18556827420261168,0.15442172697233492,0.25865290422058507,0.11854624235267472,0.07641860525043755,0.04464039535275448,0.12508228814813208,0.15936732991085137,0.11180155661817114,0.18609185443784282,0.03966959683344053,0.020958318373550684,0.004491177835293269,0.001346449025616826,0.0010683375446781085,0.001708515854896513,0.006362595489368099,0.013578389954457558,0.025026799459614786,0.06921332536329064,0.11715365984779573,0.08129287450955176,0.16324955397785262,0.07401336789348933,0.07869522354959571,0.09332832672182682,0.044122117402674424,0.1347540134430307,0.14081111729653373,0.17963778135300557,0.17675851904069492,0.12556320603596036,0.14717604754847854,0.07207195443272521,0.04927946037412853
4.899999999999947,0.1457049426863344,0.048854600561576436,0.053484900208248455,0.03634158727193124,0.07141896238029384,0.07033125058811464,0.07583200667586068,0.22829467880201712,0.17149561549951559,0.2798480452420526,0.26367043774244003,0.29920844056997076,0.1445447598874617,0.0742008623251747,0.08550800558234277,0.12630644823939585,0.12046729536489147,0.16609560505175605,0.10976774069548996,0.09669074119393264,0.08836236601736558,0.05616886297155938,0.03625491054974538,0.06430614783333292,0.05793719838056993,0.11468241184324482,0.15494375106874625,0.17265578414701016,0.23738749007882315,0.03336743063807985,0.039103776793944604,0.04919746783257536,0.019146496086755244,0.02128808597583407,0.008623850161023287,0.043654269526270356,0.048622536878222176,0.02954220094504376,0.011586611878653749,0.024948184086944315,0.04594654637518096,0.04032695112499128,0.04781980724245333,0.09547388644436072,0.09528835696781704,0.1152289566934962,0.16616533640592884,0.1788474526390755,0.16625576199163536,0.07977226830730375,0.08952124566306514,0.0835555941217822,0.15954926889644014,0.21519347863514932,0.14227247633925355,0.09961205702421949,0.14061438514679178,0.24196309104978328,0.27131243331692295,0.49122775144385905,0.518988372714454,0.2910191248331186,0.16357544070854507,0.040993983669015716,0.048682126407472014,0.06260569424202159,0.01555960905250536,0.007057273835884322,0.0013702274684672324,0.002698835038151116,0.002128324113439038,0.0015817060157957519,0.0025208363635852017,0.0037934447777057765,0.009934101177786966,0.02764933034534002,0.06602082532616034,0.12767939855325297,0.1869937251841344,0.25170846368019334,0.26018579504807476,0.3054168104085732,0.30399627567821214,0.43497925320158215,0.3319597475365574,0.6514439906500639,0.40366669198734545,0.7250872109703425,0.8205748682992601,0.9255263329016485,0.7851938100754672,0.8405171740338403,0.5857142535189389,0.8137930307988837,0.7910990563364648,0.7508012841513095,0.742344566174559,0.9931579416364312,0.6475894056374811,0.47289841698109014,0.43476185654021743,0.6216088312580235,0.4395789402754065,0.5007282216436639,0.5156053905135766,0.9652130482725241,0.9900604945191175,0.9634925647024206,0.6351158579216396,0.7203700341571745,0.6750904895757919,0.9968749716897948,0.9795796996828126,0.8308902110513556,0.3784043215353225,0.3251285472803411,0.2528968703159221,0.1298687465502608,0.1475379867075664,0.025985885362734707,0.006058345791198312,0.0006143236733401217,0.00041480426988764826,4.8100822731493024e-05,1.6761404052757535e-05,5.0396131066850864e-05,5.442604087863046e-07,7.309096400174754e-08,5.704419253050344e-08,1.2230295132778457e-08,1.985104649416308e-08,2.7145661696517328e-11,2.998514551062114e-13,1.0706328966727072e-15,1.817900484755653e-17,3.078327561714678e-17,3.98106430281915e-21,1.6273718042098197e-23,8.850575697608894e-25,1.305467489100698e-26,2.4953392019756163e-29,3.4358302463014425e-35,1.6323361750215412e-37,4.999532300954433e-45,1.1466861169518705e-52,4.163153557672877e-64,2.772266132030401e-87,1.3054066315736112e-104,4.186279030267281e-152,0.0,1.227153441632688e-128,3.787752055238984e-96,8.847946321566915e-71,9.276341971066541e-58,9.618309268291311e-47,2.410596365194889e-37,6.281850493929155e-34,1.9478287914662223e-29,7.997806027107398e-25,5.846998200663565e-20,1.4632817133217244e-17,8.667457988445915e-13,3.983732984726198e-10,4.933214413353195e-09,3.953315764013472e-07,0.00014342113405112724,0.0011031178230273744,0.0036625160037047663,0.012749840614343555,0.11957214663048268,0.1470376920257944,0.5366388340369264,0.5315328324946647,0.548113765795184,0.36485083132980883,0.2558332386850173,0.7649002370569497,0.7674484510570745,0.7595575150170184,0.45183623033621584,0.19526317032145116,0.07835141768803594,0.02200704704210782,0.014153660467113645,0.01239534882959096,0.029561743986959692,0.031419434397659304,0.015831742360211693,0.018325091709654084,0.007368611414940028,0.003535229869307734,0.003464173073857555,0.0027413418334105767,0.0016493332896563553,0.0031891946739055137,0.002973961007600728,0.0006669229196166866,0.0007454757029295763,0.0005987249449615484,7.251187698663251e-05,3.0686194649918075e-05,0.00018125079938145617,0.00024901797484058047,0.000304032293169453,0.0004884807057344699,0.0006427527152229946,0.0027333711703198876,0.004568613711571372,0.011184272196438706,0.020699872003848523,0.006760552283089113,0.0032940131467241274,0.006653375718669812,0.0017980554651253757,0.0032732200049570385,0.00281532785478316,0.001121847863132126,0.0009071294186381499,0.0010035847173631319,0.0008873225282147825,0.002480860155167746,0.00619746170275613,0.011456116185717262,0.01369307476632826,0.05452638143621218,0.16924768870008555,0.12769168690139127,0.15190688338670993,0.08797024141427959,0.11182281525776912,0.13164005966272682,0.1941109482065373,0.36756185166472816,0.12771686716563185,0.1910373406117102,0.13757193282690164,0.13355400169845316,0.4208828140748014,0.4311337574705065,0.9374956401751594,0.8911489223515875,0.4891837843138821,0.3153118455605912,0.22564751958181423,0.22560870244794903,0.32728929658888606,0.12076887669337918,0.09560226189602777,0.09137493946236086,0.18438149539981252,0.17771564424176126,0.07507287704896416,0.20691429141766132,0.0807604354332578,0.04028083596322681,0.08286603000183042,0.05163021496321803,0.06405082885506998,0.08926898513527598,0.07421665726495764,0.06820927188476371,0.04059478289586177,0.016937729694930223,0.018575800595721854,0.036426377864730346,0.08103347093642303,0.17276435296885875,0.11908887781993513,0.057955473294659395,0.025337460837587165,0.011710037741783367,0.03960670987330484,0.06560800459227412,0.05936891238947294,0.12827363590852917,0.03935585099579347,0.026209074196092686,0.005513120670409753,0.003031760208656549,0.001846559317828776,0.0026547791463722606,0.008397378617986702,0.02336154138427298,0.05018554483618669,0.10340360125173301,0.15419006024620432,0.1335614568586492,0.29343700082600566,0.15889554116074733,0.14724316736926082,0.17593616249131191,0.10804159200637815,0.26910770107379844,0.3380561760166012,0.3588907815857528,0.3282294617220388,0.31909329983783796,0.37357976973458445,0.27265563313671537,0.23057307415712
4.999999999999947,0.2425618748063319,0.11460891300626265,0.10435863464762903,0.04326209182323219,0.08903139123255346,0.09369481750730431,0.12408302930539332,0.2628810339876501,0.18284847415817795,0.24769281584150188,0.2558164220005539,0.3072520158267434,0.15972090131137184,0.08353215697754397,0.0782687000896324,0.16745090434672194,0.18939559426664482,0.23724555816661705,0.19823255948064267,0.14969351823119378,0.11229424588553877,0.05895182759325288,0.024955331880761274,0.03383555160012351,0.031975582364523414,0.04345562525139824,0.05404184223947968,0.08405547621026563,0.06349538945766851,0.014981238892150833,0.011953130810328545,0.02561832618295391,0.012008784265712637,0.010691706320348668,0.004404253696771324,0.018878153366096738,0.021757791161899954,0.023103916244376434,0.0038128272177924134,0.02034133356808134,0.025233242510966387,0.03391595399935069,0.06153560872903902,0.11705524457175011,0.16085939502841407,0.14814777786745642,0.2610635561855631,0.3064829288254559,0.2022125787446408,0.10727290620971738,0.07404132904277609,0.05953299561948833,0.14426543758441474,0.23891550455974256,0.14134994629618747,0.0810307051132262,0.12116030268818723,0.16162088165825342,0.17861644500891616,0.33274619514869297,0.4267369246355595,0.19961286801514674,0.08937782513514611,0.025778261805597332,0.018817309598090814,0.04811439718837958,0.00933564629451887,0.0021978517062497586,0.0008450598101732678,0.0012044238160056702,0.0011403961391311496,0.0005000111157236841,0.0008081002063097708,0.00200798510556973,0.003553812844566311,0.008210085546243468,0.026721549106887472,0.0387682700170413,0.08906675793418367,0.12293384968934067,0.1858542888689644,0.25453649641757575,0.20799639298137476,0.3858071457340586,0.23754862107612223,0.5006267482763743,0.30128769245031906,0.483516245751579,0.628584884043496,0.8258487298756657,0.938993452996096,0.8369533134783236,0.7953406424931717,0.9561328302684982,0.8259278211007062,0.8016081047117424,0.8818074120003263,0.8167634690240967,0.7477436559622092,0.6177587008097181,0.6504134616537499,0.792665936488711,0.7230783095921737,0.6164768145059271,0.8151662734619177,0.9161175364352728,0.8592694722231407,0.6434364673187606,0.4808776922894365,0.42832687120350277,0.5405537861206327,0.8143208669562962,0.7671435994464241,0.9850327010737243,0.6676684680006234,0.5230959176535284,0.367695152028238,0.23792466310785565,0.26146420345426713,0.08727307415597778,0.01697576924883096,0.0029427348069694355,0.0016864744181152172,0.00047028566305225847,0.0003181561132876026,0.00039503809818329587,1.422119137110888e-05,2.7595307307637238e-06,2.430922492559721e-06,8.255660095816182e-07,5.827745290022158e-07,1.6895400546823778e-09,5.33194128551792e-11,9.742039985298106e-13,1.3987496682734514e-14,1.7312056265207208e-14,7.622610926448771e-18,1.1949713928945034e-19,2.6938711868173046e-21,1.2335681581557754e-23,5.78965645479788e-25,4.689763437312802e-30,4.959955591174749e-33,1.0634278363893013e-37,2.9861063928388545e-45,1.916980507419927e-52,3.8051551926224326e-67,9.193844398050751e-79,4.339343452680452e-99,1.227153441632688e-128,0.0,6.001290807365856e-132,8.518930366081307e-88,4.352683920971147e-71,5.6720458936394054e-55,2.1114968734639164e-45,7.248091934728349e-38,8.239079835673785e-32,1.0317060962561482e-26,2.609519492843302e-22,4.195317772606932e-20,6.368059919633593e-14,5.6932966455118925e-11,6.747022511883063e-10,1.3302310776613962e-08,1.971055574404946e-05,9.497108656475105e-05,0.0004761202934882642,0.003759151964588762,0.05895315578192592,0.09110773274188558,0.42109463091545796,0.49467641448534067,0.4504573000864209,0.23738367482768946,0.15155866013717229,0.5499982162972569,0.9627897735627559,0.9306811682925812,0.71162442903933,0.2947398176181544,0.17441280151920205,0.06116534107989346,0.045290660869338126,0.030082635762557822,0.0651644778211059,0.04288398731461109,0.02016882736630502,0.02596850777618498,0.008058159036763116,0.007855604970515585,0.006061480408133456,0.006014830764291275,0.0046949776529269256,0.004568326356423786,0.0057005096941626305,0.0007020704997350347,0.0014164870632893522,0.0014920475829110621,0.00045515435332553873,0.0005201184865228784,0.0011091061507707708,0.000756698037416148,0.0008051104183024624,0.001433937840194265,0.0024158414049205317,0.0025536677610575394,0.004635588424325515,0.0062145787791543965,0.015027576352974994,0.006741345192581391,0.0020186484333615507,0.0032471054287451753,0.0013145930566517004,0.002081133305394885,0.0021728549655493407,0.001113452511074565,0.0013464289354377672,0.001922815856273097,0.001616415154466989,0.007280030197526063,0.02051496837252708,0.03577238850258524,0.045389240571430206,0.1493930569036938,0.36282525438402374,0.29754618285478135,0.3406966971169842,0.16844130559490675,0.2353377079089192,0.3454515051351742,0.5303955501447224,0.8386431538908335,0.36480735825520283,0.5104206736500687,0.5025190283539729,0.4481045288945773,0.8688471789413678,0.8757114365421607,0.6174728200233399,0.5906963691195527,0.851726648932796,0.46265398792633133,0.3536484520774538,0.3484523900137286,0.45620996143534487,0.2701573429725048,0.24271673876752448,0.26531927379940173,0.46992499410400435,0.5037499785249119,0.24443301156024635,0.441475159867125,0.1360413789278425,0.08497953296291741,0.16208175035226832,0.1231013751505513,0.1697526112944751,0.15331877393997245,0.11771820194941132,0.1069651273151057,0.06611254572020397,0.027448134564361803,0.030355529884939947,0.08763912981083632,0.14161355324778746,0.21808163625273308,0.15461657572407675,0.07765065543121091,0.030048032313531748,0.01633463174497555,0.04218922744299248,0.08926355089254617,0.07157122894840917,0.13235484133585454,0.06216646473128838,0.029865431559241637,0.010057833380098904,0.00624799086210908,0.0036974431839317846,0.003703138103141341,0.011940303462660605,0.021310047620750262,0.039076515213204495,0.09785042645373125,0.10778309993785586,0.07337605535458902,0.19834173391934465,0.097299091829874,0.07087810156945497,0.13071748553081422,0.10104327970003654,0.25789441222588855,0.3226813238927545,0.3532049532093013,0.36179526914415,0.3656704610076224,0.5014659230280089,0.39994452893339705,0.32963759193326
5.099999999999946,0.4716653417298692,0.23879326753033484,0.20361034237388578,0.13093121451787598,0.25448871680697904,0.26479386184887954,0.2767170334307967,0.4822583160839336,0.4052997230068301,0.488663668997778,0.545751263741387,0.6695769259011715,0.3458231211579976,0.18258046652354593,0.15349039192570454,0.292536670436662,0.2695577257495526,0.302508919349865,0.19169253496792973,0.18280482726593603,0.12127520982574176,0.06158878667985304,0.02512193170991652,0.041980036865907615,0.045853814128874265,0.061207282903883053,0.07823618084021551,0.10059985521784368,0.10262630013910004,0.017659733854293664,0.010084152751634205,0.02493723665404123,0.01248926708439016,0.015790521613885063,0.00915837798033208,0.03770287344955558,0.043208987989629445,0.039433564653694714,0.01026649050430514,0.030310770387007215,0.04439470075560883,0.04471139111569209,0.07376168654311031,0.1393619851949687,0.125735200274279,0.10402760270258739,0.2300715593625831,0.2508995875688971,0.19098183596957086,0.09575460807802677,0.058459527927619104,0.04524691671050587,0.13361124669286406,0.2200048623533111,0.09835663795447468,0.0569932078024523,0.1378604529735994,0.18514688740685148,0.18239997983887773,0.30601815157583956,0.3103944242549975,0.14633548722344134,0.0434689763008095,0.01296537245035874,0.012428502389980995,0.031280118211264966,0.005664906355581192,0.0011468692243679088,0.00026359944157098523,0.00042550479830475335,0.0004693973815450734,0.0002986453065447864,0.00045966557581730844,0.0013209221039576812,0.0022817677681033154,0.01065199545815633,0.03354897641572375,0.05164947576310804,0.09790878333218504,0.13247054965772764,0.24474247887225642,0.2940969283399331,0.2118305082381048,0.4273798771119442,0.2907779914765763,0.6612726104986886,0.39474526922898384,0.7532202234521987,0.8862337612791695,0.9228561085354844,0.8944997059110271,0.8969202658634456,0.8163431932571208,0.9762441617331521,0.793509916848173,0.7373569394334633,0.7222360674591956,0.9622993207502498,0.536379433410897,0.41990257771509265,0.46683377806715365,0.6600748691722871,0.5179282353383518,0.44123829842471357,0.6329855068925675,0.8917876698471682,0.9384996589279742,0.8880480632614621,0.5287080324419293,0.5759922494672021,0.7519065995256573,0.9981155500686193,0.9573248722807965,0.8313516031655362,0.4930124850414408,0.4183780559512958,0.3237955058630323,0.21587687391941845,0.28325840515610906,0.09877808128952728,0.01639374260016073,0.00375218323584972,0.002643358144076836,0.0005995437267981766,0.0003435921340722656,0.00042800231758134656,2.512422032323248e-05,7.205447439952548e-06,9.77893616467317e-06,3.0200859082734335e-06,2.705262624300612e-06,1.3421419386243271e-08,3.159007288670124e-10,1.858968177706487e-11,1.2753693028932292e-12,5.369298490912788e-13,5.460181767282111e-16,6.95993806943506e-18,2.14782708408529e-19,1.2237538526917867e-20,7.406996066895254e-22,1.5299011722512115e-26,7.361667942052667e-29,4.4792537749363984e-33,1.5918273063610134e-40,2.6791692072683193e-44,1.3234765120736473e-56,1.0662488608332815e-65,4.7170311023098314e-80,3.787752055238984e-96,6.001290807365856e-132,0.0,2.4489695929385455e-131,3.3413503247603946e-101,6.519997453397121e-76,2.2005312008529876e-58,1.5588053126163247e-48,3.681780977446758e-40,6.120896784552461e-33,1.9501284363233082e-27,7.770340444011501e-23,5.600179746186702e-16,2.549989763677721e-12,9.201151759113974e-11,7.428335885023198e-09,9.505708297003444e-06,3.508445210366e-05,0.00017171222703276544,0.0017116856616396056,0.021007325981807427,0.03975782009659541,0.24484298995318188,0.30924897736908724,0.23860262234441232,0.1273945761535685,0.13557809662938183,0.42726488618141084,0.900776178222238,0.9298600104578831,0.7923660488900048,0.3137702481152592,0.1159358687675792,0.029918490141254632,0.01687284223090305,0.012539100611571676,0.03539367707713917,0.02053878683915029,0.01030178407002266,0.012190226457986317,0.00391802441057048,0.006518746076982603,0.0033587976777317507,0.0035664152757578487,0.005280297589389289,0.006175146020111285,0.01048893770757982,0.0016850672229949948,0.001810212333199438,0.001434060525657304,0.0003298757273502986,0.0003745347379645782,0.0005777954204730008,0.0004819762909327347,0.0003119399926680908,0.0005779024297173575,0.0009457487779787831,0.0012074396940499816,0.00231998276849095,0.0020926721267938682,0.00378110151982158,0.0009584955471784078,0.00026890154598913194,0.0006082290026626445,0.00025002232471222724,0.0005777403816489524,0.0005242356084308113,0.00019841546132792537,0.00037443268327224646,0.0007486144965014105,0.0003871482282626567,0.0019052146700720054,0.0048557670548744864,0.008567126085975402,0.009897351443979182,0.05342876383170869,0.14875302072923785,0.1672137511063081,0.20176978289901762,0.0658336387370752,0.12810106352465028,0.19559898332408934,0.3331951309300321,0.7118475387074756,0.20804419820432096,0.30626330024491305,0.27148682412929337,0.2095212336739555,0.4650150559733991,0.4173245599463145,0.8354239280704076,0.9703680545768485,0.5327974011759845,0.2999581116100235,0.21713313666027637,0.272221608743236,0.41577709984145206,0.1604355746761932,0.14327023923242213,0.12138846083279155,0.20741292254382804,0.2677623623490534,0.20205099217766673,0.4442030694064501,0.154969599782604,0.12056228079768477,0.27882442600661167,0.18585315751033563,0.234907894981461,0.21589391348390655,0.14611715380047866,0.16629078900999064,0.11708690684137776,0.0572330506209557,0.05982734476532313,0.11703819330317349,0.17901269249647786,0.2315941113762921,0.13132197857272992,0.08887132437939031,0.026015206784533146,0.01956548534210757,0.03739616199778799,0.061970743718496674,0.07376995858275476,0.07461466044533395,0.03099351880916716,0.012730747185483837,0.0022369668947518134,0.0019644776586980007,0.0009766867135374943,0.002077016539685763,0.005137474404610174,0.01835626727587684,0.059800696364179305,0.11292325639225533,0.13038994371647,0.09174197530290165,0.23912813411219672,0.19023918662338865,0.13406873286315654,0.1881340393159379,0.13773494803311942,0.38836706238615815,0.5370042035984034,0.5218624327439724,0.44416276235019464,0.476230392375516,0.4988729771220204,0.4226820208599348,0.2467455663835723
5.199999999999946,0.959220932931417,0.772313493567681,0.6340076658242414,0.5484524671127564,0.7829169725753005,0.7741729119099633,0.7752139458944599,0.8944361180671196,0.9913687927026472,0.8256055159653573,0.7289251225941975,0.6460602883528567,0.9865360024605412,0.696494717169347,0.7091016425947788,0.7753506214203444,0.6381359663232472,0.7311128565419456,0.3909014581547278,0.3577257468990627,0.2031872470627967,0.10957497485889639,0.049340722238791206,0.09333756429305046,0.07728877471845359,0.10229694712892357,0.1619760289175637,0.1748207969289415,0.212787606453175,0.04504139431186189,0.02834680027772996,0.05996260591627873,0.03290808772915425,0.04802355879288352,0.01605351712301155,0.04701810828391273,0.04455396398807529,0.020988596322428003,0.010308804074914035,0.01808870323920645,0.036851376437342175,0.054980972215407466,0.08861129243134837,0.15266295021635407,0.0928909311456593,0.07075758504069965,0.16299530728753026,0.1559819809293727,0.13761021327354905,0.0507856917735225,0.03192760247340051,0.03240958209763362,0.07054451685985864,0.11349890708620516,0.040703086258352214,0.021360165246171164,0.04731109883802649,0.06450448839341268,0.06863658717820646,0.14294607252927455,0.11263078686104416,0.04399556286178321,0.009632224446430127,0.002013122383564436,0.002104282252269019,0.002802990763469571,0.0002653224113782862,0.00012010839729287497,9.169365235947888e-06,4.714454521225265e-05,2.3920310545030366e-05,2.133173457423287e-05,5.703479073956504e-05,0.0001334295575035378,0.0002933294870007176,0.0010271431497993978,0.006441976151737509,0.016303480250734834,0.03217382051360236,0.05365296437133871,0.10940947815016308,0.12393408203207831,0.10314706624633752,0.2430986896052285,0.19685902223934038,0.5394271776570483,0.3051042526741714,0.601048428293614,0.6950330113427675,0.7866421002366547,0.8325302521793059,0.5215111493842091,0.7061512906583408,0.4770526984164341,0.5589683003431983,0.5927692401873225,0.5605670177414855,0.3968974982886293,0.8786652150678661,0.8840204343445721,0.9321029337006609,0.756269057233656,0.9159480008498013,0.9582532193055547,0.9303819072810645,0.5225452801090203,0.4114738015254172,0.4779555603752183,0.1405070711511538,0.22762179005459976,0.24239837928152444,0.41099543055558463,0.3957523242291973,0.4428578017238719,0.8774861593144482,0.8831673244092635,0.9147244488451198,0.6472370453795773,0.7990397730876659,0.38433807493389827,0.13713927112211158,0.0544417880774166,0.04036078848751268,0.01753126875676845,0.007676357590291921,0.008241954294046196,0.0011392167507137424,0.00022200094073930802,0.00032182743531288584,4.457905494090952e-05,4.120180926632481e-05,2.915152417938841e-07,1.724089988009245e-08,7.780630358728483e-10,6.477636901351258e-11,1.4082442440593504e-10,1.2848652407214456e-13,2.500720857600354e-15,3.629308694202632e-17,3.3523760067952843e-17,1.5601131533528323e-19,3.1092427235582433e-23,3.927615783879699e-24,2.2210581398527538e-27,4.286213288279919e-33,1.0194137520436873e-36,7.647780420412707e-45,3.2511721854225825e-50,1.036501827866257e-60,8.847946321566915e-71,8.518930366081307e-88,2.4489695929385455e-131,0.0,1.1077537947818114e-143,1.1870700518583985e-97,4.72681332958271e-77,9.477706833248242e-61,8.417050604724379e-50,3.757940563673812e-39,1.365506996991291e-32,5.628122472098713e-28,2.838135323745835e-19,5.369541239662238e-15,3.363011656606101e-12,5.282452708195922e-10,1.7834173410618803e-07,6.586615308930133e-07,5.333787661927268e-06,9.289054751023478e-05,0.002559102628048589,0.005808815413815093,0.056372141277994045,0.09280295830565688,0.0852152945122362,0.03169364534218566,0.025072324812377925,0.14371909209119993,0.45185790231721373,0.5806219593406251,0.8717599046322114,0.5972291374503692,0.22349441547511367,0.05946220747104661,0.040346473524784876,0.02385041816163925,0.05690833260178203,0.03842894976091842,0.018702287310297702,0.022946040474292977,0.00856101339558083,0.01725651076016596,0.008020381532007875,0.011803672206664007,0.023210815361707087,0.024173861598216714,0.04620009642160654,0.010631787700628071,0.007362952414036505,0.005540803855032165,0.0014295206258196445,0.0013689424962685796,0.0012911992596405712,0.0009911433805291719,0.0006589030360257527,0.001724707812992565,0.0026627892576292444,0.002880316325871226,0.005575110497150174,0.002803668744288642,0.0043357915624129455,0.0010571694489079778,0.000411546245076038,0.0011617251091573936,0.0005264368798134355,0.000702508571944047,0.00044456958245577986,0.00016380327103947544,0.0002880475582458204,0.0006765472623579231,0.0002130283014264931,0.0014044708326230455,0.00337921221056827,0.007908725272755514,0.00925610698379048,0.0480490451635426,0.1269878898482668,0.16627060904994084,0.24808033039516145,0.09555735063010812,0.16605790309899057,0.24283417477584182,0.40592678388786274,0.8353554938337623,0.20899136778056587,0.2858646052310515,0.279639170710835,0.1910155822889926,0.415354898325262,0.35701979603637196,0.7962214160563844,0.9418360250605824,0.5482111251280549,0.31075846934754214,0.24921907681423497,0.33915886558968655,0.5176211628997901,0.21524424830069136,0.20308599944196581,0.15492782214231907,0.23153157711041095,0.31154319541095893,0.2383163217538643,0.4715039589971487,0.18656122369924413,0.17634782566734372,0.3801214538206762,0.23592978710903995,0.2769258070246375,0.2468933197525956,0.1901266200443141,0.22445734196213193,0.20671419125014776,0.13158352483111996,0.19324498017327277,0.33272688558153346,0.45959052898130054,0.48000841807555816,0.2282859278148298,0.2956182153524806,0.06043113687575142,0.05464177163458807,0.10594387249975945,0.15504327491695943,0.24469985215434673,0.18143916995850654,0.05862868266821887,0.03303373643432713,0.006437579667647027,0.008558009007845641,0.002755854401579228,0.0033291407871352324,0.0078189514134246,0.02876515033544424,0.11934911922462314,0.11220238960390283,0.15805459992325116,0.15804762018748134,0.378457196237055,0.4967519309903391,0.2836090970848492,0.3579595020810623,0.33159639430581606,0.7929519373631834,0.9045670251658687,0.9430414153297143,0.8658999680465442,0.8004389555776061,0.751551183782632,0.8004028366680863,0.46718888351192683
5.299999999999946,0.8727537827290585,0.8548990836351599,0.6629134190804701,0.6868707119144551,0.7749601037390462,0.831749610271844,0.8346849761393945,0.801216040030017,0.7315633235009129,0.740837602020869,0.5767999581976863,0.534505540561492,0.9450311441049591,0.8886901979804781,0.7077376800974525,0.8178933550929134,0.6143525177225067,0.6693653078307958,0.3888830351824823,0.30381589538399395,0.1569888934151498,0.07508617305869207,0.023694562011766198,0.03899657669530596,0.02802340599103312,0.0384083912136685,0.07576827770798716,0.10774165368107075,0.10231283054760545,0.027575605632982253,0.020333504115907668,0.04227672724966646,0.020655468060846168,0.01588886416253835,0.0065992440899931,0.03497629224232747,0.026235661446736842,0.014414218605726054,0.004647428238659482,0.01318594657246027,0.029728786604372396,0.031378456034879015,0.04552542686125639,0.13875220003296268,0.0550989391151812,0.0361160158839316,0.0856455208223751,0.09229226716793017,0.10234483386431427,0.026166372135053937,0.014375696097700952,0.015012320185066173,0.04091723748660525,0.06441152629572452,0.028650692811285745,0.015514073964576002,0.040080173006833135,0.06586282142108446,0.05584691999728625,0.11645011877893693,0.09313184411690623,0.027009495687181518,0.004771022000397207,0.0008363371492654502,0.0009833159247086322,0.0013423856959135696,4.9627632763815694e-05,1.0515203570660447e-05,6.029118266392859e-07,2.33279425771161e-06,1.0348859885568105e-06,7.806350110560909e-07,1.9975345660912286e-06,3.2401298082198684e-06,1.798965828400862e-05,9.90195005959749e-05,0.00117986926895264,0.002780287793929481,0.008260509495753028,0.01954345393698285,0.057067652589724384,0.07417632155734145,0.05892611389700568,0.17621838781218946,0.12422313039431836,0.3208497208158174,0.18252225649221213,0.35690293528433514,0.4181060779535966,0.4819857717063692,0.5270938948928148,0.31272763784032365,0.5053088312301245,0.39559700684798466,0.44350682081918624,0.3849021251306819,0.3292939893304245,0.16379587759456615,0.4613015439072328,0.6375820121638481,0.49464512493309787,0.3947682386058136,0.6293248337459361,0.6261936547487943,0.4250383398859953,0.17221077884561808,0.10800859366413498,0.12422043161793711,0.04151874032290852,0.06797178742786626,0.0958258888042381,0.21512345889603693,0.2195861395299965,0.3667916722980081,0.6996992177201453,0.6630099019345713,0.8732471000134762,0.9201834303776706,0.9151718711507367,0.5098675946951124,0.21357460102849518,0.09816667736603955,0.06078470412824316,0.023593950308527623,0.011785519630069527,0.013296731617004134,0.0022007831324535633,0.0005738726336663821,0.0010120825200742266,0.00018279867043042932,0.00013245569094474992,1.6560837042388776e-06,6.559582585066949e-08,6.3821762176547015e-09,8.548627407967225e-10,5.176511914453159e-10,1.6855947085718327e-12,9.61234178698175e-14,7.915473276335173e-16,3.684351142451564e-16,4.908160094187133e-18,6.775001291268658e-21,1.3469456519334717e-21,1.7741138632343247e-24,6.593817234343148e-30,4.1905375991797295e-32,9.997521630893965e-39,8.809176693657716e-44,6.560573648786214e-52,9.276341971066541e-58,4.352683920971147e-71,3.3413503247603946e-101,1.1077537947818114e-143,0.0,2.3585623343954766e-139,7.0204700949272985e-99,2.701537164836921e-74,5.24497683889056e-58,6.6496366101739654e-46,3.1586591173276268e-37,6.683915368234429e-31,1.0152283648719187e-21,1.0872723251910833e-16,5.1112792374988513e-14,4.586099700094465e-11,3.974227801115965e-08,1.6568296163087552e-07,2.263936750343722e-06,2.175065396499538e-05,0.0012779224844297913,0.004070909463216187,0.03646663101888277,0.06955717917468171,0.06058664372294375,0.013595717027939764,0.010314621307426467,0.06729265621985608,0.25570409064271304,0.4425296985819372,0.5591528797886858,0.9449027219479431,0.29943683112753483,0.10210739705951648,0.06779606614934616,0.03685441920971947,0.11465098883731686,0.0715767022378617,0.04420768438078548,0.05611764659200257,0.021314702453857606,0.035980408637583075,0.016760803389250425,0.025222787978307838,0.05329353012509043,0.06213742461982772,0.11042823119230148,0.03139448278400366,0.034606933571275963,0.029247900965528068,0.007981153759231278,0.004430780351883606,0.006769111202241395,0.006118931116878497,0.004856827089433466,0.012968581932769962,0.011293525964865566,0.01603179523978852,0.03148516268895282,0.014927173922978777,0.020905459964927396,0.005861968306459978,0.0023951871709061395,0.0037372919291326556,0.0026876871586727666,0.0034158186103891656,0.0027878039653479528,0.0009342904077396739,0.002160767801271628,0.0038803327400178645,0.0016505165305079467,0.007135838342295617,0.01196375754449214,0.01855484089690965,0.016289521071585506,0.061626840691924825,0.15832171531414377,0.23774566075179712,0.33248936205656354,0.1472730048933536,0.23481108025799666,0.3236854499578204,0.4031127047613002,0.8091132270796522,0.22789136411170555,0.29818852834229836,0.3285067764636169,0.26077001794718196,0.49192214024358594,0.3617331303905955,0.7962757291770096,0.9025459502813137,0.46774143093254494,0.26199859388796726,0.2061409218666729,0.26969600425661994,0.47387279277403194,0.2295643281910812,0.20798938516845397,0.17583089388470563,0.24811911715598323,0.38764384740952756,0.3481595892336295,0.6210131308786044,0.28083551527903744,0.2151244782784417,0.47104408665885916,0.33285379228894885,0.4021379208181135,0.3973108420474721,0.30751788108588746,0.4350393166805148,0.4102547333687613,0.2583149169623539,0.3513259104138273,0.5933126036598568,0.746221748056019,0.7225126082734384,0.42299429708894093,0.6031924894312978,0.1521844393914531,0.13877285346677812,0.23326733603872343,0.29602444440050607,0.43413102219247846,0.22116869498450353,0.06878664942014998,0.04883007475551287,0.013179038742121408,0.018007368645434747,0.004760571843753341,0.005237659362226361,0.016151475320999458,0.040406510842537886,0.19410656602581247,0.16554893719591754,0.22741313878489863,0.22729469542445763,0.5490597180511113,0.859370761712624,0.49009346479506205,0.5888471632581307,0.5369712577395488,0.900804740820951,0.5696924464847738,0.7796882123830915,0.8951507873733808,0.9976883400654475,0.8080002084082297,0.8971396888809835,0.47584191780065443
5.399999999999945,0.7880468382320226,0.9428704576239154,0.74627520070123,0.6208835372691716,0.8102532418274927,0.9000918446043659,0.8467345778019747,0.825139684786986,0.8104013982326419,0.7271371681688773,0.5876307909499119,0.5744030353519212,0.9720567165381577,0.7034050340210365,0.5905191050268227,0.6660076187309313,0.4911520287256767,0.4793417664216007,0.2112863771941542,0.17295716607060505,0.08089002198943787,0.042475947966304814,0.010136847564662786,0.019621278349309927,0.01480820790571158,0.01598671084961291,0.03609061851289418,0.053376328031420034,0.05417658155733669,0.02284176726810245,0.022251800420251728,0.04501676147895624,0.018242215804804514,0.017022197613453843,0.005652670877860607,0.03148749282644023,0.028733957296483734,0.01932293088629096,0.0068270322710513925,0.011009560485700063,0.027092021204887008,0.023067018167571052,0.03991478145934197,0.07437856375722575,0.025750025764252928,0.011650526943267207,0.02477777522921379,0.023974863235735028,0.018301485161327225,0.006504986467962931,0.0039051438705833114,0.006277302286512919,0.02174670295515946,0.03454594318483483,0.013491565972695768,0.004820564521436938,0.015412295583282018,0.026652215778709486,0.021334980963557487,0.04623416067566922,0.0325647269517583,0.011915070180634039,0.0018577710280211126,0.00044712659975705733,0.0004341001334338806,0.0005501998163578534,1.6139733383023075e-05,2.6027663035617346e-06,3.791701064494885e-07,1.03462632445528e-06,3.74673130531761e-07,3.958568142667829e-07,7.305096335759201e-07,3.831529531300311e-06,1.1038642874571077e-05,4.9554156237202544e-05,0.0008680306517138665,0.0021797983717212134,0.007817615320625549,0.016519063448984354,0.0614361276096862,0.08113044223112918,0.08321162140453858,0.25777999895164283,0.24759654822940705,0.48550697444413304,0.3100152789218293,0.4919774824087164,0.49936027201135336,0.5702504898938681,0.552096461004571,0.3208591555382268,0.49202883584210017,0.27016735234041034,0.3844645357391243,0.2751551688109792,0.24491671554959007,0.11670500019769943,0.37318011594529193,0.566953182277844,0.4157766180555907,0.3816174033230093,0.6032045050280729,0.5368089462250667,0.31504956703590364,0.10352399693481097,0.059118892232206934,0.05751511618804107,0.013649613053881153,0.029720704760885504,0.044344396202361136,0.1295636013887591,0.09971361707619264,0.13789689932138144,0.42171703902766194,0.368805707540164,0.5089589438689968,0.5746572604585944,0.6791795122551398,0.845929643977909,0.44334186308432166,0.17107081406080787,0.12428379969516608,0.06127098097455038,0.03941267051115586,0.05885676846278568,0.013577372512168034,0.0077683526285382476,0.01045265308265288,0.002216127443906201,0.001619633673621227,2.820929286339217e-05,2.404177787786937e-06,4.3794149229601644e-07,4.573845989500582e-08,2.9495352878149437e-08,1.803584259742495e-10,9.70374327491425e-12,1.650390033639237e-13,5.857034490318201e-14,1.1782443679033197e-15,2.3671524937477755e-18,3.5108005832305e-19,1.3341928925862327e-20,6.943600090156973e-26,2.4014642714531405e-27,9.046573877032163e-33,1.1911822072355093e-37,1.7431737158187458e-42,9.618309268291311e-47,5.6720458936394054e-55,6.519997453397121e-76,1.1870700518583985e-97,2.3585623343954766e-139,0.0,9.812231325101575e-136,8.248100253187935e-98,2.1193472335644004e-71,3.5469634100900945e-55,3.362282338330653e-44,1.338395563518969e-35,1.492730024233009e-25,8.275315865132184e-20,2.246610055511364e-16,1.172395604854556e-13,6.665194872288608e-10,2.666107007950813e-09,4.8511646213605315e-08,1.8485842444656803e-06,8.759450213713323e-05,0.00032839185987646824,0.006357442134663137,0.01681320331399873,0.013282806094428595,0.0031388762075252666,0.0014725338889386942,0.017456015269622014,0.07702352133078687,0.08585631217722536,0.25517133192873853,0.7573652732981951,0.5323485733084768,0.18930249578694705,0.1383355103650333,0.08744464864502284,0.1872252470144946,0.13410728791148996,0.0745964112871645,0.08494859308696749,0.04493084185626755,0.0750615444640468,0.04913208032927195,0.06880190581650826,0.1401734584696713,0.15774155454359684,0.2604960740509241,0.08481089286590876,0.07844442613077335,0.052520615192314615,0.013172582640221595,0.011749872203263532,0.010949568977736024,0.011574036554419041,0.0093455635008383,0.032945928216746724,0.06427327958829557,0.0525358664396344,0.10592997350601578,0.061407562444372614,0.05300048304162736,0.01752840196909093,0.0069442638321089555,0.007230940974135122,0.0034045994431416045,0.004902455125879201,0.004303064328226707,0.001219265780727876,0.002346256623907966,0.003134259452578385,0.002310059068150187,0.00952685934317993,0.012021592982300742,0.019165451036394034,0.014440902525960938,0.06696855585498186,0.2027527263138092,0.2880436839267539,0.43213138934728795,0.2013806256978746,0.30719454332191265,0.45955548435953286,0.5805319288149587,0.984500207914137,0.32772813073676693,0.35464087649815934,0.44175286187424445,0.3491842326077009,0.6077096362702564,0.40901782035328044,0.8277268493096464,0.985286972452711,0.5885574899005769,0.35722747628439305,0.2781324539155307,0.3704843944643119,0.5475605689784273,0.2980501595874528,0.2588413139488331,0.23510995487558423,0.2797853807769716,0.431826128306809,0.33051416489540403,0.56835600482598,0.21951189514995437,0.16893671962879117,0.3402704945065433,0.2673237928863766,0.34688887468749824,0.2567680033562908,0.2303368480839094,0.3574443255282145,0.2878822420708228,0.14913661367005523,0.23068112401671434,0.4022109087118251,0.48873958944526036,0.6467651345881383,0.3643855999024494,0.5575546358506674,0.12211209248355336,0.10268194671926788,0.20231985937000962,0.3100117618001834,0.5048184723219508,0.30458646023598457,0.11209429434635503,0.11350875039130692,0.04186643602202205,0.0879172636432316,0.03864365282559586,0.040500839158417776,0.1339540024785642,0.21134778245765082,0.6343799032097269,0.49161078102965444,0.6440157617639055,0.5354072457380399,0.8524092351586849,0.8026180242922974,0.7172268901788617,0.7321924298805337,0.6259916678826958,0.8465037534769649,0.5155953762190946,0.7425909051109507,0.8363905160790045,0.9852895098891604,0.8087376052409442,0.9988021934674063,0.5663175336675493
5.499999999999945,0.9999810782642863,0.8138744326396797,0.6604917736206247,0.5224553279499946,0.7246156274214838,0.8278071752947254,0.7713154411094731,0.9760741123661015,0.8635755835704901,0.8028026472973747,0.6078598263775745,0.6392487233957506,0.9138050973912689,0.8473878336217237,0.7625445002331792,0.7955538208130888,0.6201249176404859,0.5565799384996045,0.25290424180103344,0.16706256587204998,0.07965894315385814,0.02823016703663136,0.004136772821991267,0.004470093342269511,0.0028246133753033124,0.0015115486589283203,0.004237414438403107,0.007379535650020334,0.007855667347159064,0.004978690440166349,0.004344861943867113,0.011474552181631719,0.007070297101754265,0.006147350179157947,0.002628115045396618,0.016492004796720146,0.009792060818470338,0.004880466726826912,0.0011522911963227018,0.002169228814000781,0.0052375931677712175,0.005037566349653621,0.015355065353133234,0.03306927620795722,0.009589821892144967,0.005561233626881479,0.014373019644070839,0.015539594939480114,0.0076246406924383855,0.002144113466445418,0.0012150459675927437,0.0015943842432318972,0.006218632057006681,0.01213303138481319,0.004333089634029997,0.0015454540310383359,0.0038580372124615643,0.007384954049424605,0.0043677187560810975,0.009051715603453366,0.008737233715185668,0.003959389118728998,0.00045329083010188265,0.00025253265269992576,0.0002069730567646603,0.0003696724764068388,5.220521494477513e-06,2.880421108004401e-07,9.187479052322496e-08,1.6387072790163421e-07,7.350932107106368e-08,1.0102022130921071e-07,2.3747494915056019e-07,2.5707173928027507e-06,9.858432646036863e-06,3.37109503566474e-05,0.00040323161108666097,0.0010170298746414697,0.004396122609578674,0.006176061241519397,0.026341909831376284,0.028723664427275426,0.032750514214880705,0.10964227865787889,0.11614474326275098,0.21287984144657374,0.13128743438656795,0.17851569864447975,0.18938485047630219,0.23727294270902202,0.22334358531029813,0.11405469772314027,0.24186669461718494,0.08025595729388066,0.14953800804450337,0.06703884582996003,0.06732082486606392,0.027700461624504583,0.14553328323900375,0.22662436100227637,0.12432312016529513,0.17854196110907214,0.2690887386382196,0.2881287465400393,0.11278844532234694,0.04538114343909138,0.01630354430803086,0.011019621642703233,0.004138813312948648,0.006757428589273014,0.015476626082328289,0.03221319284133078,0.026004620875437152,0.040742835988070256,0.17517846112914162,0.1686078937301238,0.2784895501747194,0.2987935916699956,0.3609944765759791,0.7035260644040958,0.856885998740968,0.5018432920597381,0.5048025668294772,0.3612454093157755,0.2652018647494121,0.27227953497138857,0.10129008589765805,0.06232506548960418,0.05946595858869789,0.021682548077535172,0.011797271768868835,0.0003695681767888694,5.459033849203501e-05,8.441331488673009e-06,6.769852777261608e-07,2.4872049964803434e-07,2.1410048760925206e-09,1.929414152887152e-10,5.348497976627071e-12,1.7745892492915638e-12,9.453031455723246e-14,6.306464898938505e-16,1.4037934437979624e-17,4.096554107666639e-18,3.719820431759265e-23,3.191207454106459e-24,3.4766979315786268e-28,1.9420334872886645e-32,5.657959206812754e-35,2.410596365194889e-37,2.1114968734639164e-45,2.2005312008529876e-58,4.72681332958271e-77,7.0204700949272985e-99,9.812231325101575e-136,0.0,2.313541539204338e-140,7.285127748019557e-93,3.3936025787851224e-70,1.6145628990750668e-55,8.225652649227769e-44,4.612557595261718e-31,7.031069623584923e-24,7.794142487047247e-21,1.4146709024693075e-18,2.71798241585012e-14,2.4052120956783755e-13,4.588740386632854e-11,3.751326592430496e-09,5.096607332291774e-07,7.003983460535274e-06,0.0002810692513203927,0.001291542976123061,0.0010630451609845548,9.676049042284176e-05,3.696425060843484e-05,0.0015962131282488885,0.00778217458919755,0.011215433376118297,0.06969204666121966,0.3496218952456638,0.9218266299713581,0.5359967716047659,0.46787126115260746,0.24778040292257492,0.36646826576589053,0.22991709357123652,0.11486577303055075,0.1298227416374829,0.06951888592061717,0.11349935724665687,0.07412876467409203,0.09907425189513831,0.20020715326080307,0.18566718505205873,0.37795754567166484,0.1169678957235224,0.13018512261760673,0.07621233678181319,0.020184434690366113,0.023078492091031813,0.024059578524395494,0.01979078586690111,0.019423492188138554,0.06358953463573878,0.11681126097557287,0.07762346452635738,0.15110636859631243,0.10953083019932978,0.11826499145109323,0.05051927232608134,0.03334031631938309,0.024996823768016593,0.009310912633376847,0.012310536443523869,0.012874895441323593,0.004352619302818758,0.004294533743097992,0.006353173112446376,0.005667305832079681,0.022714247097200747,0.02412612663919605,0.040555781606001096,0.029797165064278812,0.10835953871627327,0.27262131962864816,0.35224920520445163,0.5188929391948726,0.24652368285904325,0.3993718598498003,0.7183164016623832,0.8481476901490367,0.8568625690381468,0.3982355483320462,0.4384888364550655,0.62201007332609,0.4784654319953023,0.7338621601743471,0.5367344299381446,0.9658652930969109,0.8636747597236327,0.904676211583338,0.6102633568933361,0.5458455905055877,0.7544407764636595,0.9915787558687197,0.7520741183563788,0.6858382139344934,0.6393786582839073,0.7464723841968801,0.9489592254267067,0.7755997413356173,0.8906619441742167,0.6117398247271467,0.4842967135564981,0.6908179666349976,0.5764236371768904,0.6972567337488663,0.5620361467438068,0.5807288540660811,0.7962968797309853,0.6457759042098284,0.4155846727139441,0.5739775782210728,0.9633830718489115,0.9669785183793351,0.9279317919065344,0.7089209467735903,0.9782997132462282,0.32910161666973,0.3251914227220102,0.5369609847681727,0.7613938519273091,0.9311242532896054,0.7125655477661054,0.3577556245472729,0.3059100844841714,0.1810721660973923,0.27442179115917126,0.1360615217721272,0.12454408579319813,0.2886251505510276,0.3338744053762988,0.8567623080152107,0.6750345609742648,0.8872306642052936,0.7070172409203224,0.9664749802523733,0.5461813252880835,0.9200599460484422,0.9939964042186421,0.80475846711831,0.7766796374047499,0.4498202540245435,0.7663978718636446,0.7710647760797502,0.9197355663759669,0.7329620514420514,0.9459732502590165,0.5525943989012001
5.599999999999945,0.8993869651847575,0.6625378898602035,0.6193692474029242,0.5548533373298417,0.7647714488974511,0.8078347251787652,0.8287544368820466,0.9051013035867457,0.8053694881193267,0.7529629904349955,0.5998958996769373,0.5282941369631106,0.8551248850905289,0.9495965119618561,0.8438848521879312,0.873591887298121,0.6498427823189425,0.574658290831576,0.28035661785931876,0.21824186016560054,0.11732492859620926,0.03407538450545381,0.006915510866676887,0.0055414329430167174,0.0031963942910128943,0.0023806007867819496,0.005288139879347973,0.00569775928404256,0.006659011859087107,0.0029716865505923563,0.0029091534948058845,0.004122985793310891,0.001479681312503699,0.0012839760625923857,0.0008429389549360197,0.004805919455400042,0.005059471717863613,0.0034724156785895443,0.0013260305864889086,0.0016724047118188035,0.004703987069550583,0.0036744254145456554,0.009945905575316123,0.018832452023591437,0.003390082117171736,0.0017786549453460386,0.0034959784777667782,0.0034857093523212447,0.0016341689543162266,0.00039118791393985515,0.0003663511559134879,0.0003325341615881241,0.002137952141760206,0.005785354906507606,0.0017067783779109475,0.0005579255080210278,0.0024213649570366132,0.005208184616079395,0.003538502633041544,0.005423386402524963,0.00369904472958387,0.0015548488524929334,0.00011558217431101002,5.8557405803773284e-05,6.022804299909966e-05,0.00010241183673199644,1.3635624851943857e-06,7.230546322006539e-08,1.8943693053129158e-08,7.554476735467749e-08,8.395798706481212e-08,1.950474990540903e-07,3.2244186306724796e-07,4.538428103165729e-06,8.1788134333775e-06,2.9011985755889212e-05,0.00023131452895689344,0.0009326109165569647,0.003159695787660088,0.0034545715277548967,0.015917753594239074,0.015248444610009954,0.018037641632247425,0.06043915614491485,0.10300543156322421,0.16346240967372738,0.09192548944925975,0.16316062891128907,0.1456078103917151,0.17881416191626714,0.15258837384451002,0.09056289478465304,0.21619109958191807,0.0799027976153106,0.17528374630603205,0.05611008816158544,0.0773523257970805,0.04700963767745712,0.2082157750312755,0.3590179118607195,0.24102574387464268,0.3536552627749681,0.5237344556564995,0.46728035940021656,0.1903333567205214,0.06858790455422671,0.029826041225994596,0.027716537046269984,0.01680441824177406,0.022505232204977566,0.04128628875874088,0.07024282405577924,0.05912047920221065,0.06140807116820795,0.21069121032247448,0.1721419326292277,0.2246367443678502,0.26569287400973146,0.3459697377804963,0.6917624109390119,0.8894332226508712,0.47580217697229193,0.519610865738871,0.3848513922511432,0.2618049810753636,0.27061318721255967,0.09335091951799787,0.06300328566970348,0.06523630938602626,0.017863222536245088,0.012313536974978629,0.0004439941072787715,6.832768829892596e-05,1.1936237314763797e-05,7.631899460482072e-07,2.2096609795058305e-07,1.3847554532925214e-09,1.480798930468464e-10,9.107624185915117e-12,3.815870298350613e-12,2.478081201229637e-13,7.436975811126257e-16,1.7489993997094327e-16,2.9459963362108584e-16,1.2768353960035583e-20,2.7177742215153077e-21,2.4911532684504186e-25,3.181842122214378e-29,3.880261564665425e-31,6.281850493929155e-34,7.248091934728349e-38,1.5588053126163247e-48,9.477706833248242e-61,2.701537164836921e-74,8.248100253187935e-98,2.313541539204338e-140,0.0,2.0060712838417537e-135,4.429881184290441e-96,7.355109568485025e-72,1.4540545450193106e-54,2.9257492634623304e-39,1.596890361029283e-30,1.781521198536163e-26,3.215174159635931e-23,1.0159705819057728e-17,1.4929801843466936e-16,1.709883040717739e-13,2.5760687343190637e-11,6.226657788908212e-09,1.665119435658138e-07,1.6121734937346044e-05,8.754303482199954e-05,9.076288527204477e-05,4.340650654902271e-06,5.475663956728146e-06,0.0002904708169632604,0.002359347325878457,0.0036539995711770456,0.029406670003043627,0.23832793008105282,0.8287435205647516,0.5040214387138895,0.4130124188181647,0.22025546610556862,0.29144898352812565,0.2502779740088162,0.12508807174172845,0.15184775625357333,0.10492675494407004,0.1397895128876674,0.09558399500680691,0.1281432931559812,0.24791887412749783,0.2673751264105834,0.46017280826037904,0.1987817768085676,0.14452672405032796,0.06827762479746213,0.012201884921375323,0.014711205017384498,0.016967565155803586,0.02145105164912586,0.017290492124516162,0.0614497716271628,0.10019097414628057,0.0801214006217813,0.14172639045381966,0.12143593309007696,0.14309701465011407,0.04801688103921175,0.0376211165462284,0.0387407011601624,0.013257312144883529,0.023689919742124126,0.027935489057411486,0.008045515769211477,0.0066061114510926455,0.008212807505806245,0.00594772014891516,0.0199610065170394,0.02630374281992533,0.033674961156280686,0.0196812083943327,0.07679526283733369,0.2132248606551602,0.24026529606238828,0.3893657460520017,0.21247942842093753,0.37567754748735005,0.5835011697901517,0.6049060713370311,0.7463249336901349,0.17796628390903152,0.23269398275612252,0.34876678873105643,0.24794104063004566,0.4301757438930168,0.28011861495247914,0.6017811240543303,0.8259702263549566,0.5608025249068553,0.4267849423032712,0.39568455786362383,0.5702043984753372,0.7981945148062826,0.5065247539973494,0.39652125825077594,0.3712633158566222,0.4101864702243803,0.5028560331957503,0.42655080010676794,0.7689106458808233,0.4254520876528813,0.32797106656012887,0.4489618907580685,0.3974058794442062,0.5570538790971838,0.5485915070708908,0.5880218502521236,0.7985621038472651,0.5936318084430635,0.3498848410011904,0.4536571178101475,0.7657297294821622,0.9282585117715805,0.96311581743805,0.8697520531881386,0.8883345554601946,0.4792033105037571,0.4399704149755472,0.6637248773143819,0.8544791088850842,0.9503705477030016,0.7366855999518649,0.3792321137427398,0.4008515923947221,0.21702699915210993,0.37635131118470494,0.19625532028516463,0.18390099834728166,0.3195068502514517,0.4124751826129423,0.9678935645858654,0.8397059082275122,0.9749481271719307,0.8298495315818935,0.8247693670776687,0.49962757395935825,0.9064458169743127,0.8170637748940083,0.9201507985706832,0.6793178721453537,0.3527991672400168,0.5532576179391052,0.6720826834105343,0.9468453921769865,0.7141905931980863,0.9717024798970431,0.529815058962723
5.699999999999944,0.9435720029949508,0.7771923998207018,0.7176492356170373,0.6904276926110621,0.8357226817311075,0.8654282009099282,0.862426880039007,0.9283191194465531,0.778825796284376,0.7930450905390389,0.6515628748341331,0.5398096675011889,0.7908002434576713,0.981734088276394,0.9842275442522491,0.9244444977499634,0.6355738989235811,0.5500710129812607,0.23606443942968547,0.18355005402905714,0.13386489957156628,0.041428132859608974,0.009464619990428275,0.010976869407232219,0.006289152158365472,0.004452521159757629,0.008148809461981089,0.007908677835869024,0.01616081303459401,0.00596554803659849,0.008958574515007178,0.012687448168633311,0.00439111006656224,0.0029870107240958063,0.0017454797987828568,0.008055795137126127,0.007348379079852143,0.005331592489307583,0.0019130410980328142,0.001961553035694925,0.006504459173176332,0.00464826750201726,0.010788857156878696,0.020515463908432084,0.0023756279280683166,0.0016942276023524296,0.003513571647194639,0.002493099399721272,0.0015784164971460299,0.0003612990056085603,0.00037088525928196655,0.00029410177170781593,0.001809448127717772,0.005764987899235789,0.0013585321350335997,0.000176984328844589,0.0012395398360582149,0.002743399110570667,0.0022020350183963545,0.0038183139662204568,0.0018390237215064153,0.0014216572371382322,0.00012555356194913974,5.683003415824136e-05,0.00010141036543484558,0.0001716738134599149,5.148882979572376e-06,3.433235243365751e-07,8.971433485062838e-08,5.458690544130723e-07,2.0448683086647645e-06,5.7929010926133274e-06,1.1536850880525985e-05,0.00016907209081394055,0.00019651359508600548,0.00044342104572194684,0.0011476452125798817,0.004090309408842262,0.0142335131042719,0.01463585630246325,0.047793267815287345,0.04744983991853415,0.052562348940339045,0.11112281369707594,0.19053736714236305,0.24978858959340808,0.14849852590182452,0.26822874703399063,0.2028150270747762,0.22412050233245578,0.17351003128894946,0.13506401808295956,0.3266077150965769,0.12552041692587335,0.2807013576189666,0.09947833192583196,0.11828826513708723,0.08253909486310476,0.2894704014969443,0.47695915268972894,0.34603459099841766,0.5660729411829051,0.7855571028833795,0.7020901145623454,0.33517038890262224,0.15093898249558393,0.07650165506153123,0.09247037788396065,0.08540613081888697,0.08973711099101676,0.13681818951164137,0.21398820350477255,0.15719000568096037,0.1270323421284805,0.3608022269526836,0.22785860072485242,0.2620213351658704,0.25066922612309456,0.3238364075430429,0.6192303183601205,0.9598049652454486,0.6138304468820193,0.7015952910108553,0.5650799888086399,0.3189087395558203,0.29212309703260325,0.10330931706376767,0.06739110919238156,0.06457604858760123,0.022822156426951665,0.01669077251344182,0.0007536033444912588,0.00010100996326049899,1.0577581631864962e-05,9.911357827407607e-07,2.2330846382209195e-07,1.8220776204791825e-09,2.922530158794514e-10,6.096105693955353e-11,1.5450732532505505e-11,1.4279070673155586e-12,6.865008254650283e-15,3.075867983343834e-15,1.435025108478456e-14,2.3376859042709058e-18,4.400282871520848e-19,4.243887773285787e-22,1.5204640980248877e-25,3.656836984605348e-27,1.9478287914662223e-29,8.239079835673785e-32,3.681780977446758e-40,8.417050604724379e-50,5.24497683889056e-58,2.1193472335644004e-71,7.285127748019557e-93,2.0060712838417537e-135,0.0,6.227866805420272e-139,1.3282497402324756e-99,8.443325451687464e-70,1.163350999600074e-49,3.555709330992145e-39,5.944629617134337e-34,5.051997134414789e-29,2.228519535869578e-22,1.0708871531718785e-19,1.1739602213999047e-15,2.4564330758852933e-13,1.7959926423873549e-10,5.5196251635727075e-09,4.993910784880658e-07,4.201031058140896e-06,4.684255699484277e-06,3.0515201431536106e-07,3.522941202582085e-07,4.040898543786576e-05,0.0007499117080037672,0.0014889938087146995,0.022213632713361027,0.2021125757411715,0.7480616267887883,0.5602322160497228,0.5008062591322259,0.31381612733007386,0.3354161747568046,0.2859634701618566,0.1485553425958992,0.209152693923109,0.10967895353648223,0.1488973404107299,0.074184872622484,0.10220905369472139,0.19782422516362963,0.19079225959130455,0.3903377383111337,0.148039781691386,0.08191331006020672,0.027647589166039325,0.004889845822048874,0.006712020813208246,0.007127458301587127,0.010245592633722279,0.008085905354142818,0.030487973263606468,0.0447732701986127,0.031868383295749696,0.05219359830874346,0.04627644590626872,0.0721325498192984,0.02294929255764638,0.01742759507298836,0.016422257816223324,0.005024396858409982,0.007725296825247373,0.007803466436031959,0.0014792358951708417,0.0010309937733882538,0.0013444921297681798,0.0011508055559015264,0.0033884627640803954,0.005462465935938103,0.007501398508277834,0.004686983771668748,0.033234759414929885,0.10801921529434944,0.08086288717717725,0.13698022802917414,0.07424573616032762,0.1574025068515232,0.288477621899897,0.29890390553839696,0.37528570234021286,0.06497853063771003,0.09616495468577962,0.17051600238150771,0.12153906458391407,0.25847317579302675,0.1908410823446966,0.4409740005627479,0.6196897085497268,0.37510236625238247,0.371751133012443,0.33972268415936197,0.554408908956766,0.8925647866563646,0.5306388220379085,0.41225679448994346,0.38449580344262907,0.41960026957115437,0.4784676899332427,0.3516398148207253,0.5704188796875335,0.2156798533861118,0.1356706108824199,0.20816852231226107,0.15745508106633258,0.2920405606408334,0.3039408716356898,0.3966054267592944,0.44731732317747114,0.37464263393455977,0.23733945107595011,0.3061751781428045,0.5819009564212211,0.7097818692894609,0.8241416840401791,0.6134425557436889,0.950343947383155,0.3930302390197885,0.32858699603909824,0.5555868155086925,0.7381340645994023,0.9450888995983202,0.592255405882349,0.24594154683202962,0.2705474840172303,0.18945582266880764,0.27783108836688936,0.11927261978915847,0.131324740514996,0.26467522395915694,0.33824185644971033,0.8039292720453232,0.6515559696678644,0.8872660942429762,0.7304430325502824,0.942499940778715,0.5624146223420554,0.9735952674220845,0.7536540129130413,0.972641952015251,0.5987325917694606,0.25553080762340386,0.4624507594867685,0.49758444629866644,0.6999109499170569,0.9898553333074488,0.6470115766674733,0.8394868230987986
5.799999999999944,0.9467406012859952,0.6308225928608567,0.664987673087939,0.6939609745671954,0.7353436675647327,0.7831721760342336,0.8249178614310829,0.9947625225259981,0.7811435179901306,0.950591614681982,0.8641488686805061,0.7199274637286419,0.9895328910915983,0.9612899746012646,0.9748396771621326,0.9947164411761447,0.6747590829069853,0.526147230424862,0.248940825485764,0.1870069834811791,0.13292172078761152,0.037340360344049826,0.011721882440576236,0.01435118299946594,0.011619999576088608,0.00820106613116888,0.0165157419263187,0.0142589609099102,0.025646112352659952,0.010996758675194541,0.022250534821254102,0.022989519323945815,0.008025453752576862,0.004001846608888285,0.002637394023222593,0.009843251821356829,0.010917779966697868,0.006752950624244834,0.0023388595605488205,0.0019109003096766013,0.005544174957125621,0.0035584104858483756,0.007040105002874566,0.022790238248529892,0.002028628994415073,0.0021126536909784593,0.004281048219387771,0.0035371468838154454,0.0023766858008928103,0.00037356468244947687,0.00043174861344615935,0.000342257491524418,0.0026501079884697076,0.011210223049700159,0.002689550959776401,0.0003286714400166162,0.0017832726212228564,0.0031151764248894737,0.0028841532045634777,0.004946097824992413,0.003694584405655678,0.003327851051059285,0.0002645109639647387,0.00011134008233542605,0.0002135671651043788,0.0005974393910752706,3.328799993503881e-05,3.13638888038042e-06,7.214466756911414e-07,3.0898908982838887e-06,8.231114688231391e-06,1.6394543846238086e-05,1.9330118447296828e-05,0.00019453152966235934,0.0003686029869250029,0.001167207157403603,0.0015123400014338474,0.005272040002883417,0.020198880832984288,0.017746978321284503,0.04295741012494354,0.04161224769360583,0.03926437307008961,0.07371595216913812,0.13931877068067258,0.14831324734867227,0.09012645304521466,0.17798356957529776,0.11119775187061717,0.11148945271493482,0.08480919772767934,0.07988317378781881,0.233383422049192,0.0826142692653193,0.21406624322961698,0.05998651664625872,0.09633992859635883,0.06493970558830647,0.253190775265562,0.4094072670476117,0.3081621238163704,0.5683756523516548,0.685396036283188,0.6910605790538888,0.2521490074578907,0.14382913120545204,0.06332701659078048,0.07407611095036698,0.10358116925408414,0.07941299802583128,0.13541791236172293,0.1905452939444507,0.14692390308582085,0.14856255631208562,0.34909191483383306,0.23294379310859334,0.24738981928218234,0.2242023170179449,0.35908862793211527,0.5868533922655378,0.977937830829102,0.6733991653891479,0.7984268482665194,0.6027513501482725,0.3711123280133619,0.31742155202235756,0.08279554917179581,0.06360504921676033,0.066783051378744,0.04215548936613506,0.03027593830878482,0.001710505196765393,0.0003040641266605436,3.636032065955631e-05,4.009405302931425e-06,6.774614192216432e-07,6.382293836733894e-09,1.4054853337716913e-09,1.903350398786585e-10,3.604463393502529e-11,3.483362263733408e-12,2.970655332165846e-14,2.6474930625616474e-14,7.757700315412374e-14,8.641655230553443e-17,1.4723465607188637e-17,3.857911746283216e-20,8.425161194067942e-23,1.0585031714389876e-23,7.997806027107398e-25,1.0317060962561482e-26,6.120896784552461e-33,3.757940563673812e-39,6.6496366101739654e-46,3.5469634100900945e-55,3.3936025787851224e-70,4.429881184290441e-96,6.227866805420272e-139,0.0,4.333609902019208e-139,6.093918956733253e-90,2.6205766477888763e-62,2.7002115591709906e-49,4.44910622022899e-41,6.007954650337186e-34,1.4662677433905867e-26,7.985979816548178e-23,2.9728343037164564e-18,9.395938873905884e-16,3.944363332062746e-12,2.6390345193783427e-10,2.432948749576157e-08,2.0757929732066256e-07,2.4404186923025776e-07,2.4275113312148473e-08,8.106817712654387e-08,4.298221823714253e-06,0.0001699828837531286,0.000760221001260581,0.015669300469631886,0.17627693675898723,0.6516213123815209,0.5870011263159645,0.5514371721601272,0.3535222008860134,0.34077154999286347,0.29194168193876946,0.15834967153012808,0.23216730377829936,0.11675389848516132,0.18242577563828347,0.1045546632345936,0.13744220309364716,0.20244130608408442,0.21303767825556783,0.36144843318918685,0.11246994355823137,0.050653623753910436,0.01718007182998593,0.00243125913952691,0.0026816763104216875,0.003121997274489157,0.006675138562018666,0.005973077972095106,0.025793015639531083,0.03248841285485709,0.0351492193940787,0.047058015101282866,0.04774394508481987,0.07070687233674931,0.019705482223728407,0.015028404182251206,0.012631113558314401,0.005440388360413348,0.008148023794158377,0.007437316062846896,0.0007734260826090149,0.000617602208558813,0.0009372469910391097,0.0008945998768284678,0.0035611783964593145,0.0051892640880511496,0.0056866358599392455,0.004171802819225556,0.0260372136577456,0.07876996462996205,0.044417068507133055,0.05985468482714354,0.0385432885991426,0.11119659950153563,0.24364462910895412,0.23188822738242768,0.24245821416506774,0.04273571622234234,0.06323167439513908,0.11083451436369733,0.0895496321534935,0.16977594874408403,0.11491885663315139,0.2949741706526754,0.44242697520762975,0.23255144341777936,0.28126367255795615,0.29167213526028213,0.5418318657382405,0.9734434675682226,0.6162487841037857,0.4717932037652618,0.5118489380050757,0.5746141069137267,0.6756200226138298,0.49486357048720214,0.6937574219014534,0.2871558360174602,0.19282369189989676,0.29215951211950203,0.1635584830868125,0.27542519688745754,0.38372856393905247,0.5353292428817098,0.4304039079492999,0.4224918175728173,0.26659949554543033,0.31244353037737155,0.6752986624973606,0.7703454483274806,0.9485295777452837,0.7947077970995461,0.9010465699748709,0.6173885834491002,0.5225886101063146,0.7068783662703854,0.8732103281132149,0.8792101217196571,0.5625178110941718,0.21969639116959466,0.26266028592376334,0.18539246890117064,0.2657369114346488,0.13112511490296008,0.1379560320351896,0.249280387969045,0.2906016389477961,0.7062661570357931,0.6831375285416879,0.8765186785392185,0.7020153348844256,0.8840383711401619,0.5169430681369688,0.8277657801096249,0.6070629846890533,0.8173474832127018,0.569742371256061,0.26660267065127846,0.4619882516442606,0.4895247690378098,0.7567148271592428,0.9300776861687694,0.7308710787516398,0.749106858039392
5.8999999999999435,0.7294533660856672,0.45032592917408415,0.492707852192121,0.5901058572821324,0.6587691716639873,0.727166469447941,0.7455182006892751,0.8693228033930189,0.9911755652668212,0.751305917996357,0.7681898616534187,0.9296436871886637,0.7194127254121067,0.7271627965211603,0.8355977978138236,0.7201000706077548,0.457950963520544,0.33572835167185294,0.13876742546752274,0.0941709894929306,0.0785950999050716,0.02271941010279938,0.008586061727430873,0.014973523956779049,0.01291755660932273,0.014290396784852865,0.03154578519025866,0.029414237251643733,0.07611929218930437,0.038272936181466786,0.0663616028470775,0.07866005211541045,0.037856232454928335,0.022263262591782643,0.010610449250264647,0.025642393570000536,0.03472055255143203,0.029136029274705506,0.011189931014029701,0.010980140150485878,0.02473983663237958,0.014723017703490146,0.01959292250721345,0.04937445868302643,0.006194558595987616,0.007320010913508307,0.01885167652366434,0.014746878767887862,0.010198231303769553,0.0026337736449875975,0.0027628425396695466,0.0019760817794839294,0.011650113477968153,0.0396962420166143,0.010795542401824029,0.0011857449577623318,0.00574240813981406,0.008912538742784849,0.008063935046837325,0.010691832111363108,0.010136209691660252,0.01091162263369738,0.0009281599550516475,0.00022779150399608627,0.0004449851678991828,0.0007770753207256552,6.794562882212702e-05,5.768180409930135e-06,1.993413578949837e-06,9.493542506998543e-06,2.2572354058367348e-05,5.2050730124530474e-05,4.995565116665825e-05,0.000944837119209036,0.0019125808877948963,0.006676919150404682,0.00782879773952661,0.013340393468377426,0.049284018993165035,0.043666786699832504,0.08091685850927118,0.07899711401437234,0.06164899369578825,0.10732031034019127,0.18355106858966233,0.17518697422160898,0.08181153182023382,0.1683112668715537,0.0769549189125508,0.05277385303365189,0.040926867980823636,0.036111463644504564,0.13974558071409293,0.03462885993583134,0.16789515508971425,0.05223427065250733,0.08483773133888346,0.04806062474905446,0.225836054140295,0.30370733422408586,0.24524135178157702,0.49979705963720655,0.5669931240466458,0.5245982645993982,0.21612292717119247,0.13672580837971474,0.06182385429743106,0.07121448372584845,0.11359732683336096,0.08723172667100329,0.14082605086792632,0.2291175874843317,0.1704233364811005,0.18871926281373794,0.42735442584691435,0.2961492135962815,0.3517098434154786,0.33634458261984973,0.3912767764673847,0.615948146674812,0.9139945956860891,0.7419652528134258,0.8620775500141717,0.6956018745082764,0.4283657840027957,0.4276481347603184,0.12882263786046297,0.1288689287469295,0.1274985289428558,0.10287309808086696,0.07537387942911315,0.006988881486564506,0.0012844981588421812,0.0002732191377285574,6.185566123357093e-05,6.651611098105459e-06,1.7387134090403937e-07,3.76585977124338e-08,9.8600517070094e-09,9.029524386337287e-10,2.1534870341121298e-10,4.2382582909812595e-12,3.958566306053555e-12,1.864235876418882e-11,5.069139201373279e-14,1.2974006457452169e-14,6.735769744337132e-16,5.5723637135420846e-18,1.1835943850789771e-18,5.846998200663565e-20,2.609519492843302e-22,1.9501284363233082e-27,1.365506996991291e-32,3.1586591173276268e-37,3.362282338330653e-44,1.6145628990750668e-55,7.355109568485025e-72,1.3282497402324756e-99,4.333609902019208e-139,0.0,5.703457693389886e-124,8.683139437109616e-83,3.250186704446984e-64,5.4801866048688265e-53,4.754583072738077e-44,3.713754829572057e-34,9.632137031036124e-29,2.1032806474456586e-23,1.0279516650920997e-19,5.030502458131259e-15,9.920691861776169e-13,3.8183256103377677e-10,4.750586988862625e-09,1.1355143221704967e-08,8.163172133742467e-10,1.4850501784405773e-08,8.75575523308191e-07,7.13563119390986e-05,0.00019045537743034817,0.008522226183556449,0.09633128041732214,0.39913658500501814,0.9472033206068787,0.9717887069728786,0.7016529310703716,0.5842647867855792,0.6003019301208259,0.3821773894008849,0.5122475693336778,0.1946405328658621,0.2921412913153075,0.1727662795051877,0.20689632111211367,0.2996879683557126,0.28041199248899223,0.47111461278293765,0.1417329934030803,0.04386247566978724,0.011732344024263389,0.002747933752531513,0.0034020090959053693,0.0026554122791704014,0.007939980918241803,0.0076258390760493375,0.027064168502229608,0.047457482017795795,0.030501086992393324,0.04087109924781569,0.04113352636303308,0.06393729151638032,0.0231998932458409,0.012132978916930033,0.0065729670287552,0.002077273120425681,0.005261257638952618,0.004220038997332844,0.0005069890093606471,0.0006578465623204376,0.0012572281630101277,0.0010754860999102529,0.003696467150141697,0.004858813919667318,0.0036232572973461073,0.003910573785965189,0.029868774598527693,0.09262135181095561,0.05730917344513087,0.07582310756134854,0.04494884491212482,0.12188387585401513,0.241519501681227,0.2454924802776516,0.2291921998393843,0.05622969183727039,0.07889467483076075,0.12149494816452969,0.09340701759965489,0.12842681067117415,0.09511175100885724,0.2743330656868436,0.41945081677093043,0.21968266280703258,0.27881661404727914,0.2862342492067298,0.5651124998448831,0.999605721154834,0.7249534692382763,0.7501982472019273,0.7699243702138181,0.889201370656433,0.9852762847536651,0.7125636638163081,0.7639075039864494,0.32878576456326647,0.30589777279588326,0.44025364097598607,0.23996272374574648,0.38024879310715864,0.3892913977322203,0.6303576411413913,0.42959930761191706,0.3499989015015752,0.22447163136309287,0.20496301098415556,0.4786870586954604,0.5695848388928485,0.7124046769961864,0.49823313236413724,0.8064403643410979,0.3785753723084122,0.3291619428077171,0.437037552883743,0.5531884184520955,0.5123583538044353,0.23877488191598503,0.09174499726749409,0.07945252306410668,0.06268789465164701,0.09904299803474478,0.04271519043288732,0.04820830006429937,0.09580115036645684,0.12472710996067009,0.3979085656977292,0.4153441026521329,0.5995247428756914,0.4854011592262562,0.7790115097545773,0.7247899854875693,0.9356300692573875,0.7962147973912358,0.9952024409216497,0.7067891578971421,0.39328412751185415,0.6226499735629719,0.648852537490613,0.8937632759774191,0.8412985648510556,0.8630063268761579,0.5931581408751991
5.999999999999943,0.6175193844971008,0.33862072711463775,0.32977645399809274,0.34905994440195104,0.3932802411147054,0.5347637501479671,0.5595694157034247,0.7180861760399567,0.6399557961996486,0.4832414273073673,0.3832490678803621,0.48678470978261507,0.38575530408165876,0.26947636005723147,0.4192793437402114,0.28348886037878945,0.11621458254806838,0.07864231982183782,0.024625229174696207,0.0138609399797601,0.01791061277504276,0.0048236234257018635,0.001784049996129819,0.0029816085543435578,0.0020644608976590957,0.0031692791513361165,0.011605217150584471,0.012538524161473295,0.04245484742952745,0.03929347336478667,0.080159416373253,0.05340143657543531,0.025467982653891368,0.014794876617981442,0.005226656370572191,0.02047737048104452,0.02840477912164784,0.026913394634173388,0.010547366873128492,0.015132796873720397,0.04021170497497687,0.028055267273806226,0.046969961270456245,0.0938361223548182,0.020452887851021336,0.029673947877466092,0.06572358738474049,0.05211522060506997,0.046928401975329145,0.014397413397311912,0.015341304790019434,0.012249772804528542,0.04825758827730601,0.14565020224727354,0.06667360384486452,0.013305529756368126,0.02842655060386805,0.04342587623098489,0.042642238993543,0.060346207618518465,0.08471899203270596,0.10476867275064285,0.03259835563804137,0.006503129370700847,0.010401649555938234,0.009900057696940839,0.0012103777016594917,0.00020030586422811706,4.4029303712714213e-05,0.0001717714699097707,0.00015404553214937096,0.00020613826808950038,0.00020684463265871586,0.0024386967394197535,0.003578561011808232,0.007231404683141142,0.015516342774879791,0.031858985717158485,0.09398252936114299,0.08801754325610178,0.1299762246560899,0.13193937693110402,0.1102076933764634,0.1858717344568428,0.25676132879067437,0.2179301110201069,0.09959251908380957,0.1762471931953984,0.0693081988913682,0.04436446137690262,0.040164011627306394,0.03089531040540532,0.12724024158854372,0.023951504887370644,0.19771973824850786,0.051994384209916866,0.07209327744878079,0.04211251790039373,0.2160246772318673,0.42338344160575014,0.3381329581428807,0.7010237236515787,0.8647462989721906,0.7286701106364352,0.42919672957853006,0.3229483031000748,0.15620037098806594,0.19119188714346486,0.25417345571424405,0.21400740457184939,0.2783677711337171,0.4607004365854736,0.3700763682411206,0.37348747228793555,0.6124192747153703,0.41365416080610234,0.5406022765731288,0.5250626836066992,0.5738087940261514,0.7568154331085915,0.923326208665109,0.7391604683550007,0.7413463478884494,0.6209397677223676,0.35901978802557993,0.4241770585224663,0.09855219714035335,0.1009215754061235,0.09935212478450811,0.0701209302943684,0.05643399095988824,0.005834661010215456,0.0019573620545740734,0.0008055881022980757,0.00015072533846169708,3.324362492394992e-05,2.841046871816094e-06,1.0831972850211134e-06,3.7327526092216395e-07,4.940844259376365e-08,1.3430085161483972e-08,6.638729105608998e-10,1.3426832234217245e-09,5.017654402949918e-09,2.132347868683546e-11,1.2440686802933574e-12,1.1374201886654667e-13,1.8226791047795552e-15,2.2428171789937588e-16,1.4632817133217244e-17,4.195317772606932e-20,7.770340444011501e-23,5.628122472098713e-28,6.683915368234429e-31,1.338395563518969e-35,8.225652649227769e-44,1.4540545450193106e-54,8.443325451687464e-70,6.093918956733253e-90,5.703457693389886e-124,0.0,1.8390295187278313e-122,1.739828083916055e-92,1.554344795881005e-73,3.5873712352318893e-61,1.3433949739548971e-45,7.401891814562465e-38,2.237812930883916e-30,1.1586265988081522e-24,8.573796802880561e-18,3.759908041036286e-15,3.063952548136596e-12,4.673747288296066e-11,4.900392349633347e-10,6.76934687131134e-11,3.9716255397736267e-10,5.032200364740008e-08,9.77637246476954e-06,6.475613796523387e-05,0.004303244783754119,0.06246781913177056,0.1640574794559773,0.6217171927652739,0.7197148522168875,0.9902262752732328,0.7491051718444777,0.8765486393434283,0.5872363685362162,0.786690565365306,0.41181964694343975,0.5178818020101397,0.3288101092007704,0.43614277276668967,0.5439491554662885,0.5604300535742315,0.758875857043596,0.20665703662336343,0.09460891558229602,0.031956704357887826,0.010116080369948452,0.016290355321101336,0.011085643715168033,0.0331592112230371,0.023653712413787983,0.06901551678986456,0.10409510582128673,0.05685865854928374,0.07549951813943252,0.052236872352233676,0.09807775041045874,0.04581783884197644,0.021567337364582505,0.008633338027973178,0.0021684482346211796,0.003729997734631395,0.0017271148094977755,0.00020691016478810277,0.00024449259787637137,0.0002945499253931771,0.00019738181991946042,0.0008550825013528625,0.0028697153557333704,0.0022058970597456187,0.0034459847520228533,0.026028632099995938,0.0736028111010471,0.0563224809880945,0.08416244093957924,0.046388381669647656,0.1041585603912168,0.20315838166864048,0.17456215897583233,0.10259371284162702,0.015039433177489967,0.028160007837537623,0.04205847017502965,0.029098024361894386,0.053146020642168036,0.02981894083689098,0.1161842995408169,0.1874157373677193,0.07551598257916847,0.12204116875331608,0.15189471267501892,0.33228885348292164,0.7323071112495345,0.5672162320779768,0.6814682180808689,0.7528270561791571,0.9048958155936936,0.9446166860372809,0.7588868381638829,0.6239004238251893,0.17865390010554874,0.13924188935292076,0.21279003390799903,0.06403610740281589,0.12798387290939237,0.1349651053979225,0.31747600828841044,0.167727933989174,0.12428897146232143,0.06835480808401859,0.056519530432881555,0.20965836766751275,0.19791045470703994,0.2541443585581644,0.1785419918540728,0.37997960211694537,0.13347443730772346,0.10444270799289565,0.17631285146022685,0.288007609019167,0.22038634124793313,0.10288531164008075,0.04286582147754343,0.03638302397656605,0.027840834752207857,0.04280002018064972,0.013578638851391846,0.009147119264319463,0.029898350153552546,0.038673624516679196,0.17193501294751418,0.2541132013288626,0.41023016058043194,0.2956213396832843,0.5508519458284905,0.9563402726412422,0.7834206898374529,0.8537736676119818,0.9618325504022427,0.6306955352997479,0.28342473624305525,0.4089987305925674,0.41764637435370316,0.5823657271840049,0.7546342282409129,0.5110994878287968,0.9902943523424991
6.099999999999945,0.7961577374727744,0.5019488922758508,0.504287555869451,0.48283751067924713,0.48680756017037297,0.6169480642864649,0.5218643629964291,0.6185120351379826,0.5124119366188344,0.42443254926150353,0.33603711947052894,0.5098710199019227,0.43726513078903584,0.29400505217096695,0.48814908191534,0.38385845312975364,0.1467556935136042,0.09779814905907384,0.033524606529993756,0.019548003427003992,0.030278018005296316,0.009358424528181355,0.005564432640190101,0.008161759593177784,0.007768637831810372,0.019607717307212797,0.07058428968971721,0.06608373363994244,0.1743700796170151,0.1622512089976414,0.3084084047190696,0.1444704127573396,0.06095194825160842,0.04055586985868964,0.02263100320411953,0.07059699947310531,0.09311312328917011,0.09791779410101256,0.06229486581242911,0.06958304910601366,0.16452965462827965,0.11716102809777189,0.1176981444939389,0.21636201105884043,0.07329042174014105,0.10932651402980711,0.18535161628079333,0.20426144097190244,0.1826711374906087,0.08183760002279128,0.09909598493197233,0.08167456698198888,0.2721559982659071,0.525514281458767,0.3193364243537799,0.10877914035660105,0.14524924649649915,0.15348039572574132,0.15827988747466137,0.1941196809694447,0.28441630528521655,0.2927693300156579,0.10566342165494184,0.02007918040224062,0.033444490923070336,0.026469781785011155,0.005377141301112084,0.0014255450239824999,0.0005183955150306974,0.0017580135879265706,0.001118772656978707,0.0014020334250116036,0.0005027804584075497,0.004532177193397427,0.007010652287052813,0.01546773251622023,0.030076266318549597,0.0698900337876006,0.15222402491422043,0.11729696124234962,0.15038651048815235,0.18064078951584547,0.13659216241055958,0.18592163173192838,0.23067643750938335,0.1863933703919274,0.07964023252728485,0.10850927271942892,0.032325842166548435,0.018779809635675663,0.026252872917853852,0.025781801090530843,0.09583389051851163,0.012497486637777649,0.13264272288897383,0.04547712487298256,0.05025190655496263,0.0382230841465736,0.1834827130192508,0.4112334464443978,0.38819545972786496,0.7571645320022,0.9203573342691342,0.734154768644602,0.3889102909929611,0.3320773943366204,0.16325882745456816,0.19723853617073006,0.294619088677607,0.22381154901864922,0.3071278990461832,0.44677812323311716,0.32681518018579947,0.31053311977490067,0.38143878479560694,0.2718310527312072,0.3121180046931296,0.27622109660037947,0.29622543656593114,0.40819158397310357,0.5923063838980631,0.9397732816455988,0.9826413481343493,0.8534327446926093,0.5979099297373062,0.6443286526877593,0.23154779390514726,0.269246088869865,0.25988679446166574,0.18030510151536527,0.14845326730764827,0.029787198467338072,0.012383506217867003,0.008952143612694783,0.0022145721387596727,0.0004232365786375397,9.895964167241777e-05,3.944667722537009e-05,1.9176009314107253e-05,2.7945207780504127e-06,7.349411590613256e-07,8.163703983913107e-08,2.2094584494752167e-07,1.5418222666815419e-06,1.2184694550620454e-08,2.1965540334421e-09,1.7109294717841642e-10,1.477268416629146e-11,2.6551584967625384e-12,8.667457988445915e-13,6.368059919633593e-14,5.600179746186702e-16,2.838135323745835e-19,1.0152283648719187e-21,1.492730024233009e-25,4.612557595261718e-31,2.9257492634623304e-39,1.163350999600074e-49,2.6205766477888763e-62,8.683139437109616e-83,1.8390295187278313e-122,0.0,5.680987409399573e-138,2.7792841937912277e-102,8.759483042823584e-80,3.455328135048548e-57,3.1813171345671447e-46,2.820704094509786e-36,1.338734959052353e-29,4.187842771435971e-22,6.238978390087222e-18,5.7125761758952626e-15,3.2063486586910204e-13,7.83350070687015e-12,2.135760685605403e-12,6.084926744819004e-11,3.4484173629131632e-09,1.8782839064648448e-06,2.0526376038736458e-05,0.0023489668166748125,0.04251788923135422,0.09591697682369058,0.41550098961368087,0.5426434029023756,0.8463312724332256,0.9406324831761884,0.8092678715677614,0.9444524882180116,0.759178305989705,0.7858427636930676,0.9299182130001887,0.7474476519374059,0.8680596578312688,0.9833901816718239,0.9918956140956131,0.8308030586037847,0.47618497384354225,0.250237849272762,0.08985146192696791,0.03863878851509936,0.054043095269269925,0.030573356447628635,0.07920915794879312,0.060636476575748804,0.12346164005791692,0.14100966653437122,0.06005690370242372,0.0778298459139822,0.059931782124559456,0.09690021489210766,0.04371300584250257,0.019797190093063275,0.004983550480217123,0.0007175680682600797,0.0012584343149107612,0.0003823548090760234,3.0159302556149483e-05,6.129798249511751e-05,3.860032577479518e-05,6.830520098722245e-05,0.00028310818976366633,0.0006056349038984594,0.00032440851637381295,0.00042917814187915865,0.0035749276860732597,0.013765843045828029,0.009154546284494726,0.024803860814184658,0.017813582662859886,0.046782401959459693,0.09867685271182165,0.10673675442182573,0.05039241423415316,0.005270307411544835,0.00979973852266006,0.012138324037991654,0.01003125799089105,0.019539681845908558,0.01071921963446712,0.04876740528237084,0.10266153853012643,0.05095148839894215,0.104940819688814,0.17355203990403498,0.36053782020651964,0.7026173234512426,0.4221259609621817,0.4681086867632635,0.49508860400311316,0.5710768222052099,0.7460730031925519,0.5953529574762556,0.45755727736646007,0.13825408324495647,0.09339669889058384,0.16939587457573527,0.04072226311557532,0.09943675748462251,0.12798731046489803,0.34159628199565195,0.21524253854811656,0.14899881335623844,0.08206551367803577,0.05747181573621188,0.15214520183324498,0.10632037040897784,0.15923113461127952,0.06910620166405024,0.24045349948161832,0.07652692285948859,0.05873919708147596,0.11254340644296892,0.2190840161603572,0.2640168874413444,0.09301640161424535,0.04556517069802651,0.033260100183701874,0.019657749651319705,0.04737817979796249,0.011064948365328797,0.009053822448748914,0.025651365227245516,0.041955509972387506,0.23743437495493078,0.2399722444735393,0.3666822866367994,0.23306807303455288,0.3739776397045509,0.9709354254389905,0.7077795464784635,0.9343572047634789,0.8526928108291127,0.8618627412792278,0.3927885601697864,0.5645383225612179,0.6589519458148295,0.833424848823066,0.976769177415575,0.6735148075608147,0.8061942353630385
6.1999999999999424,0.8448195746608584,0.5597586894067905,0.49222643824300844,0.4982543181056972,0.4985683287125764,0.5355022241330605,0.47813295940105605,0.5176302345028263,0.4158810753458112,0.342018372744299,0.24421606432108367,0.323337666984382,0.24978160883472866,0.1710490309361698,0.30451306873941825,0.2463978275034781,0.09579120974864562,0.06647079586252924,0.020741234200294452,0.014506542019482848,0.01864314365985344,0.005823608452888682,0.003680350946166978,0.0040902351884862884,0.003057560125043063,0.009072585677362528,0.0432459452830124,0.0373544328450165,0.11742729067940917,0.11275638483378078,0.25027262692734764,0.09034157912611386,0.04062514816118392,0.033778457192634934,0.021937600796417052,0.08736521567254535,0.11718760459302904,0.13721354159591415,0.07693535034332764,0.10653297716533346,0.2633126725909062,0.14435295308171336,0.1282365243343089,0.17547734230302836,0.05711933502161399,0.0828970554361351,0.14845272708767007,0.1834042153809484,0.1690908880340874,0.10264106399847744,0.12183446060052258,0.09415352573780157,0.2601331015693779,0.47325125564974646,0.3012338645605794,0.0976980665807343,0.13233767280488673,0.13655050569827182,0.13541096780994438,0.21438628370302396,0.2950517274511526,0.4233000572125927,0.18276615358851672,0.02519852281515393,0.049368337839925204,0.03652400114457893,0.012954852298048197,0.003941100218620422,0.0024091009481281176,0.008128056644576071,0.0035949909079927784,0.006546314609128041,0.002345462367574789,0.022023081482501657,0.04002976629141218,0.06635906192952026,0.12950063768593545,0.1944368851668385,0.3311815606950751,0.2857763054679334,0.2710735465246667,0.31588107780917624,0.20108381140218462,0.28100244815160375,0.29277722940298373,0.22481296084337357,0.10142229729611722,0.12052056698113302,0.03642832763936948,0.017429398275483985,0.023912409363217802,0.021205034455447275,0.08622454842551028,0.01256109991277828,0.14134797687021747,0.05729798350241884,0.07051049550701662,0.06146019293233958,0.21465355104444814,0.45998564783318907,0.3619672764138363,0.7424783240486154,0.9514152995508413,0.8035222621317736,0.3927129486644841,0.3430336575671956,0.1685706847687888,0.2049800211290315,0.29282841902215856,0.22218757490048274,0.2502687360441267,0.3884253352409986,0.24550233438125615,0.1935390567738688,0.22167453123776162,0.1239272210603394,0.17754239305656713,0.1868935285095087,0.21496496584868943,0.33463814640408235,0.5231732150759222,0.8628911860895464,0.9650817021145692,0.8494711786265968,0.6051075008975653,0.749855927887704,0.32123837393489757,0.4025061061522724,0.4122029855803788,0.27060417454592967,0.25788326759480834,0.06488739368635411,0.033734002952403835,0.020922233576644834,0.004336217515368642,0.000982492538450462,0.000230067916388626,9.822673441672328e-05,7.277861101474282e-05,1.9512515370679837e-05,3.791212965671961e-06,1.3872038470349123e-06,4.521545050383252e-06,4.140108006874579e-05,9.90443307743028e-07,1.7404983676457467e-07,2.777481029388049e-08,1.1677896696708745e-09,5.496121649396323e-10,3.983732984726198e-10,5.6932966455118925e-11,2.549989763677721e-12,5.369541239662238e-15,1.0872723251910833e-16,8.275315865132184e-20,7.031069623584923e-24,1.596890361029283e-30,3.555709330992145e-39,2.7002115591709906e-49,3.250186704446984e-64,1.739828083916055e-92,5.680987409399573e-138,0.0,4.110137151071929e-135,1.281627771140598e-96,2.2876073916408803e-66,8.466477665539241e-54,4.201227701511224e-43,9.768346568048557e-37,2.052709908923808e-27,3.3509422303260934e-23,3.4103344804923356e-19,3.6962217263875475e-17,7.562060193723642e-15,2.7785122143358843e-15,1.235778593235105e-13,3.818624795543757e-11,6.863577528116921e-08,6.203534437659191e-07,0.00024080075607713983,0.006591053783662541,0.02097461506228699,0.1361349829020033,0.2318782865325976,0.455333345718056,0.7497803114754794,0.5882848210628651,0.7440217300813806,0.47588325740829013,0.8274309147768854,0.6039871721778586,0.7463042491699132,0.6569622353318993,0.6167880284719226,0.6637233681317815,0.6401730904339449,0.6942965856812188,0.41885271164370635,0.1494899462178456,0.09549087681142723,0.12083623926862118,0.0653762685036759,0.17524901713751165,0.1452541369181331,0.26326359377404973,0.2776499313501647,0.12150678089968302,0.13145682241739792,0.08713367784562236,0.12513610884335216,0.06431370793830483,0.022771166876688703,0.006259681830246317,0.0012198467445175116,0.0014139123199389443,0.00030975560280112905,2.1678101574772924e-05,6.686858574809938e-05,2.9694616380467548e-05,5.6817021836492e-05,0.0001742218008834655,0.00022568068194318166,0.00013526930548638007,0.00014536946296392993,0.0016471522061288469,0.007677858582332613,0.005131101569830316,0.011364799162135446,0.010265690433329875,0.026990010181505496,0.0646441855695512,0.06633321855300525,0.021933033750254228,0.0020076473695894155,0.0024022669719232213,0.0028811922425108225,0.0025099821700751528,0.005043665401979523,0.002040975585727659,0.008307578718518057,0.01879480613072893,0.009395795817624937,0.023690171524266376,0.0432112943186526,0.09734887962439824,0.217506636059894,0.12849354326065363,0.18609201286763122,0.18742559815657853,0.26115067707520984,0.40675480467477476,0.36915352064861356,0.27639606727959554,0.07274075355614623,0.05680786175996224,0.12302481090066743,0.030243079428236255,0.0918637251397186,0.12680763782932047,0.3333005519280055,0.221791964374136,0.13470759989260336,0.08417078511830965,0.059330978294998706,0.13517585290057793,0.09603220928352427,0.1795175800589181,0.12222493651338232,0.330588066490252,0.1065124225078774,0.08202231929592202,0.12072490766853777,0.2149358526930605,0.22820210827839976,0.08076409962311137,0.035840555310550755,0.031192416719723497,0.021268802018372956,0.04925962213397351,0.016764783984597645,0.015234480287023735,0.03786118332015586,0.05240078114403442,0.24117763713746293,0.2512675476723886,0.3516505059088418,0.2464216162778796,0.41502510580279184,0.9962603701243712,0.8744825880227143,0.8757904762513338,0.8904050758801225,0.5881827230920013,0.22981725941913247,0.2819053508806983,0.358591004132477,0.46390883733491006,0.5712356516926131,0.37639121691554384,0.8229821169407021
6.29999999999994,0.9926584646611014,0.7763507892132144,0.6426738046590896,0.6524301644699664,0.5602773875343134,0.48055018935144705,0.5036239224227027,0.5228328876888002,0.5842486412542895,0.3630008176523698,0.3149464317269349,0.4686588185661079,0.3126116527548805,0.3255336959766732,0.36509060545152683,0.357109156159886,0.16971836728431436,0.13216237048381632,0.06029220023439408,0.046380091069668894,0.07187928840293561,0.028365002236727627,0.01664322427391786,0.00819632615456653,0.006000545015821285,0.012421083647987882,0.051425291730825544,0.05652649134968281,0.1556672802016328,0.1867346275475035,0.33438409066996844,0.14570513960950435,0.0748741052724666,0.0664273617880451,0.06771414759757241,0.16807041945543275,0.1604243351055533,0.19333021390911706,0.06662912690892,0.1187482086890177,0.2572116884849587,0.10956724208300117,0.10832450885457025,0.17135473441919072,0.07640210760628971,0.11767212270859236,0.17754736005415997,0.26104834883253764,0.24293165068606903,0.18285874691064946,0.21417891062905456,0.15700772261868973,0.4027885264899538,0.5694573171281347,0.48056504761506014,0.1985265558421917,0.21456506118590496,0.17652908257439837,0.17369161924204948,0.2465966511768649,0.3300163082437121,0.5303779005818807,0.1885983879298028,0.02892529650157713,0.07236591581585429,0.08327791799822336,0.04216439024911258,0.01174146662549935,0.01030254901922296,0.01911553763406758,0.008197887783585218,0.017282056612129344,0.006079628880123303,0.038802213663510284,0.07106511046412185,0.12284459829885107,0.25659121085075703,0.2847534198849084,0.45900984693875196,0.38896152427433545,0.3862827029524104,0.43203853075068277,0.203007005203502,0.373686879777158,0.3179619989832318,0.23974895356658552,0.11476265714270098,0.10108859730264115,0.025664395846369845,0.010721960847155869,0.009785875712001523,0.01412348883222282,0.09751816142765748,0.014608143459589627,0.15003367085964014,0.055073273076097044,0.05517775703578955,0.037225183420340265,0.22597504722729161,0.4116752370362464,0.3438143369256047,0.7678836054759804,0.8752378238419039,0.867196155132971,0.28595175949631635,0.3697775145857918,0.16578971695555472,0.09704643315266664,0.22117114016055012,0.12729419848184179,0.19407730088839414,0.2916808211967432,0.17864207142567717,0.16212201568252296,0.10904107365934738,0.08440888949922082,0.11414768319440195,0.10275776857903864,0.1284683992367809,0.1638322252524168,0.36537954923799487,0.5869369560480183,0.7111428278167939,0.8342953169138816,0.9370763781090028,0.8785346520518181,0.6270961809358642,0.7451205224941916,0.6501235278684492,0.5996965196963451,0.4407954544570205,0.1404359553590281,0.1032899202436653,0.0403381607784451,0.0147687449401212,0.0018277123607133817,0.0005544110730243675,0.00020385222962211448,0.00012128798405521986,2.3056864982282744e-05,7.485948856817465e-06,2.6105558722421685e-06,5.690993493204879e-06,3.12896488029716e-05,1.0994142815049418e-06,5.69259314097549e-07,1.2185069460521878e-07,6.62068757428079e-09,1.550591444123671e-09,4.933214413353195e-09,6.747022511883063e-10,9.201151759113974e-11,3.363011656606101e-12,5.1112792374988513e-14,2.246610055511364e-16,7.794142487047247e-21,1.781521198536163e-26,5.944629617134337e-34,4.44910622022899e-41,5.4801866048688265e-53,1.554344795881005e-73,2.7792841937912277e-102,4.110137151071929e-135,0.0,2.617713945504755e-133,1.5775566907008745e-85,3.554227572767669e-64,1.5485679285807196e-50,3.577604366193174e-44,2.352880608296922e-33,4.517361603416677e-28,1.6307857314660392e-22,8.752215290630256e-20,6.668548359383701e-17,6.715568503081127e-18,3.5436964798390684e-16,1.2931288286026657e-12,5.103904045270826e-09,3.6428772864754055e-07,4.963779211895312e-05,0.0012423333453693971,0.01454278634403796,0.08816165946888319,0.17238886903659031,0.3582663690403114,0.5233261101649198,0.504388274870993,0.6274765844404093,0.4422330947578157,0.8522760399429368,0.6467746786808981,0.8543211449151413,0.8294574214377827,0.851983337410457,0.877540619519772,0.886351293632912,0.4793710638836123,0.34702169858723836,0.12521324837116277,0.08967479096236207,0.10734834386639713,0.08230608601495236,0.24026015995413666,0.1822396925829273,0.30492099601626127,0.24087654806071218,0.0937144951241995,0.09872964855193839,0.06411636974355127,0.09816120804678774,0.05854536458588484,0.01845421287803427,0.0046723355941016625,0.001193516428818549,0.0016192557554761703,0.0005740443224142273,4.445699768422975e-05,0.00015432376617156247,6.872089690544277e-05,0.00015334524780436285,0.0005718804906359238,0.0006152100316438284,0.00041002011715662835,0.0006028469315102476,0.0031963666510424495,0.016041213303511083,0.010631193632849253,0.020517404524591453,0.019873669079332048,0.05744510450248945,0.11774370612248711,0.09242015420725688,0.041297068584448045,0.00483617763065266,0.0071511535842455985,0.008249347436168114,0.009941530521813902,0.01629353541044567,0.008626211358236947,0.0339126185219526,0.0650554679325679,0.02621327570550052,0.05846278972135817,0.11039037905327384,0.15569959696155877,0.28467785755653074,0.19574318647689198,0.2666512912749631,0.26399274028436825,0.35099791365676264,0.4357116553288809,0.40848463675475655,0.374951709994295,0.09794835280603115,0.06772623981393484,0.23556855658945125,0.09310933700819744,0.22431149828160638,0.37859439409567786,0.7224933347587614,0.600142965619132,0.34547003986633645,0.22839757260042842,0.13310208545467414,0.20524564419878483,0.12661119975227186,0.12440389698872843,0.07809452292215906,0.1873777197702536,0.06090597278045186,0.04384162671159352,0.05852272374384456,0.09175999652501479,0.07649227603676402,0.019811108772061766,0.010701848585538073,0.007545074390897057,0.008256716270085944,0.02258311276876829,0.006316565276991898,0.004504482417614556,0.0077723971061041406,0.011569651952077072,0.06869119708764229,0.07132202508067711,0.10182640085386757,0.05260821487468991,0.13508250405393174,0.4131003265237422,0.36082012329224733,0.5095741178406071,0.44257772156468606,0.7069101803118167,0.7471188108326718,0.8427150918664732,0.9938553444709781,0.9771340176133555,0.9065403456396682,0.9173958664412714,0.6029010059679805
6.399999999999942,0.7424811014390384,0.9650711308014198,0.9451419775565438,0.8292286132801896,0.8287524173366638,0.8366241632561648,0.847962572489526,0.7332274478888262,0.5985483201540842,0.41447009927061895,0.2941870514534324,0.41737770414748077,0.28227140095097225,0.24131719865326767,0.35138754920580967,0.34406466231546845,0.21581633172391543,0.18367061426027545,0.056454993085092234,0.04144740276547145,0.06359089023562815,0.023168061849183682,0.014867479071377952,0.006218593120626011,0.0037848317919560053,0.005552063475327284,0.02917466773469331,0.04303787639687307,0.1451570145575993,0.17308865812392424,0.28031480089875926,0.13040302037234994,0.05878361130208378,0.06258132143322914,0.05862780964612993,0.12681202221146617,0.16485490078725668,0.21404522235481063,0.1120508289336141,0.1952854145140383,0.3598695165386223,0.19539410724562617,0.2430421115707648,0.2792107177395036,0.18513981080060662,0.20211501969753723,0.24193794999347734,0.29936242760770937,0.25602816019396213,0.20469553929956075,0.21367639873324878,0.12458716989246602,0.3137069987634461,0.553803495420041,0.3984932918362251,0.1432648819203755,0.17599440002091235,0.13338527493007124,0.12765340570201023,0.18397868374221857,0.22541762750351174,0.44720894261244043,0.21794616992842852,0.0370608409842026,0.07730776401334555,0.05745748228264324,0.03980897819006632,0.009384128773380076,0.00836675877354442,0.014969935081579303,0.004888450251306982,0.01079149862828811,0.00241317300164982,0.029742096278367533,0.04349335346103961,0.05013128435357188,0.12062236808456138,0.12785384163677166,0.22408632396293882,0.17942708972560975,0.19814019803730118,0.23530683652154946,0.1284842764662157,0.31667756509932676,0.3672007838222228,0.26993997514942164,0.1526805308028395,0.13125629398605865,0.060944380475016414,0.036227874809270866,0.04303552632394893,0.0629949580247479,0.23781328111983563,0.04076088345390981,0.3149654726506842,0.15034869124117167,0.15407926460021862,0.10309892842040481,0.34430344570327,0.5633163270429279,0.35597838955456207,0.8248318063316126,0.9162406290821894,0.9213567880155105,0.3298861062408303,0.47175180860152893,0.20735048648280333,0.11829896352792316,0.20452278887863573,0.14492832657669769,0.18411144693827397,0.29310403874237634,0.17901222258710042,0.12850215038127374,0.10016588156591542,0.08826604029920983,0.1279101989313418,0.10175582509834842,0.09660651238781745,0.12953866671930137,0.2526338276787701,0.3721245060761089,0.44332343090799575,0.4987322017044015,0.5865996783258407,0.4935654437797284,0.9560870567640912,0.8158608731302633,0.866615826598504,0.972905007680322,0.7878108834412322,0.3048870132331868,0.256856167179492,0.12424113561743864,0.046381064940302245,0.010759544493144762,0.003076591277136728,0.0014519700175993288,0.0009349243897305768,0.00010162280151991112,4.758994324137235e-05,2.255709326355791e-05,5.83942596779408e-05,0.00040190075662206276,1.0016955598403623e-05,1.0617213465392942e-05,8.25336920972595e-06,4.4346183450262253e-07,2.8768201385590905e-07,3.953315764013472e-07,1.3302310776613962e-08,7.428335885023198e-09,5.282452708195922e-10,4.586099700094465e-11,1.172395604854556e-13,1.4146709024693075e-18,3.215174159635931e-23,5.051997134414789e-29,6.007954650337186e-34,4.754583072738077e-44,3.5873712352318893e-61,8.759483042823584e-80,1.281627771140598e-96,2.617713945504755e-133,0.0,5.327967082372353e-122,3.005936608914415e-88,6.135783879236923e-68,8.492202544686897e-55,1.4455873026038064e-41,1.6771247696697562e-34,5.786197886430173e-28,1.33529630030713e-25,2.092997444618273e-22,2.208250401171539e-21,1.9160963694782287e-19,2.1455096176963013e-16,7.374272662413846e-12,1.2013789836325388e-10,3.204149133203597e-07,9.470258419024834e-05,0.0004664231052509213,0.012170461416618941,0.03804197769359158,0.10272647288946259,0.25315170450031316,0.1978747639276523,0.2367799789653695,0.19073236825935316,0.42318540492195805,0.2942490561497054,0.4084597134159063,0.39166110546770333,0.451057253806573,0.5883596960065149,0.7043129845819602,0.7762316455176971,0.5763164042274451,0.2534291888968088,0.16683655965366187,0.18301201505164788,0.16283008113041345,0.38154995494257327,0.2931601099979,0.44682480255534485,0.34759702618061483,0.1153173965171043,0.09444083717121583,0.05508129460935937,0.06504228067547592,0.03538658487563195,0.0074948713217190465,0.0019069095506631841,0.00029827841078401793,0.00030316572488602495,0.00011084996585099144,7.448486749014692e-06,2.2559405676158724e-05,1.3255563251315573e-05,4.6409295428801e-05,0.0001391243293935895,0.00021401780185268822,0.000162174353557424,0.000240574599632931,0.0012016798035700746,0.008599650037899947,0.009778586337335955,0.019788717404696777,0.015502894566598936,0.034604924268511486,0.09232229874334032,0.07910481272470934,0.045363991447080185,0.008762782776780574,0.009819495324587143,0.016517373591643653,0.016479496612389427,0.027171197441633224,0.017718389129119952,0.04499255833087372,0.07602569099988479,0.03583807750933956,0.06394623914994431,0.11527249086056768,0.1488768707131807,0.2273857136854867,0.21147760943168487,0.26722094971800375,0.29100511064474005,0.349360776305878,0.4067189369636039,0.3300555490149296,0.3350021567498528,0.07488767356280777,0.055833728676039945,0.14643255304371106,0.050026149536994344,0.11790676513444094,0.17172682174399442,0.3504504711403042,0.22838573436389978,0.08041176624948096,0.053784612520836085,0.035988095030848516,0.052187419878882056,0.03567056887188222,0.04347732170974588,0.024321850506218864,0.07609592326002758,0.018024923884012826,0.015070438360949668,0.02565094545494818,0.06181025547095019,0.06423886773300647,0.01845184413912298,0.021342571378084155,0.014629329696987289,0.021401870382135712,0.07899270095454496,0.025962945003505926,0.016779979812265186,0.026645517791614046,0.03824252080030981,0.16844714787598858,0.13517232842182622,0.16799899852279532,0.09923674650278758,0.20328085695777895,0.5885518656450069,0.4285742095671952,0.6351271299198634,0.6219860506606202,0.9103788931657726,0.5894483181935999,0.7881434434192536,0.9323162967865439,0.9910266345921669,0.9026223961175387,0.6323833403304833,0.8700933955451011
6.499999999999943,0.3612657340351649,0.46254808920115187,0.5880980900556602,0.6369972791962377,0.7148962922891161,0.7070748596136373,0.7157740685534005,0.7964466207413464,0.9321206765355844,0.8256263312179025,0.5664500696651037,0.7949522629309248,0.7149148031020002,0.6427219281203547,0.9051585516251586,0.7772276070875823,0.6962780040301365,0.7280100722436786,0.2761293066326702,0.21324939479119345,0.2602974323869223,0.11714166119174539,0.08112890045383306,0.05268459875143752,0.01648030250377706,0.0298991885893317,0.07992753130987097,0.12011551766835638,0.3561681092822825,0.32587614282824967,0.47494169056961105,0.22532859775899325,0.13721464222227703,0.14886671381004998,0.11285516294455945,0.2102923227836625,0.1437656231733467,0.11162956622150891,0.07060689627883106,0.12237764513493903,0.2937192523556667,0.13991280145073232,0.17385526945154017,0.2101770739232793,0.09647548906862746,0.14085945185730134,0.09454366872328664,0.09300623042915657,0.09485650696950688,0.0738917481673588,0.12862845166594494,0.07026097867902334,0.18717813466440744,0.4149628891313668,0.2934793861780067,0.1559622465592576,0.14688202484309296,0.11542761191293271,0.08308418065958985,0.11897534410425295,0.1020964535847738,0.2298085995974009,0.10868189748812042,0.010395109642320736,0.04320520673733884,0.02903537767851981,0.024897505385271176,0.012890896750961136,0.011196597109809091,0.0451992839233685,0.016080747325392098,0.027281454241832277,0.0062911058625921236,0.05440215958908425,0.08206346780784465,0.07736696939035251,0.12034455489327096,0.1266839891147888,0.1885227933192411,0.15732030563875646,0.16126992421118383,0.1462935761521433,0.07620425647342483,0.1902564100782356,0.2304269016409351,0.13854806654756338,0.08736789115729689,0.06044181222061801,0.03326948343679118,0.012469615551728904,0.016411983103969654,0.031176908220392915,0.13583492338167122,0.026705059945085537,0.2276195387007685,0.13347066116446693,0.11581742962013267,0.11843162728559611,0.28023938911204627,0.43547011271726155,0.1877367736354284,0.46496295227520856,0.6645844148293777,0.5946960751137605,0.2719736920370426,0.33534834792948603,0.1418083834158202,0.11055535313844801,0.14871483359161763,0.13933987063336917,0.1330919534904614,0.16716652585201786,0.1007660274750323,0.055890540635517245,0.04052476960732061,0.03473358713604157,0.05676787341020918,0.06291917309780813,0.04763544152253574,0.06893747485833726,0.1283698000743021,0.1615241203482288,0.16734154399662304,0.1427794328345942,0.2154815953693709,0.23394928010337612,0.487288860341074,0.38905861936919944,0.4377062264342248,0.54834014348956,0.694610899348802,0.8599723448589559,0.717224415012702,0.4746791128680126,0.24992198964872123,0.1013702344045763,0.04312906638354372,0.03328564079280932,0.026057797378256115,0.007327228654587634,0.0027819419383499264,0.001727451828157992,0.004205048935632716,0.014157777050934716,0.0008656091727376885,0.0015249742725044109,0.0018963546531799444,0.00021171698494802017,0.00020594987584689276,0.00014342113405112724,1.971055574404946e-05,9.505708297003444e-06,1.7834173410618803e-07,3.974227801115965e-08,6.665194872288608e-10,2.71798241585012e-14,1.0159705819057728e-17,2.228519535869578e-22,1.4662677433905867e-26,3.713754829572057e-34,1.3433949739548971e-45,3.455328135048548e-57,2.2876073916408803e-66,1.5775566907008745e-85,5.327967082372353e-122,0.0,4.6112281430931744e-129,1.8062046975442552e-91,1.3615815692366726e-70,1.548672546599427e-53,4.0915396814933995e-43,6.08368047525387e-35,1.7682852384261644e-31,8.088986707752507e-27,5.97482171225932e-25,5.471702146046095e-22,1.935945482928915e-18,2.131636522864e-13,1.1429493272735918e-11,1.7944675548768604e-08,5.846361378907535e-06,7.531217893696107e-05,0.002450503948588539,0.009119943239193726,0.03385788107515446,0.09824423430751034,0.10868091585751016,0.13232564444605283,0.12235721018112458,0.2905777530296145,0.19490843596629398,0.31586450189019916,0.34761589521118375,0.4354249022342312,0.6804595817153245,0.6911484826429212,0.8742703989788461,0.7221531628979554,0.35082131259360955,0.3569221812456799,0.4505879340367877,0.3834264805837259,0.6727905700660599,0.6199856501562534,0.748807669699001,0.5133867295127538,0.18410389002472993,0.13276740150052865,0.0753666615939455,0.07197989980082346,0.04791720000275644,0.010111408200797277,0.0024899176718976962,0.0004120529605195238,0.00039684424559123944,0.00020212589837692387,1.9262085355789873e-05,3.395076704091998e-05,2.253917880303692e-05,4.045438206306348e-05,0.00014910288892021803,0.0003051488120745995,0.0003999552625523245,0.000573768103988271,0.0013004991756063301,0.00823846490053191,0.008371560042132922,0.02346815897890151,0.018845667240783116,0.028274438032338776,0.07493785497061237,0.06351441037155843,0.04581683763172423,0.012432983598539431,0.014124354459524995,0.03679869197354735,0.029149014993052856,0.04207573181591916,0.030449626950515674,0.08076012757368282,0.1518058179117146,0.09213088482214861,0.1504414401691597,0.23863901939036591,0.32925612728861225,0.4016435264244525,0.3762894716235799,0.475156372509869,0.4140889916738412,0.5691848444113816,0.5832352492409473,0.5025088449573984,0.5201283476966356,0.1356957788919117,0.11524579350590897,0.2185214256172655,0.06532642276488777,0.096408634679401,0.1323871717830387,0.3127132016345533,0.21022590237960448,0.07971861107615924,0.06968189572749428,0.06316160225140732,0.08037973943115494,0.07711660700026407,0.06870412250743718,0.0520953936844185,0.20237664858929902,0.04539541572301142,0.035458871287680514,0.06071520031468813,0.09540837152904615,0.1212708905008901,0.029646072852554276,0.02973994809674645,0.013878974214058972,0.026769016297548884,0.09950780369056944,0.033128742464204344,0.027924972894329395,0.03020380387037357,0.04592577448753665,0.1698967933381755,0.11302152929622684,0.15960261401663786,0.10559681029224005,0.26398911789685614,0.789024272707969,0.6114673048655273,0.8417731484695732,0.8981604332754993,0.8949469327365693,0.4111312985208463,0.614749189157505,0.721572515651096,0.7365061082150975,0.581071252635103,0.3289653021641463,0.7504588565480214
6.599999999999941,0.21158851011908,0.31060013252251617,0.390160867860733,0.4705774583301151,0.532700734063776,0.5715886105579951,0.641295945017134,0.6798025421134731,0.8279792620676467,0.95981449342269,0.7149387463959127,0.8299583856234357,0.6928269130070706,0.6536931934532955,0.9328552960542135,0.804840673467562,0.7076171428196268,0.7193993272171788,0.24885340094321692,0.1862882071207626,0.1881099181337185,0.09663406143758445,0.08003910140099117,0.04154442203033912,0.010064990294016465,0.013911444706460642,0.034219471319044424,0.04646802640539573,0.13156785543569685,0.14237821942384934,0.169096362167432,0.06921194635732264,0.03558160638483147,0.05573180902715916,0.041327828075450004,0.06555452890184381,0.05860396673042761,0.04568079358643283,0.031853070103858204,0.0645365257918266,0.1893397436172951,0.10345375456853395,0.12673840134135472,0.12906885248674507,0.06707223172949724,0.07467951813425094,0.04527916348846653,0.04028409880392735,0.04096068075141238,0.02370138259084572,0.042334273091985765,0.023463130283994642,0.0863194534488997,0.20583082660038204,0.15734305609889868,0.06790236338816612,0.06568634010349941,0.03310381367921561,0.01634438343631904,0.028194932150219794,0.027975508086475847,0.11001577487846889,0.06333599412632973,0.004178921991038566,0.021993214986671516,0.011229346330125534,0.007562589569859146,0.002986565336952421,0.0027028266353579748,0.01606312385810716,0.0041816756294391815,0.009425078738944359,0.0015096469054646385,0.01380339421138153,0.019302558909204338,0.01870525551438197,0.03406058836115957,0.03195991084970389,0.05911265275860037,0.041635880083724715,0.04210582655251711,0.04349696118523981,0.017581252958510176,0.06733361289665153,0.11410587758111478,0.07524400758542271,0.05002519431173244,0.04449078350850594,0.03682913688989275,0.022198379476789,0.03328362238311291,0.04455937711857829,0.15095485551560736,0.036466956558387546,0.2089208236065599,0.15100882807811153,0.16856019746582002,0.13488139484088246,0.24703289917108787,0.3754458668735949,0.08113861805189443,0.15905154361935867,0.22361708486118786,0.16403426149371975,0.0479400545046239,0.07904923018832627,0.025242083267373754,0.01932692935493272,0.02438536990850671,0.02353535159829392,0.017126432814810803,0.021215360447656997,0.00801627381224321,0.0038600818532610933,0.0021846849070509995,0.0016810875841986113,0.0031031310449893706,0.003926948982826364,0.00244777271736625,0.004692351224246994,0.013708325933954438,0.018318482225742994,0.0197826014920136,0.01620978007298469,0.040849990894407495,0.0499011188120505,0.13296130172609874,0.10661880291396013,0.1514824384271915,0.22017922282666394,0.2618807031951837,0.5200396367847563,0.629710577800271,0.888086896394669,0.7825902942456928,0.49878536498898624,0.2919621110289716,0.23642559766210922,0.20138762248515174,0.07198207470002856,0.029672974116918348,0.014175940414882541,0.024285002835999426,0.06766361365755895,0.004439761809529278,0.005219051573248797,0.008003586841912255,0.0009538937967218938,0.001083407794982725,0.0011031178230273744,9.497108656475105e-05,3.508445210366e-05,6.586615308930133e-07,1.6568296163087552e-07,2.666107007950813e-09,2.4052120956783755e-13,1.4929801843466936e-16,1.0708871531718785e-19,7.985979816548178e-23,9.632137031036124e-29,7.401891814562465e-38,3.1813171345671447e-46,8.466477665539241e-54,3.554227572767669e-64,3.005936608914415e-88,4.6112281430931744e-129,0.0,5.9051800346757e-139,6.485435447438746e-102,1.826254565544932e-74,4.826381661304864e-61,1.7391680299030535e-49,1.0137703353487087e-42,9.015129189074712e-37,4.9060865058269965e-34,7.146422077835419e-28,1.1505792165237795e-24,1.66901083746986e-18,2.7755255730282794e-16,5.083390673514039e-12,4.542861316580813e-08,4.5100023298069257e-07,3.9656781299766536e-05,0.00041601961200326057,0.003918909898317337,0.031163291464977674,0.029999908235181855,0.02621674176194627,0.027499299191221058,0.07723490038183778,0.06384877941923298,0.088412706250297,0.09027354672638428,0.10817192490122156,0.2908177664920276,0.2943361189374626,0.6123857367186625,0.7773427111353662,0.8647600446482259,0.8891013812694004,0.9013965492300147,0.8855320395143067,0.7068964876777781,0.8006745718000805,0.6431889612473695,0.7417570829582212,0.5672177075449886,0.44653177121662135,0.2732227073018416,0.21959400178331373,0.19141014036294826,0.0464698096358195,0.013507135690750913,0.002661179355312839,0.0025356069866423895,0.0009385906709901233,0.00013134869199490576,0.0001561731624495251,8.634885113752196e-05,9.914562487213905e-05,0.0003173266970926739,0.0005984762749217389,0.0006220082202211224,0.0008355843388013292,0.0011006065785516817,0.008976109153884288,0.015583439698213701,0.03298599840777495,0.02379560176049388,0.028283046706594223,0.08511361064169462,0.10068594115112373,0.09356150880539953,0.03144974690918019,0.043098985386969414,0.11955702684928496,0.10570459519205813,0.1409964320346156,0.10010931366399885,0.21370902500044336,0.4571735204315543,0.3994205015919209,0.5300680346107239,0.7065472306697393,0.836783410499591,0.8249028072088052,0.7892967498908359,0.8521191229994015,0.750303558463606,0.8536784179543169,0.8169301511599201,0.7579062275107719,0.7784816972284816,0.25057675192205403,0.2978816231004174,0.45705918307786875,0.15979609326535146,0.22494386040700123,0.23693017368535482,0.4732234229824973,0.34512038513024473,0.15017894658098985,0.14703647944800402,0.1641674626878916,0.17625404757495797,0.1771474934025146,0.1590615345067854,0.11064983904945937,0.40156885199238773,0.06156547817593504,0.05784100819790652,0.0818702014149996,0.12087164755020378,0.24963397208864707,0.04394724127832237,0.05384093923061249,0.02612245263967802,0.0331753854570676,0.1790417555822085,0.06613730966659354,0.08959369968961457,0.09907621863895008,0.17484721966767422,0.5479283310561717,0.3323657529490062,0.37291982892554176,0.24176503182966924,0.48355507248610113,0.8151954514181695,0.7620025592805653,0.8285488864487764,0.9066251691110438,0.6406178148123025,0.2154278586616492,0.5182653330563372,0.645554620596276,0.8015317068125479,0.6695034531514074,0.35100905412704975,0.910390376097247
6.699999999999939,0.11625681081076814,0.21074036363864837,0.3103732987448803,0.4091893004473702,0.501932500679276,0.7018478914158728,0.9087954334532843,0.9844439800682676,0.8584420181916135,0.7093151371345521,0.5744138204836232,0.5424711005659449,0.42777391898414846,0.41368901302918554,0.6379718948026502,0.6031927110667606,0.5467287402980501,0.5503953800225119,0.15655312622852294,0.10653859185670438,0.11689650048496023,0.09208816538731769,0.08569219958959357,0.05715122523318752,0.015257827808386363,0.023816972996011525,0.06455725432313418,0.08238807750595759,0.14440469463724626,0.1886586275214367,0.20163660591882906,0.09380280008506033,0.0500765231344076,0.07631611376722107,0.06601054219760205,0.06329846972290389,0.09389427108372429,0.05619723112485828,0.03850634803300255,0.07192867985858363,0.22564912082905975,0.14413537448311362,0.13467029776236156,0.134646322054792,0.07019075268105748,0.08080856205625021,0.04015763589383568,0.03386899024810656,0.04388383375790916,0.022206543020507518,0.04263727006612482,0.029224379409527816,0.08526962062133325,0.22698290636885388,0.1562941935669559,0.05661552735295727,0.05365181700560394,0.03981376941078621,0.01870712935568542,0.031191015432417327,0.026791716041217863,0.1187245406522101,0.09895477730047714,0.005884640575297945,0.025990017865147794,0.013700586953263184,0.010841913455147954,0.007326712872241293,0.007652771659840138,0.03490195646798287,0.007855045164693675,0.01657967440845278,0.0035381943492342814,0.030187860770390533,0.04705615791818949,0.03565958021484695,0.0608475220183804,0.046327055057973375,0.05966951051698905,0.03385651370136087,0.02999353124966144,0.026597174655874325,0.0054561574905145575,0.02627687003842363,0.050755039989061966,0.03923285141450729,0.020037194075112494,0.030430021782375704,0.03240809665378309,0.019611157073854777,0.025371175473738173,0.0347994348805254,0.09914994417207634,0.016962500005053328,0.11042390119067687,0.08163969786489549,0.11951729861174827,0.10557913118227483,0.21594014583428023,0.34188152825795004,0.056253290841393924,0.10305013861786157,0.15189626782121926,0.1236151537127316,0.040787545252685825,0.0838417665991957,0.025604798942713235,0.01697232503249478,0.012586055999934728,0.015362137106357166,0.010977694502204375,0.018460938917952894,0.007410274029087256,0.005056146996549436,0.002287519736195923,0.001917478278543956,0.0049783959184084535,0.00719283473298409,0.003981813045668704,0.007455685665828583,0.022548603470415627,0.02823175355073351,0.022163531504971724,0.02717697481472277,0.057117860506871926,0.05082853780888633,0.11989246597833546,0.09576757817308955,0.10945771779804182,0.13019350182265482,0.15316172123310273,0.2911453261073181,0.3892660313435664,0.5264481775443245,0.779906112133269,0.9019499618931964,0.7077335597216504,0.597993576780053,0.5777490757534892,0.2688679355983407,0.1652960804690248,0.08044266515776974,0.09462330207434136,0.19301501464783627,0.017964641716619524,0.018125709575136723,0.028170737329500244,0.004398007221791718,0.004732513494547565,0.0036625160037047663,0.0004761202934882642,0.00017171222703276544,5.333787661927268e-06,2.263936750343722e-06,4.8511646213605315e-08,4.588740386632854e-11,1.709883040717739e-13,1.1739602213999047e-15,2.9728343037164564e-18,2.1032806474456586e-23,2.237812930883916e-30,2.820704094509786e-36,4.201227701511224e-43,1.5485679285807196e-50,6.135783879236923e-68,1.8062046975442552e-91,5.9051800346757e-139,0.0,1.5933832099573042e-135,1.4566889453507704e-93,2.478439646026105e-75,2.0561655171723474e-59,9.479235519197154e-50,1.6715138963572184e-42,4.179830870255073e-39,6.855400443879515e-31,3.60314078580532e-27,7.26527551264106e-20,5.405198000714896e-18,1.1354674603846652e-13,1.901639044261996e-09,3.6119763349852184e-08,3.72809809807082e-06,6.908687379637809e-05,0.0008319932009268361,0.007696197056596413,0.0066098474297669445,0.005412335815537693,0.008070026160334275,0.023778054281028183,0.02248147184340442,0.028310815523354516,0.02997275966384713,0.04416048091333287,0.16130670213133558,0.21872868638265128,0.4468141652378202,0.5859917435971449,0.9452636291407267,0.8470417386314513,0.6236949049630507,0.7503616630772889,0.3636945565646643,0.4054481036035583,0.29600402991385905,0.41771651871488313,0.9363860729067659,0.7964001385849281,0.5453742011230588,0.42719715162681504,0.4227166925491961,0.18584329438153357,0.07042167761619313,0.019375892771354705,0.019377199594345456,0.007641456139078245,0.0010590401196920016,0.001428553297981931,0.0008269604345842444,0.0007710012046591416,0.001482874321530082,0.002290941205601624,0.0022170598255348206,0.002850385290294821,0.0027874239518148425,0.019209622643115133,0.04412289333773645,0.0852178607119023,0.06035436846849775,0.04776763533456646,0.13210655249537281,0.16164082564548576,0.14230444518986626,0.0608423479776748,0.086023137467478,0.1737392091172307,0.1665391888702315,0.20601176056800258,0.14278752688366114,0.2508163892178103,0.59198587940606,0.5491990350633915,0.6518427748309896,0.8411769743669624,0.9786847895287383,0.8739603194574166,0.8056918753500044,0.837820419812907,0.635371604003471,0.6683051568234525,0.605109292349478,0.5182219921768714,0.5411248338721971,0.1900125850634166,0.3259485434200416,0.5480416090934922,0.23257269998118302,0.2910382150319248,0.2762131000023257,0.5449234608605068,0.3918487539458073,0.18812696989540229,0.18716634859785417,0.2523327866632572,0.23570348197444504,0.22876872390879802,0.20768337814827942,0.09012779257274091,0.4031304585203873,0.03898005408284054,0.035944403739970196,0.042749276294130514,0.055171227241186664,0.18281079831934183,0.019977828720435215,0.024482848763585537,0.009604013250640732,0.011828410240613697,0.10277343769853804,0.04132450845115946,0.0685898112515281,0.07562479866030788,0.14995205854524685,0.5059131110669775,0.2532095384396335,0.2711451338342933,0.18524486803378623,0.34474391861179177,0.9889049660059538,0.45846881186304583,0.8275660380592923,0.6788544616287334,0.9988249985869169,0.4145776603280735,0.8906552750460256,0.9918823899221015,0.8547778374489424,0.9636211069923806,0.566502880260792,0.8024887597015226
6.79999999999994,0.15595822688125857,0.274339939919051,0.43182537068230015,0.4919118060941197,0.6450074525344628,0.9991730482973855,0.874403340365259,0.7353097806062467,0.842184445313187,0.6258572452326693,0.5260663257148596,0.442561823649465,0.3257289124125634,0.472513982260618,0.5620781485059363,0.5875573839027529,0.5029846705913245,0.5484724732891981,0.20150722845231392,0.13781891092207035,0.17250713359216457,0.15789729467329724,0.15789664795766603,0.10418469447751298,0.028814110742626384,0.039183786913811885,0.10885304373994655,0.14122702552518024,0.22061731576803634,0.27339995242662346,0.3528951520491595,0.18134173809838633,0.12071972592974206,0.15961870177745277,0.1459124293057765,0.12736663132329235,0.1633695606171836,0.1297882297540237,0.09720004651750855,0.15129115302933815,0.4358829275385188,0.24174560270207007,0.19097651999825427,0.21560937506076616,0.11744165133066607,0.1280381778970885,0.05783859273374792,0.04756269117348503,0.060639939336932146,0.025877374732786663,0.036943223214464777,0.027913945780544267,0.0704574856853883,0.14386826576339265,0.14772809247767515,0.052937628333973884,0.039262784228045744,0.028611651839767514,0.011206699331086591,0.015297961911036368,0.016519012921312217,0.08050441854035345,0.06559322119668828,0.002958630772983914,0.01930897109685707,0.0106998126172044,0.008243160433357303,0.004695912118141838,0.004923222286677197,0.020870476170439183,0.0036821330566327165,0.00801121443633507,0.0016893984627843691,0.013809331942593551,0.03428932872607339,0.027543902530039896,0.055666926959188096,0.04138193078547106,0.03534175667608163,0.020104224611775117,0.018439984279918453,0.019227895638022817,0.0028657326636751888,0.023192453166582472,0.03215902564181405,0.02929867572440662,0.01594213855080727,0.024669261456062026,0.02694773593868859,0.014936219301889533,0.021287892941852883,0.019566931258391766,0.06763771135339763,0.012137188852357102,0.052501696990602253,0.056277416671472305,0.09864477828867722,0.07520831957221794,0.13459774046957104,0.18015615187521586,0.0282864077615296,0.04171548784853918,0.07535039674839017,0.09408740583987397,0.026189650451542763,0.08903882508812884,0.028480255035642228,0.01858497236238014,0.020055759055347677,0.019741816215722022,0.016511436494268623,0.028165291431943358,0.00893884356393363,0.011096640202282878,0.0053272628160496065,0.004730537648715433,0.01019729584600748,0.011365344687969953,0.00858117499999001,0.016301555021712957,0.05612842573914957,0.05051035177002814,0.03765868345553256,0.0555111898479342,0.07946909583435487,0.06684496614626707,0.10550004670264777,0.07836317228989466,0.08165455902388108,0.09571973752896497,0.12482522759359595,0.18907252753225393,0.30191885625253795,0.4813220182432364,0.7384977999187617,0.8803241151155762,0.8143629658959334,0.6760106841380602,0.6515413537970958,0.35932474644358015,0.21778426153554592,0.13221682914839916,0.13617355086728553,0.23631759933693802,0.03360896321023228,0.03455645347595362,0.047595915081202214,0.010846324707736742,0.008900653189986358,0.012749840614343555,0.003759151964588762,0.0017116856616396056,9.289054751023478e-05,2.175065396499538e-05,1.8485842444656803e-06,3.751326592430496e-09,2.5760687343190637e-11,2.4564330758852933e-13,9.395938873905884e-16,1.0279516650920997e-19,1.1586265988081522e-24,1.338734959052353e-29,9.768346568048557e-37,3.577604366193174e-44,8.492202544686897e-55,1.3615815692366726e-70,6.485435447438746e-102,1.5933832099573042e-135,0.0,7.413116488771438e-133,1.414139130506299e-99,1.543160190897701e-79,5.996277061427496e-63,1.0284733336846172e-51,8.608016637659924e-49,1.1814972746983917e-37,5.610031669330998e-32,4.5596505076466245e-24,4.8242690414401387e-20,7.256296038570924e-16,1.6809231335292756e-11,3.222742701304663e-09,3.9457124981356143e-07,1.0296800625829754e-05,0.00019102724151148407,0.001819179081543103,0.0030547906946698125,0.002651290861565022,0.004130744340091716,0.021044435669559103,0.018568639444221515,0.032192162933994586,0.029677684190543167,0.03918404911963905,0.15823806181963856,0.24453077848909635,0.4582968445615851,0.5120953457196965,0.8530742483564377,0.6787636808330578,0.5320869006426489,0.519147149364997,0.18273065223728702,0.20354225319157138,0.1557013382612714,0.29825744643051383,0.8571105785810685,0.9811461822857108,0.745083896540575,0.6377953778442479,0.626606236600617,0.2939823826239098,0.10028603042036344,0.038251578552155045,0.04468132744900691,0.022200575201501076,0.002552532335928189,0.005436001091965573,0.002138518401606513,0.0022639976735469728,0.0034584564246288507,0.002175263203603097,0.002281670506498444,0.0028034419724865443,0.0024322386394041865,0.01755603966964857,0.04384239176532657,0.09295072162763689,0.06671348292608155,0.07264547735554681,0.17254028275918973,0.1924705621508874,0.1455742006134291,0.06966419370373132,0.08524193267037089,0.17618606712623303,0.1687107182225614,0.20902600914445482,0.14812633433954406,0.2765355552325208,0.5711118251829651,0.6240304954400873,0.7486821023161446,0.9536817613794154,0.8438408728130742,0.917360861236222,0.8619941577349247,0.9097485568690279,0.6934054205666467,0.7027881643613683,0.5847808388419933,0.5700881905983024,0.6343505522687202,0.26352630565740215,0.41476123664756037,0.7164828405535161,0.41465213985366417,0.49673308524988047,0.4570134910480258,0.8589495427165895,0.8148783968924596,0.40995216986892774,0.3903009502642538,0.49463885490050913,0.48012150450417546,0.4509733522216109,0.2947690204570807,0.0862071531014267,0.35535989416762465,0.0230058530262607,0.02539213494992241,0.02640067805345761,0.03466405275940478,0.1446356975248992,0.008514555942861645,0.00835125018821886,0.0022380539751703085,0.0024114109409990115,0.029674185077308787,0.009362476859496451,0.02707347945092418,0.024605249174350148,0.05428445490563648,0.2581496871877079,0.09017520931453683,0.09437711559985365,0.06840781244777415,0.16680249092128194,0.6964306629585885,0.2711666674943317,0.5844328172323178,0.41949069498286895,0.6596799857260562,0.6532394524611224,0.8521552469911647,0.7991329172719103,0.7345373496922628,0.7980282754150878,0.8046315425551536,0.5903615666806421
6.899999999999942,0.08703255113638879,0.14834931684339187,0.24663700147473602,0.2923969295986971,0.4301509709728015,0.8142561607702861,0.9629537119989032,0.918461227738654,0.9427763069227697,0.8597506816378159,0.6803739491814057,0.5733477237876072,0.4190317693393325,0.452567762423041,0.6416992387005986,0.6700636455204724,0.6916558502079028,0.7415399171966216,0.26081198253903776,0.2061345790028718,0.31693607739777496,0.2915857606516275,0.24167869423812188,0.17468578808307347,0.05915258084719134,0.0764493239675176,0.1660738942255605,0.23377980247405208,0.33151915853103586,0.46619592117076114,0.5879937095878651,0.3244926958539196,0.2163234455960051,0.3299071497227305,0.3119052222621448,0.23473895085049967,0.2630453415440652,0.19029684081898773,0.15799389519544504,0.17341651091302876,0.45743492691596643,0.22926661459008102,0.1622235852825652,0.10085827388020051,0.06214748797267866,0.064220320040788,0.019094679377545703,0.013307287874704815,0.012255318712728728,0.007232399897010511,0.010442277168789958,0.008101793476857359,0.015630878686306762,0.048399071443164125,0.04328684893283065,0.016176492243415816,0.00832660290245539,0.005712501433371778,0.0025709080366248674,0.0022552148764853567,0.0030366670749747116,0.015297738936084325,0.01117633590099909,0.0005894976533475931,0.004279387584493229,0.0037803279349593925,0.003555895465383276,0.002582555014970177,0.003886700409436087,0.013667477514305372,0.0040451579505482995,0.009024421651331526,0.0028110795777186834,0.02758500428284209,0.05685454906551714,0.050465801510307856,0.07140846216613542,0.03865780869697081,0.0378944652846412,0.016090670555344706,0.017312874940492495,0.02067913445297089,0.0021798118277566256,0.012318084747864111,0.0254329497104528,0.01885662010919937,0.01546934911750762,0.0283663711992077,0.03685649977251472,0.016862534509152795,0.017796983446938554,0.01601239725618798,0.046884737814547404,0.006880851664678319,0.035399174913859015,0.05177393842534099,0.1339208625795704,0.1257545785710562,0.19669318782792305,0.21581580359565994,0.042997648848794354,0.049560844718964436,0.08359800539969471,0.10194852296814796,0.03837763758509412,0.14010127478234144,0.046561070106505405,0.029781890759058186,0.020917978356222198,0.031166502733247347,0.025475732620954705,0.03494864584544297,0.013296390435309861,0.013944251553299508,0.007630520650822029,0.007953419609340399,0.012534982926969333,0.013217515075132576,0.007113731067528241,0.0142168447055451,0.06610015877015281,0.04810692295874103,0.02474821339010871,0.037838713670843245,0.051724953165992814,0.04697314356964967,0.0393268646685488,0.019257014286463627,0.012006765791146746,0.013894924497791526,0.02186688378362242,0.02431999122417193,0.06747828368968531,0.1297037141401612,0.23392460791537528,0.4714631099437772,0.5981609615143582,0.7883282992849514,0.8103041503952244,0.7662383368987358,0.5856178230189231,0.48597708042656995,0.5332061771741691,0.8612198165446266,0.2450752152455046,0.30784883784100275,0.32363357808444104,0.15268677719213158,0.1368850267792235,0.11957214663048268,0.05895315578192592,0.021007325981807427,0.002559102628048589,0.0012779224844297913,8.759450213713323e-05,5.096607332291774e-07,6.226657788908212e-09,1.7959926423873549e-10,3.944363332062746e-12,5.030502458131259e-15,8.573796802880561e-18,4.187842771435971e-22,2.052709908923808e-27,2.352880608296922e-33,1.4455873026038064e-41,1.548672546599427e-53,1.826254565544932e-74,1.4566889453507704e-93,7.413116488771438e-133,0.0,8.540414883475967e-144,7.791396889985317e-110,1.2031685274258247e-82,1.4630158656124018e-68,3.288489977499247e-58,2.031321073505844e-42,4.573626245345755e-36,8.304019342511516e-27,1.500256111318369e-23,9.758373586920838e-18,3.1952609647834506e-13,9.529833742050868e-11,1.7574481832927844e-08,3.2681395243712235e-07,9.227759042643905e-06,9.495730293458703e-05,0.0002475619534911376,0.0003145967888761236,0.0014592798545983538,0.0073061449376070455,0.0071916165733857396,0.019904919610882192,0.01745680375924826,0.023239445647435318,0.10131427524255138,0.20429829234159103,0.3231094518683706,0.4088064463777294,0.7549665268455652,0.6091161499737677,0.45966797673063126,0.47045648268066764,0.1793353260724137,0.1687166578466678,0.1226860127286339,0.24754672192271632,0.7868539993386365,0.976056490911043,0.6733783309624896,0.48183238193610284,0.4447384447112844,0.2752728394224488,0.09476818804725262,0.03983357957464603,0.05008803720926484,0.0307058424128051,0.004533276624565855,0.010389677689641465,0.004928783335494835,0.005476661815080229,0.008393388506918382,0.005292073457209395,0.004424732252918367,0.004759435410615013,0.005036338688137231,0.024298879652535157,0.06023194165042885,0.11469791834842279,0.08884097287262738,0.10481098352777142,0.23685347124293712,0.29147872008308706,0.21114360603504406,0.11637633135195453,0.11041329707932,0.22104548730180332,0.2245365199844464,0.25748641251702314,0.21551680722973407,0.3181081327920561,0.7516460004063713,0.8864233546465486,0.9437138872989709,0.6975869485456365,0.5794068620460374,0.8993246073138192,0.9047133197838736,0.8635021389905224,0.8647552869620913,0.9720840293188228,0.8790148646252511,0.8076817684868597,0.9568608677358841,0.5796611787925593,0.8001982160765408,0.8216362607044724,0.9933035002854531,0.8656654309339518,0.9919584599130797,0.5866660768276593,0.7145059309225393,0.8369313065985945,0.7642271705232879,0.7993290889093597,0.6740970978437132,0.6500615148098081,0.386942126346505,0.09806098424719438,0.41660058897574775,0.029878652666270506,0.0327421986486365,0.024039459963318074,0.024295999242207097,0.138427579329931,0.0065941475041224355,0.012971419936839798,0.005013599233892792,0.0049922945483245156,0.06946581092910364,0.021976377968776127,0.053108441088169756,0.06174217631547778,0.13038114777602655,0.554222229379627,0.2025416533172696,0.19198018745765671,0.14532946077661407,0.24035250216733137,0.9025969771354228,0.44085601955659737,0.6895345566487818,0.6207088514220762,0.9739030025324293,0.4355909947762607,0.8847284743293059,0.9138745507363643,0.9612338826256365,0.9886382708205314,0.6516444279895408,0.734018447481472
6.99999999999994,0.04892500175762142,0.09228246682262803,0.15688362773444842,0.17776547688431438,0.27314203498183304,0.6409085985648231,0.7380316253134818,0.8084646095374627,0.7379334945856346,0.8033470577560973,0.9562353710778947,0.7774792945430761,0.5333483827620742,0.5816674300117626,0.7731452840729781,0.7419238673440586,0.8015508935808305,0.7830386395862136,0.27382157468075646,0.23242106397533746,0.3542902201010495,0.3526068131119623,0.3146608631533558,0.2419493619797518,0.09392836274732834,0.10657005665231602,0.2566506672124032,0.36460672484041756,0.4589838304650713,0.6041213432994984,0.723377388080977,0.4023743436483047,0.22601240151931334,0.43562130517301667,0.36853862299461326,0.2977403072076307,0.31086910771331794,0.22162508948409007,0.19448682278694487,0.1930225881880702,0.510101264918067,0.24086138437517127,0.16552406177087012,0.09252857044478185,0.05291153400612298,0.05045779464992394,0.014096685434476777,0.007072258439678761,0.009273452570132071,0.0031041746532338753,0.005489776080733332,0.005308005477642275,0.01012953274249044,0.02781784629822028,0.0319303952154029,0.011080639840337617,0.007888991619049088,0.007524677760788133,0.0029930716623162465,0.0029952210982889297,0.0021510118756470947,0.012185345722245767,0.010907394826946377,0.00040088700574003,0.005833132058622988,0.005952919523506856,0.006953892620465555,0.005205011464182793,0.006976114901628124,0.030285830994359483,0.007896891441911616,0.021610329186934955,0.010682119104709165,0.06889697819856741,0.1503012872208222,0.11383055327661425,0.1507114469471318,0.07944492535768787,0.07397879015542295,0.034453500452388416,0.035753846513701275,0.037643344615449284,0.004029033496172565,0.02028099756320215,0.05099161971477114,0.04908521598252244,0.04989661837782691,0.09887868950153415,0.12600255322839057,0.05965175205358217,0.05578057838409066,0.04366202327419932,0.10033930096241296,0.019962359880059007,0.0673740680967199,0.07933717847881752,0.18671686357418651,0.17974232363311515,0.23030479005331822,0.25188681455668227,0.049837128486227504,0.05351595447899785,0.08435107978508832,0.09297386265692803,0.0424602195569279,0.13048819566236253,0.032591651690385484,0.022077296659714758,0.011932390400231724,0.015806555860668054,0.008177545046944259,0.011400793639298646,0.00362009059567966,0.004142061432014934,0.002996822251653933,0.0021426822975740395,0.0035722196611773175,0.003451332741209222,0.0013964444550824994,0.003303044077590536,0.022065611035105754,0.01817974467472235,0.007030021698016042,0.009698670723896238,0.02163571817985203,0.013980162964423955,0.010318717781764356,0.006224374889909169,0.003216485104724247,0.002495249880933,0.0035429051330347684,0.004805088452376726,0.01861839186290349,0.04889306822236824,0.08303664508836815,0.2023727036115099,0.3104628167882668,0.449436101137197,0.4344744485257275,0.8533738577593539,0.9928067190223413,0.8044820745259124,0.8418073123746355,0.9145276297359854,0.3835639922978477,0.3474947449416443,0.3675196287093757,0.19676802551997397,0.17103837122194812,0.1470376920257944,0.09110773274188558,0.03975782009659541,0.005808815413815093,0.004070909463216187,0.00032839185987646824,7.003983460535274e-06,1.665119435658138e-07,5.5196251635727075e-09,2.6390345193783427e-10,9.920691861776169e-13,3.759908041036286e-15,6.238978390087222e-18,3.3509422303260934e-23,4.517361603416677e-28,1.6771247696697562e-34,4.0915396814933995e-43,4.826381661304864e-61,2.478439646026105e-75,1.414139130506299e-99,8.540414883475967e-144,0.0,1.0279723288354663e-133,2.303558323646378e-96,2.873349507872923e-79,3.833883184971473e-65,2.8389721982251295e-48,1.03710667647322e-39,7.843647888993398e-30,4.415333014386292e-27,1.1364942513907639e-20,3.5795083851593607e-16,5.712471342697375e-13,2.259492556765721e-10,7.2250408830955624e-09,4.898419332646458e-07,1.2302242041052816e-05,4.4868528810298696e-05,6.942554653192178e-05,0.0003665570084012729,0.002310802824583637,0.0026402103181170002,0.008963611914251405,0.007249012398360904,0.011175927516155133,0.060876501295208475,0.145387989210125,0.2673054320406532,0.3637380456273013,0.758622265506863,0.5760857905141984,0.528331122847141,0.5431752918705333,0.24031639215311795,0.22665634201660334,0.14055338123010214,0.2665811189392123,0.7768785936907834,0.9833969800224469,0.6716949363651499,0.49890794709742403,0.5055671157978446,0.3273490800842965,0.14879109931860052,0.0812944599215986,0.10632672942659335,0.07711965899791554,0.013785874524227465,0.019728540425324077,0.008810350653936214,0.009348414065099736,0.012410179093135671,0.006741282934449643,0.005015655301015112,0.0054067808868816505,0.0067889399204663645,0.028434934658645942,0.05954403604179241,0.09536322907308348,0.06646303875760226,0.07381689375535586,0.18946143572196725,0.212322085024129,0.13990240327413997,0.06987093656582631,0.06350059127788742,0.15729228713910004,0.1497669424251539,0.18299351930118188,0.15906549871466075,0.23703884216807852,0.594192708799672,0.7615878020804673,0.9671969982071431,0.8422510747896974,0.7405791429433898,0.9502509113929394,0.9766734217210239,0.9651841253532807,0.7702642135092481,0.9804016952047557,0.851640156961529,0.6952649545305402,0.8084669501045388,0.4127832809201691,0.6242756900789657,0.9746942064202562,0.8941798256805068,0.9278819216149742,0.8332585672946651,0.7326911112156239,0.9220535594091042,0.6119550014886613,0.6214659183557839,0.6899864201731318,0.5462846957246549,0.5109768355630095,0.2765631832488484,0.06384414853898504,0.3278922660593358,0.019827035212412216,0.025695733392386438,0.014879917446867204,0.01073346773648417,0.08232513451859269,0.0037082789575079225,0.011992143629054543,0.004950328188526223,0.0050016483929035994,0.07181169302819954,0.025557880385262466,0.06843645412760527,0.08112263109556506,0.15305797905603594,0.5973045869017167,0.21468903205892886,0.19139810447592476,0.17640948232846024,0.2762041558280851,0.9478826602467663,0.4743282639047872,0.8019968453036839,0.735044711287603,0.8266494986506192,0.25471403184429936,0.6410022158038198,0.7509116860387167,0.9137539511178464,0.8191175139040571,0.46489187949023697,0.9548656509257647
7.0999999999999375,0.08975397399450516,0.19305516713039855,0.3183022567324765,0.4083888876068718,0.6918667049790623,0.7546280837367957,0.6332161934009695,0.5508966883012402,0.6073543496930623,0.49163600098698446,0.3347090991534384,0.23296577727873274,0.12953047713405724,0.197221547225581,0.33014741511756956,0.3081779284939014,0.27697594574203294,0.2722639818951179,0.07345503056209221,0.047417470934669734,0.08869416892586975,0.09921721648622121,0.101393976443125,0.11841541396506133,0.04234626150839195,0.071014434422815,0.16339650416897014,0.22917655029136386,0.4054984692849139,0.4851274816419103,0.5945056921295379,0.35606904292831404,0.2548772223084372,0.48113745001801694,0.40638071631966677,0.3228369829079042,0.3289205123660621,0.2660550744581717,0.2598988728899967,0.23990157187564157,0.5380404451092714,0.3475487673585098,0.27641813540512716,0.17352160027978009,0.14105200015345024,0.13883695771537038,0.05459969280079248,0.021928447237609137,0.03346528677752662,0.011065310258118164,0.017913062519990558,0.01746172693490145,0.04054918802086195,0.09182389575060626,0.12000732677275207,0.055836621434257154,0.05337807752657726,0.03854688894014427,0.010352719973566807,0.008054459183091002,0.00756447470792648,0.02762103803229129,0.030406966762655724,0.0015598669710469156,0.0166100955764427,0.011168916697503561,0.012180498382810942,0.010371671015278732,0.011641084358477412,0.027802980760035328,0.004930819944540479,0.00869799524652363,0.002954238338445954,0.015847619900905028,0.03824755813534398,0.03190649116769116,0.0391521620723079,0.02149308863004435,0.021245913692842136,0.009237901192412593,0.009464262796724071,0.013492639970105438,0.0015762686259579168,0.009777120392670828,0.031213453130718875,0.02997555852966245,0.04093139481079774,0.10613687798849374,0.09005971968995685,0.043658258566647984,0.04616164057089388,0.03561261561653194,0.0679524606803915,0.015288791156299008,0.03237766555445706,0.0444067897587731,0.13374676791600737,0.10578785668174932,0.12619320681761306,0.13270799074096035,0.02386155668699011,0.019832563915442032,0.05145906722039378,0.051162786270279606,0.020407624967762824,0.08284333858506937,0.014588344939690417,0.01118313687969673,0.007364956585850147,0.010513266153826372,0.004890320917204731,0.005405817396684196,0.0016378917566172919,0.0011463679630615072,0.001148803057077462,0.000564140557410137,0.0009318131687571626,0.0006192520773446935,0.00015672078144416036,0.00033589864328829454,0.0031535187526026834,0.001826827124825223,0.0006429365949330255,0.0009164049685460406,0.0027127198894668697,0.0019708586319917495,0.002241369586974025,0.0027965839542973057,0.003168028062739997,0.003613667575045569,0.003465017691176812,0.003168143086960254,0.010334135725919746,0.028437675856761484,0.048596915203420715,0.10754277573051535,0.1325708645273012,0.1931580186432727,0.16687025430286118,0.44793224980941976,0.6340026842756421,0.9141460470803264,0.9262107178503226,0.6039131112954379,0.7310982493764369,0.6065309135441808,0.6780336028027011,0.5068047455472788,0.5194890488913195,0.5366388340369264,0.42109463091545796,0.24484298995318188,0.056372141277994045,0.03646663101888277,0.006357442134663137,0.0002810692513203927,1.6121734937346044e-05,4.993910784880658e-07,2.432948749576157e-08,3.8183256103377677e-10,3.063952548136596e-12,5.7125761758952626e-15,3.4103344804923356e-19,1.6307857314660392e-22,5.786197886430173e-28,6.08368047525387e-35,1.7391680299030535e-49,2.0561655171723474e-59,1.543160190897701e-79,7.791396889985317e-110,1.0279723288354663e-133,0.0,1.8215585193888083e-138,7.09623868645934e-106,1.9725703732045246e-80,7.268611132312467e-57,5.9144124662696224e-49,3.443954710706803e-37,5.6975710250226925e-33,7.231785755852707e-24,3.3671467832809838e-18,1.3035233833713404e-15,1.8397482828130112e-12,3.378034447692172e-10,3.2209624741416165e-08,4.786597913289858e-06,6.719676872867596e-06,8.318416489205043e-06,5.9834162129632436e-05,0.0006466014623552871,0.0020395953072031977,0.003864060490403853,0.0018614118594397933,0.0022317449828907535,0.013135323064122108,0.03717135094032556,0.06434227662816343,0.1088343090399953,0.3523325769186148,0.22784164357241182,0.1629329035259185,0.16962526655582422,0.05551991769870969,0.06471628031224552,0.03850565927609528,0.07760694982362457,0.4610722492170912,0.6471262909847323,0.991608524166606,0.84496768157922,0.8476057705211015,0.5661602981688406,0.237563195695918,0.12010101923124225,0.12144133587630596,0.08789406812563276,0.017045031605924254,0.02329330418324778,0.010104523871501493,0.009330839322940305,0.012259600143263237,0.007829761526679965,0.003964011495920263,0.005030824520916605,0.00513933921445334,0.024062970246557482,0.041754585254186155,0.06637752122678045,0.058474786533079005,0.07401023267387911,0.20864191648561747,0.25877167390865885,0.199016648962642,0.09466792717430116,0.09607675870463511,0.2900925358563599,0.2596803939519594,0.33510906358151127,0.30203388495203176,0.4682126463643627,0.881504854690671,0.8012206477193232,0.6041012788807227,0.4561161444589582,0.42058701788683367,0.6550982014131308,0.5942081555600426,0.667851831709348,0.9685812622444241,0.8412268279829959,0.8845637074915769,0.7726169963449206,0.9162728633501642,0.6584089368631473,0.7963024036541264,0.8566149409530067,0.9316861403732842,0.9281583591749062,0.8580823576276821,0.6486851252781548,0.7374170863388715,0.848205857604337,0.8600105253713431,0.9772835871717676,0.8493463271882428,0.8763539271666864,0.5838207736816854,0.2393332959485261,0.7910110399688933,0.10470796901588847,0.12192607452789783,0.062188809112637515,0.040979325805960434,0.2002888573059525,0.01016560056748184,0.018881894830337146,0.007040877173115218,0.00677079785658454,0.12956442223946912,0.06697772056595645,0.16776574922438245,0.19094460165229066,0.35930214698775764,0.9761734229947041,0.5621664440810988,0.6045148241405294,0.5266389676800142,0.7945895381793702,0.4283834584937205,0.9716468147451084,0.6178694230980292,0.8491123965267448,0.5516497427706929,0.1797218746323242,0.5354250441609834,0.5895442035579362,0.6936393048638313,0.6652363336353099,0.3043690603734996,0.7373973240027161
7.199999999999939,0.22153454999136188,0.4557131139433291,0.6524283257217691,0.6611028108048589,0.9447365148937246,0.555120230221491,0.4003965176749004,0.3247219384615314,0.4227776466072366,0.2624750720056945,0.18705997367015273,0.10987702967816142,0.057756280258520865,0.1083526205345799,0.21303682706870045,0.17588127225121059,0.14240764055066674,0.11725661458884809,0.02858729045023363,0.018935240314734383,0.036595844117327574,0.04238015280002405,0.04846001186632996,0.07615481594098514,0.029520891954566947,0.06359179874036161,0.14464202337165746,0.2516854833136631,0.5486936235794729,0.5507342117806853,0.7165841181537026,0.45843957085513987,0.3809458993062103,0.6586188411325261,0.5074948940745724,0.33893573692137896,0.3186727639836426,0.22394958337492932,0.23258834264087036,0.14783405915629133,0.3352560453190278,0.20027144379093928,0.16969252524191664,0.10274198237524533,0.08952828175751917,0.09824713372115829,0.03866672657466541,0.01714837364564227,0.02857320237521193,0.014304314498744825,0.01805486729686186,0.016049533730292907,0.03104464505021979,0.06438130389751588,0.08942620309996302,0.06871339542773307,0.05897349127652571,0.036826845609696506,0.008745416730573777,0.007908862372151956,0.0057537441905020385,0.014639763812965534,0.011616412131806433,0.00042419889479205407,0.006893326553056076,0.003790119940354688,0.00480622046324765,0.002434295000538401,0.00291821130883018,0.008520605432345363,0.0006133613074976082,0.0013431541411768073,0.00031232004907011076,0.003032426632875394,0.011069389748304723,0.017240676716543182,0.022813713415582183,0.01411900355666321,0.016747080810561223,0.007257962314157562,0.0073033448497974215,0.008434343758373127,0.0010183365063535996,0.008091267104212036,0.023682394232642755,0.020693035638820505,0.02933988274511562,0.08522480676600448,0.06886059607639873,0.029362534947633447,0.029014302739105567,0.02191879923770505,0.03950981120841785,0.012985863455293097,0.02599683312193757,0.03429309267672688,0.1222604135670804,0.07711433472691155,0.07940291612473324,0.0872850586782241,0.015910368633669795,0.011046736608824598,0.031866403081858355,0.029404142847954104,0.012674931595773518,0.058398556581156176,0.010071325265609894,0.008886227568117118,0.004689962437605732,0.009443632784254004,0.004703084869617824,0.004620617398744388,0.0015606686155289148,0.0012743587247945757,0.001666107106173713,0.0006002086605839021,0.001119682666494463,0.0012257169963361882,0.0002487458788229395,0.0003894607280645398,0.0033743407400062316,0.001821371251707155,0.0005924324513548976,0.0009785736684315037,0.0031208457832013065,0.0018063383343890928,0.0025649250606994043,0.004271174905898526,0.007009010472326746,0.007772904795238636,0.006791032158262968,0.0065642131781152606,0.012455270485671873,0.03561580263074884,0.04511873163300839,0.05989889465793269,0.10683688603228084,0.16592944695919265,0.1328094536267115,0.4294242631700914,0.6217568354924478,0.9043648599484527,0.8705065752554116,0.559525094038572,0.803443239146501,0.657532944164256,0.6761208008201152,0.5008866800624576,0.5328122599146126,0.5315328324946647,0.49467641448534067,0.30924897736908724,0.09280295830565688,0.06955717917468171,0.01681320331399873,0.001291542976123061,8.754303482199954e-05,4.201031058140896e-06,2.0757929732066256e-07,4.750586988862625e-09,4.673747288296066e-11,3.2063486586910204e-13,3.6962217263875475e-17,8.752215290630256e-20,1.33529630030713e-25,1.7682852384261644e-31,1.0137703353487087e-42,9.479235519197154e-50,5.996277061427496e-63,1.2031685274258247e-82,2.303558323646378e-96,1.8215585193888083e-138,0.0,1.169115823752356e-145,1.9709725834930242e-101,6.694371390584432e-70,9.082701864887644e-59,4.5176246690944154e-45,4.363367260921682e-40,6.490906424393941e-29,3.3766580233850956e-22,2.64879006653964e-19,2.3608172419099925e-15,2.6895881666893845e-12,6.478243913658924e-10,2.5607704580208533e-07,2.71621685586935e-07,5.529435157063633e-07,9.070551793332412e-06,0.0001047153811160014,0.000637405285314868,0.0010874554965478367,0.0006839475166493961,0.0012455051887643976,0.00749935406636124,0.01885554951109443,0.04306273124685847,0.07562312174147004,0.2907866855035908,0.20988520846866535,0.19522193038913868,0.16879975387931553,0.05196980503124677,0.05883960078402498,0.027500988273388337,0.06480823338840072,0.33015473318509875,0.5148807605161304,0.8121004215947087,0.9976505060339879,0.937669246827046,0.6042286371440384,0.28907087168611617,0.14110107192282065,0.12897767450284114,0.09262764260539624,0.02147640685506421,0.022344861262675077,0.009473097808289616,0.008471134396916363,0.012771753366389275,0.00951947458678156,0.005117502451512845,0.007797864295806944,0.006517984736470491,0.03078457753740305,0.05604863013518125,0.06486139128623102,0.05483239788259339,0.06558260798322114,0.198742775100002,0.24886857991381708,0.2104256312364599,0.10302783275922485,0.09844381404001837,0.264027448911644,0.1848397714881609,0.27372248896927437,0.24649609208657197,0.35808471740800685,0.6988183761975173,0.9518784592679402,0.7243722209928649,0.5970021149102585,0.5618332810506781,0.6717048956478655,0.5057701004959467,0.5655569931837262,0.7527803142526667,0.6554029290738537,0.9408426519070999,0.9011660884872659,0.9106496876697808,0.8227699910442121,0.9995373005626254,0.6513839910282255,0.9646815631898893,0.8512788001509695,0.9619305203219257,0.5697226897027917,0.5918192134399983,0.9941514366669806,0.9824233201633031,0.8366591925893669,0.9618060414003091,0.9652996423282139,0.6886552830136545,0.43200035953048255,0.9991889385337691,0.23099560885700907,0.2860350268327586,0.16478747383156653,0.10929657881083098,0.24732417908710708,0.02491707571388829,0.03522869511857232,0.0172255832649783,0.01620593345195959,0.2097467721497602,0.1623504824223619,0.3744700702176338,0.41917447542883823,0.7454057476361577,0.6918054756225688,0.9623555547403347,0.9493980721799363,0.9520896045060873,0.7549548169331916,0.20934825456269765,0.644229593493147,0.369109456459335,0.5529498065251289,0.3537910627032543,0.13681500128262228,0.37710089043326445,0.48439158997332354,0.5802538863236446,0.5603543196337977,0.2902206654090046,0.5932898466376845
7.29999999999994,0.2960117265149791,0.66409964479398,0.8828920221059389,0.9992261541918657,0.6419510497272923,0.3082116468265514,0.2211213779795533,0.1668089010802558,0.27145635733662316,0.16324552170663922,0.13161853188564876,0.06639752883193085,0.029023206112108572,0.053728008971736935,0.12044922644739578,0.13604913966704482,0.12025471497775457,0.10617375269172795,0.019588442029838407,0.01747405134723602,0.027638845827456293,0.036326503677993185,0.04751626180401795,0.06628329092965562,0.035575508261348705,0.08097815268280129,0.1367307122546839,0.23727836154389753,0.39839700077121215,0.33780484814834805,0.4695033061976637,0.27826927429579085,0.23501133866509616,0.41894540970046285,0.3718605549374176,0.26817188986363155,0.2638831862306728,0.19899267790721978,0.19130284695319213,0.12775582843871242,0.24768797569511955,0.13317624256487595,0.1088774299486596,0.06389915537746525,0.05649813033773409,0.04901310751437717,0.01205454226171882,0.005513185747552028,0.005577004138820944,0.003964759519969117,0.006250469354633882,0.005786743538225641,0.013654868877312584,0.03257608827212666,0.04411428655929371,0.02899251928113834,0.03736398587510713,0.024738116596266766,0.004906872617615675,0.004589153746109166,0.00415319311404164,0.009823311799882474,0.0070230417708738125,0.0005488506248928019,0.0038523263774654514,0.0032900410430645177,0.0032592341513547466,0.0012197520517932966,0.0019428671539963869,0.003922881833578556,0.00043961402966792454,0.0008568413654904289,0.0001176882392748849,0.0020780534540957856,0.004994164005110113,0.014856026195968198,0.013239198981858385,0.006184180878112202,0.0093693030767274,0.0029893926626137707,0.00519668884681574,0.008932847648629796,0.0006909309421363106,0.0057100884226192975,0.021907766244937205,0.01671460981961193,0.024184655694851852,0.08829152103914287,0.06802953885275548,0.044487475927156316,0.03436296987752184,0.03165260635994089,0.05384417558237172,0.017056364035497262,0.028487251500662097,0.025427541084478186,0.10954149766443635,0.038549308930312824,0.040946412054511674,0.034518781119038285,0.0037769448874527944,0.001985890082379295,0.004027533995281133,0.005332625491759473,0.001345020246935528,0.011552500450316527,0.001259571096806038,0.0007563283557594421,0.00040000836438067096,0.0007588380201235411,0.0005231707221550063,0.0004372809274840538,0.00011079977914865386,0.00014422092859127353,0.0002024148955364455,8.163961734161096e-05,0.00019313999242897992,0.00022246983707612517,3.85048138563801e-05,8.747856992410618e-05,0.0013985343195358879,0.0006933265878717394,0.0001407046000392975,0.00030249675374402116,0.0010817446593419427,0.000832069395841859,0.0011238479155261123,0.001953877691403736,0.002904794567748343,0.002766225950765072,0.0017683024692721804,0.0011826870948980865,0.003799754499846866,0.010129275043806407,0.012587369797563981,0.04033153920394599,0.05341130344242296,0.07080218788409372,0.05206815878674814,0.2565001740878837,0.3716877586455612,0.5427635016003047,0.6380137946041522,0.36291455725326527,0.9742328890982177,0.8599916574248059,0.8112341763817554,0.6119629665231832,0.5804697219105798,0.548113765795184,0.4504573000864209,0.23860262234441232,0.0852152945122362,0.06058664372294375,0.013282806094428595,0.0010630451609845548,9.076288527204477e-05,4.684255699484277e-06,2.4404186923025776e-07,1.1355143221704967e-08,4.900392349633347e-10,7.83350070687015e-12,7.562060193723642e-15,6.668548359383701e-17,2.092997444618273e-22,8.088986707752507e-27,9.015129189074712e-37,1.6715138963572184e-42,1.0284733336846172e-51,1.4630158656124018e-68,2.873349507872923e-79,7.09623868645934e-106,1.169115823752356e-145,0.0,6.182306167155149e-142,1.0030630892957792e-87,4.818769677338717e-72,7.739906155940101e-55,1.3241975074982593e-47,2.352683709042876e-34,4.1001026767437666e-26,3.071274257586449e-23,6.655340376352477e-19,2.8554478233635663e-15,1.9133823597752394e-12,4.009459549109838e-09,7.1267951207254825e-09,1.9249573865686462e-08,5.200152645673229e-07,1.5402379322977203e-05,0.00020521567092635952,0.0003294716242369212,0.0001858214640709745,0.00023937178825171284,0.0018591000025213866,0.0037647981598393086,0.011683290137026181,0.023588312309881922,0.13241306528180197,0.08918658476308582,0.06884582401130963,0.05580797809301864,0.01936328390472541,0.02978738523593083,0.009476762242393891,0.025119457587345136,0.1330320946740458,0.21156696716755033,0.410307308896767,0.5984327216322136,0.6657182403576533,0.8842007659016158,0.6890488170928478,0.40595975774867304,0.3729484361669034,0.2580694069066976,0.0695103907141494,0.06633748034989309,0.02623902134222228,0.014017216860819444,0.016636992257138404,0.012090978810094466,0.006365502433790104,0.00809918445199666,0.009035894084850208,0.03584713878319384,0.05229247674239654,0.055472028826247945,0.051832472743664995,0.0814405305576212,0.22568859228512875,0.3034623096231003,0.2933646080732809,0.2021798186635442,0.21754390352152975,0.46961340534169654,0.28299312979076935,0.28786617142121224,0.21918470138472265,0.336512983044565,0.7843268296151837,0.867204960818825,0.6212194264248099,0.4844386193630366,0.4764883964089946,0.5645672105178258,0.40916841491397893,0.4454688345049289,0.6062546741564616,0.49938359860156906,0.7527031581666466,0.8849660496001942,0.7000922677785443,0.9237716825990168,0.7534196844345461,0.4158759525193892,0.6210625843124764,0.5818299144374289,0.8060793387685272,0.39674416413890407,0.5067742042910098,0.833779869246523,0.7905626286308243,0.6145284841771214,0.7742790401547986,0.6776155737014078,0.9330979456706968,0.5640191122771818,0.7593041726776505,0.31657389993145585,0.4020989444780841,0.23935664976902515,0.15884011312880394,0.4414026048635297,0.043974663897998194,0.0726329504871205,0.03031885406360828,0.03252296647197173,0.37515972685985755,0.32237824362730744,0.7037258625717132,0.8599477705221524,0.7313022721566004,0.26697184355051057,0.4422595235683742,0.4217500521408105,0.5241295000982402,0.40501329101508254,0.06620674872677355,0.3564491580653179,0.23714200963158932,0.3731094970031733,0.2766009526950055,0.09693510219063947,0.3643468719073857,0.5113040695744034,0.6051698765936941,0.6288328146092453,0.2865135083481845,0.6277892294008017
7.399999999999938,0.3501181354679834,0.6835282741303905,0.8904272067267647,0.9478911017604138,0.6594245309028235,0.27571082940295155,0.23612869305731068,0.1841829629357037,0.344448182861768,0.2038359270991233,0.21004309319620276,0.10343692970169012,0.04034076945891093,0.06390989175288886,0.10134094314769451,0.10822468694146421,0.07451967699103536,0.0705423381573665,0.014453706869133413,0.012116018090355778,0.023464572524178728,0.028707336525650447,0.040008268160093806,0.054472067959833836,0.038057778254098965,0.08519072699658423,0.14612978269463947,0.29597993274501777,0.3907108364025863,0.48222571331626873,0.6038119118900219,0.36549839483248464,0.31785491118800446,0.491098824396282,0.42870525448450636,0.2699729194624035,0.24601757380605316,0.22511111923167215,0.16914235714356443,0.14366025027594242,0.2646529789738596,0.13017451191286106,0.10778318231544386,0.06929694390270925,0.052400017053682885,0.03104606274476729,0.007664739943261517,0.005218560279845284,0.004021569995088826,0.003729028769144996,0.0042357759265739935,0.003290975623905681,0.007621630378897014,0.014359500875478211,0.022913142728760827,0.013926376117966752,0.014815427391080892,0.0080234260547002,0.0021128983373900024,0.0019305565037637405,0.0032686894314921332,0.007467588334734371,0.003770901024421598,0.0003948859967615462,0.002786308970203074,0.0027089407989410127,0.001843416680869068,0.00020211013402901467,0.0006323964710787917,0.0011223374782894366,0.0001692582052235847,0.00044751217363907464,3.991887973502034e-05,0.0009505997388346928,0.0018231840808779585,0.00855946117352976,0.008328117866649288,0.0027698437494686028,0.004250974369277488,0.0020805563137705012,0.0035918463705137105,0.010458390460960532,0.0006896354037737462,0.007549805778744958,0.024913788963084122,0.01703403225662746,0.01837921419505148,0.06771099347785219,0.04529662312587941,0.027936742753059348,0.026180266174492723,0.01852031276582988,0.051010253843153906,0.012818357690719377,0.02490450752372932,0.016077172032123888,0.08086850352508948,0.0168010831522505,0.01644165146851103,0.010344897601940394,0.0011121971639918395,0.0006304950146853131,0.00134358694995858,0.002528116539555359,0.00029732437282342455,0.004169802710404985,0.00047775085375088573,0.0001937160638213198,0.0002474469165807605,0.00036491769647854457,0.00036750738492849825,0.00038846258171854227,5.905073934480908e-05,0.00018181687974747933,0.00016914911748704294,4.9640368171160983e-05,0.00021277126415569807,0.00027234480830268926,9.66768410316425e-05,0.00021487297284497847,0.0035362093674961076,0.0022804551717058746,0.0005217494340179973,0.000846011118201977,0.002230496614980586,0.0019708846318155517,0.001244711432866772,0.0018414062517560557,0.0015964556593513653,0.0009366309582818685,0.0009640833648100809,0.000823378785890331,0.0025626580862343506,0.009795288746909037,0.01583511021769189,0.07265477635677811,0.10424622459737083,0.16152219491582903,0.2191363426888216,0.6859447451344103,0.9237238300880963,0.9721152698351103,0.9143729840657332,0.664838024264993,0.6992954476838599,0.701403236859834,0.696271249402336,0.4169178337235959,0.2854741713602904,0.36485083132980883,0.23738367482768946,0.1273945761535685,0.03169364534218566,0.013595717027939764,0.0031388762075252666,9.676049042284176e-05,4.340650654902271e-06,3.0515201431536106e-07,2.4275113312148473e-08,8.163172133742467e-10,6.76934687131134e-11,2.135760685605403e-12,2.7785122143358843e-15,6.715568503081127e-18,2.208250401171539e-21,5.97482171225932e-25,4.9060865058269965e-34,4.179830870255073e-39,8.608016637659924e-49,3.288489977499247e-58,3.833883184971473e-65,1.9725703732045246e-80,1.9709725834930242e-101,6.182306167155149e-142,0.0,9.508480404749649e-119,9.424000729051647e-86,1.2833264870489464e-65,5.5589387367866756e-55,5.017789997492472e-40,8.162057126369676e-31,5.93527861908205e-25,7.605940681273956e-20,3.1469371558619575e-16,2.5927749393497953e-13,6.866702402505327e-11,1.5478784303744676e-09,4.708948161565987e-09,1.1620463355758096e-07,3.843545567346694e-06,5.652682775036282e-06,5.121446452650222e-05,2.6472574494728916e-05,4.845267840272726e-05,0.000505236144549401,0.0011972424032632898,0.005352332151251926,0.011493276266534212,0.07288782766564435,0.061211357929481854,0.07284237571814432,0.038149011700165034,0.009206568271615256,0.01568858455932312,0.0035013053917958303,0.01725667243354899,0.07085669132050518,0.14173150080025435,0.29732744560688357,0.3879953923516661,0.517333891633197,0.6788006262494012,0.9165904410026462,0.5308054724199236,0.5206016170136569,0.44712582299058284,0.14552894141124603,0.14840511446772287,0.06190786939768382,0.030541479934033774,0.039435960319528486,0.01790910408190166,0.008454079337483215,0.008077141401693085,0.0099314239625186,0.03665603849518974,0.03926184646232851,0.05597391003210547,0.07092541536561997,0.1360428211287254,0.26124547241339996,0.31613985447086396,0.19713671694181142,0.15090649029016875,0.19625885409925065,0.394226801308765,0.2393880701967231,0.21114269957534304,0.1624788356652025,0.27413347131537585,0.6818077128803882,0.9606529039896503,0.7257640451046625,0.5335444626140081,0.560773722963991,0.6884907117466732,0.6000257340485085,0.5980692519478804,0.7303576475684114,0.570563291779551,0.8173753418250401,0.8930520721526861,0.8320117473445235,0.8598465208500886,0.9903850613588556,0.49972680027462807,0.6921309144188689,0.595005992536822,0.9271063379311025,0.46789014871478973,0.5664508680477346,0.8587408477723021,0.7971134031347198,0.5525938279646079,0.6390060790023901,0.5923422957982725,0.7471833096917753,0.32654767124482365,0.9890064569785774,0.1285564863748757,0.21663781426730114,0.1554191165800145,0.10412197666657047,0.43503558174941226,0.04072921540989902,0.07582039372310387,0.029248065463229417,0.03928354738144196,0.32138882035291827,0.20276292065319845,0.3806582131606582,0.4996707478520324,0.8651484289931379,0.46711398285750894,0.8621199707491253,0.8210380269271006,0.8753330669348534,0.798065013320918,0.20579050073437216,0.6112055399082336,0.44071813004419264,0.5558750100434253,0.4318222841946342,0.1627775435585295,0.4688253192890387,0.634668637968831,0.7579280314108384,0.7879056831683204,0.3685741151327991,0.9594405926159989
7.499999999999936,0.18868633021868236,0.32747861354419944,0.5659455865125911,0.7809066472056432,0.9351113780029925,0.47201279622148434,0.4922492578293377,0.45612122684943845,0.5924368776008561,0.4491536761776036,0.361769470848328,0.20168990500982018,0.11416070262090562,0.1276810440600713,0.18014893585347194,0.1985967760109558,0.1275802287250259,0.12801842289916915,0.03199894376180007,0.01627793012220864,0.02141141941206949,0.03178351540371906,0.05035373189122937,0.08133364450598835,0.06787705812540164,0.16295494844328928,0.3072258028474917,0.601139229774288,0.711800293593207,0.9338962107070368,0.8479445901072346,0.9426768677264415,0.7144787828730598,0.9670220316663676,0.7473174718181534,0.5580210067820592,0.49162891123908614,0.33647742603354636,0.23072424250689844,0.17689617209728736,0.3509137901942511,0.16050552195916293,0.15536788048830039,0.11041337185311514,0.08679512084258785,0.03565328612809806,0.007531547170978217,0.0023221583724325552,0.00273796381664276,0.0015180786910606963,0.0019812952783667165,0.001294893838966165,0.0023712442114318323,0.004759176257572075,0.00618020305663182,0.00742743365174237,0.0078105849180006535,0.004749104136243245,0.0014847471654530107,0.0028655998564064023,0.002915215382790214,0.006020546326225224,0.004768150242182479,0.00018630687029698873,0.0018461768967006657,0.0009013939494245544,0.0007193793076083653,0.0001016038161742096,0.00022972121875552062,0.0005057394875797616,2.8123063826455272e-05,5.22386992965345e-05,6.406233539268031e-06,0.00017204364370703847,0.0011647676681078604,0.003142859137765304,0.0053355768596284455,0.004057517444484829,0.005894618844583635,0.00696635208932955,0.013469707125313549,0.037985232818024676,0.004759048299163397,0.03295063634304367,0.05819515727873754,0.04456267014234135,0.057858959133851987,0.129357602175267,0.08028493446844952,0.04441520829760111,0.03469692581726258,0.028546944110047223,0.07559291603177556,0.02264817671189616,0.039511300166973115,0.01946625216481617,0.0820805109358377,0.012458942356056381,0.007608034989983441,0.006468197676587982,0.0006931549824519073,0.0002852998062243363,0.0009094000102272199,0.0008747941784430915,0.00012906924503655847,0.001308610590278489,0.00015549809373850853,0.00011138719505291194,9.231141999365066e-05,0.00017295643727514414,0.00014214724107848497,0.00017818577411654962,2.031618674936637e-05,4.8256808101759086e-05,7.732965113164185e-05,1.037690665031222e-05,6.83080532323144e-05,0.00011952427200607338,3.430287179569454e-05,0.0001323756936897068,0.0019900942601326966,0.0017166512044589815,0.0005462007813743869,0.001020995025998057,0.002188815466229458,0.0011791237337021219,0.0006095436425070993,0.0018858114645796502,0.002004508971955711,0.0019000127744457748,0.0021127126832145952,0.0027735483486391404,0.005055425768530786,0.019449784782269653,0.04091508003036591,0.10122511877862149,0.1881611968216405,0.28679968441049136,0.39458344150209496,0.8909127180992631,0.7520861643330856,0.702789659118754,0.5730106781344968,0.9771934576599761,0.556160451809275,0.5764545948462007,0.4727735464059866,0.30328585565986543,0.2279469379111818,0.2558332386850173,0.15155866013717229,0.13557809662938183,0.025072324812377925,0.010314621307426467,0.0014725338889386942,3.696425060843484e-05,5.475663956728146e-06,3.522941202582085e-07,8.106817712654387e-08,1.4850501784405773e-08,3.9716255397736267e-10,6.084926744819004e-11,1.235778593235105e-13,3.5436964798390684e-16,1.9160963694782287e-19,5.471702146046095e-22,7.146422077835419e-28,6.855400443879515e-31,1.1814972746983917e-37,2.031321073505844e-42,2.8389721982251295e-48,7.268611132312467e-57,6.694371390584432e-70,1.0030630892957792e-87,9.508480404749649e-119,0.0,3.3012369117513375e-123,3.391035949643067e-92,1.1240404468070073e-72,2.147300573006593e-51,9.762720755768795e-39,2.699195802972457e-31,2.715540742227329e-24,1.7817295657057703e-20,1.0194544500489563e-17,3.9359004327746436e-14,2.5288731067157668e-12,6.701517235619256e-11,2.448234699731765e-09,7.048914632002012e-08,1.431497969877259e-07,4.220477236119126e-06,2.1098161459830848e-06,1.2215730566350966e-05,0.0001755344576227653,0.0008118793530221671,0.004785671985519626,0.006095816286432581,0.038316900726403424,0.0405652606755492,0.058932403250270764,0.025761196777188435,0.006004995433805004,0.01167508128790776,0.0020734468335449575,0.008216447995476116,0.03296959525803689,0.05937461555955621,0.1389009035868615,0.2022571593182129,0.31361788317802647,0.3932214592351214,0.7288823989349428,0.8583728511903154,0.7575924462617954,0.621643680731428,0.23034007842619328,0.1748983444786383,0.08975527336690335,0.05901416878540614,0.07502996603978998,0.034246268994742195,0.016841346056382628,0.01757453414488232,0.01853076191557491,0.0591953235318386,0.05546786118925546,0.0743329166546476,0.0899648225122208,0.13351542624480045,0.26375602278014365,0.30119306580333327,0.1379069011829957,0.11267586366573175,0.1264420558421656,0.31079608437435885,0.14842429056284648,0.12408811472112521,0.08088909929818415,0.11460876399873982,0.2761507808214097,0.4516795465053474,0.6233739117940899,0.9140875186509474,0.8055579736331244,0.7197196284674939,0.9782887884978142,0.9581070687320781,0.9894143937192811,0.9044026585020977,0.7481586612202877,0.6312641841751427,0.6747974749193348,0.33140991619733334,0.3813628181776511,0.9327155386129788,0.6745744366954541,0.8033207770494087,0.5083206558773343,0.8752695607300033,0.6973832023455512,0.45185424564360227,0.4809949496749493,0.837260229661421,0.8117790159319553,0.831360367238492,0.28389138013220694,0.12002905462857617,0.5922131719346202,0.04145727520647658,0.07404000591306154,0.055690643787734195,0.048991620898213406,0.2175649676840563,0.02414780099486812,0.04513692071285866,0.025585239355416737,0.040934331815182586,0.380721444691567,0.28926962883405166,0.3432622071646349,0.5584344173878217,0.7616664886509426,0.5945747385535217,0.9101999939073907,0.9452925722103755,0.9235183762902354,0.9885684096829525,0.3494790637372942,0.8478914718440944,0.6518986553994758,0.7955074605304178,0.572211822049769,0.21519857739624776,0.4814137379115409,0.5774005323297139,0.6655596099956851,0.577265470047741,0.2730744819088335,0.6603270674359109
7.5999999999999375,0.44782921532140024,0.6116630567172161,0.8787560411708131,0.8240830550576395,0.5925844502749543,0.26948802618062684,0.2360782936340367,0.19563825348367925,0.23160438638875966,0.140320562880738,0.09630261775188538,0.035490400606682286,0.018784465043259202,0.028311556605859288,0.05321005461592395,0.06999268436922886,0.04183233701566218,0.03955860313626611,0.009805027222316494,0.00282089811078238,0.004068686433133593,0.004674413341544248,0.014903001539202449,0.04622362940456728,0.051727660117663395,0.16450573200043486,0.28737815739211736,0.5358550223372823,0.6785182616614236,0.8864845358284963,0.9651688662713521,0.8830981362796996,0.7463987365381936,0.8983670060622394,0.8723476015542615,0.7635067873830007,0.8149531163130485,0.6517695809299445,0.5428155505617545,0.38661919710784415,0.5279380959903296,0.32624439343610534,0.26835811046372154,0.23358995603047797,0.21684263905704712,0.0975266118247837,0.031079979905456138,0.012345697311493087,0.02245281492472557,0.012171445556944783,0.013605994884103025,0.010372680757690862,0.017446137848747243,0.03729393086384193,0.039093659739139704,0.03629793281200732,0.039765421537857976,0.022542667585556925,0.005240738238680211,0.007750410823164007,0.006159323671092608,0.014962129750559805,0.01762301206767451,0.0016363773705697802,0.009858249664303334,0.00432147890589506,0.0035644130060848507,0.000531262627258475,0.0003661367114805606,0.0010690807422610682,9.541005888668266e-05,0.00011841717341693083,1.4905384463472623e-05,0.00023604517349801803,0.0018545929715299589,0.0032861047977923753,0.006029855018053396,0.004824280127970295,0.009740074476013617,0.009821132200765161,0.02791964476237042,0.060374733123076355,0.012033269524352689,0.0598681190358277,0.12309961131942278,0.09744918717040774,0.1201552582271573,0.20463138001076284,0.1400391454286494,0.1075550368866541,0.07533448556730189,0.10978651676697733,0.19897159225562738,0.09767411570498989,0.12956987593758112,0.0633556730610922,0.20944643642565197,0.03890217388323593,0.019169434745759897,0.01717914870043512,0.001524145296461517,0.00036518001547117225,0.0003590297027566085,0.0003467980495948345,4.6972996799420224e-05,0.0004374542050118559,3.52548832444155e-05,2.133460993876103e-05,3.052669373817227e-05,8.544030001687158e-05,6.478828127849688e-05,5.758718511647002e-05,4.18958458768713e-06,9.874405699203824e-06,1.6594970999048267e-05,3.6387267809478893e-06,1.77906447438407e-05,5.119452521289535e-05,1.399613988064343e-05,7.100499201735098e-05,0.0014712205786351813,0.0006509294281559441,0.0001574842867607502,0.0003130573638604444,0.0010176097652179138,0.0007350536036369715,0.0006064691714972367,0.003310195954262084,0.008270004978289641,0.010522156769438254,0.010523622181939384,0.008577323784259397,0.01613274570020354,0.02626136506944165,0.04561157105097202,0.11373419249757245,0.13226205277363118,0.17708450984998972,0.23800428553672956,0.4616068010105323,0.8774787303007777,0.9458367849328152,0.8497962342131816,0.6094197305587772,0.9838050550907051,0.9592198724463102,0.9307949639253422,0.8818177725953855,0.7945213783053999,0.7649002370569497,0.5499982162972569,0.42726488618141084,0.14371909209119993,0.06729265621985608,0.017456015269622014,0.0015962131282488885,0.0002904708169632604,4.040898543786576e-05,4.298221823714253e-06,8.75575523308191e-07,5.032200364740008e-08,3.4484173629131632e-09,3.818624795543757e-11,1.2931288286026657e-12,2.1455096176963013e-16,1.935945482928915e-18,1.1505792165237795e-24,3.60314078580532e-27,5.610031669330998e-32,4.573626245345755e-36,1.03710667647322e-39,5.9144124662696224e-49,9.082701864887644e-59,4.818769677338717e-72,9.424000729051647e-86,3.3012369117513375e-123,0.0,1.3145106965436093e-140,8.79329120992128e-99,8.749080821599866e-69,3.5555943468370667e-50,4.9052297683208784e-42,1.960993919001586e-33,1.2388872446891696e-27,2.327075194491536e-23,2.2214416114062744e-17,9.003402357196613e-16,1.9703274231336475e-14,1.2362000590833349e-12,5.752489147468474e-11,1.4108737896714222e-09,1.5544421850910927e-08,9.172342489991825e-09,7.125791422470234e-08,3.4693552330358057e-06,1.784165819328361e-05,0.00016801476964957226,0.0005484073036840873,0.006114000548438833,0.007234566970779355,0.0116603787309373,0.005188311917818234,0.001217542964603504,0.0032769274943390734,0.000577202401677402,0.0017615535382247412,0.0086769374451111,0.01729807964909954,0.05709176655693132,0.13496699293207295,0.2790486335180077,0.34951146116849036,0.7166921572347459,0.8630304376772913,0.8046530350421786,0.5138902048276193,0.23330114835234275,0.14596402694996213,0.06094690280045211,0.03124173954389397,0.03833930320787735,0.03458531219640186,0.008285537072322368,0.008328694367306834,0.005278775282309231,0.018676297070661887,0.014213532968027548,0.01979911582546531,0.029223820680234013,0.052444976217218456,0.11945483028484453,0.1999335207076708,0.12334279638671297,0.09275213922985316,0.15307227539177035,0.3540478480330396,0.13943956525688753,0.12046415646680032,0.05168815104555239,0.07940602173503161,0.20270791602049798,0.3479242338759834,0.5160578478958141,0.7534213592245512,0.6320222648604694,0.5927520072551511,0.8547767695663707,0.8394761436155134,0.972132884319852,0.9122226074528461,0.6818648686614596,0.607097815770405,0.7576323735501459,0.4034763366686238,0.5261543170542177,0.9207870872214116,0.5587469547426787,0.6060820148386437,0.3701160324767593,0.7175505103974069,0.548626998751678,0.2815669899714005,0.2959896461678423,0.5263908675058745,0.5233328984712846,0.6018499308350743,0.2701610754668303,0.18154408093914734,0.717123263800227,0.11217860786279303,0.1904464973790955,0.1107380069249294,0.1032216401483685,0.24742042721754717,0.024564461332384054,0.0338954256156739,0.020583914849671994,0.02608468121893241,0.3560823605038627,0.3720750480770969,0.4131027366152163,0.615322071980661,0.8221832167452818,0.509862693540531,0.809987530089998,0.9169320792706087,0.9695961969795646,0.9986183983395088,0.39921395975003743,0.9905461191646033,0.7852114570219981,0.9653356311719937,0.9038721317717304,0.45372681168275986,0.8258204622464705,0.8742128696016968,0.9993818796517963,0.8349632287598273,0.4718425187242022,0.8424658593859915
7.699999999999939,0.4478801826542641,0.5428493192552362,0.8121459679939729,0.8809357398603,0.6945120875442076,0.364502882199584,0.3042853935550961,0.25149715134818834,0.24573914669667637,0.17838958965061733,0.12440237733446571,0.050304932335384286,0.038114783230487885,0.048510138971650824,0.07647736892438313,0.09893262574942986,0.05658474415909604,0.04528208351329474,0.017563005316426936,0.006192521044127042,0.008375939452397485,0.008369476029439353,0.02445466504650833,0.05550000155408954,0.08299491929257867,0.23437083031401557,0.35416670059010824,0.6564346824975582,0.6795603023100818,0.9116755260017156,0.9189499059726832,0.9243879402274081,0.8083211608519175,0.9330682727961127,0.8207620965370399,0.6428424194359186,0.7489085040425656,0.5630834641612897,0.4352967944769937,0.2988637693345247,0.3034790745361125,0.22105198490312153,0.2732822873668338,0.2424999928979281,0.21884805780872893,0.09609665735245994,0.029494845105529424,0.011391446036507618,0.021992705421731585,0.013029261887530535,0.016508774498599058,0.01056043094116764,0.015772788989845306,0.02844512577425211,0.027322135652766446,0.030554461566866902,0.04724148217797729,0.027008432985616528,0.010433176130103708,0.017089524276740466,0.013000863125526344,0.02707173959497812,0.032873358819349226,0.00388741508342349,0.013332902669124756,0.004360428967282186,0.005615173778905787,0.0009975061471092805,0.0011315638378870151,0.0023828728979030512,0.0002837477968714572,0.00022990775985180345,6.502025158218801e-05,0.0008721742727665498,0.003934348388541535,0.011307319085478558,0.019009046298509854,0.0302040668762824,0.061542437374109776,0.07724890415441014,0.1559748327643591,0.25023077053264653,0.09312919687737023,0.2952423899241571,0.4106157254347152,0.2910417955934705,0.37679124152784116,0.428802568532367,0.2849667754705227,0.1985935409901954,0.13677266629835044,0.16604932228872382,0.23026750768907658,0.11408507583589562,0.1032295126375871,0.034731521546577486,0.14018438761360086,0.020966304421920982,0.006804085456317193,0.004880562129903013,0.0003130932074985658,8.42607367084336e-05,0.0001113743470992128,0.00018713440925286303,2.3957109584650024e-05,0.00018557496715548754,7.768287301973328e-06,2.3820381275385585e-06,4.707034727110885e-06,9.429762654653188e-06,7.642321064583954e-06,5.246161660804043e-06,5.578771198738169e-07,1.910780031226038e-06,2.543917543922089e-06,3.734399734784719e-07,1.5876579642106065e-06,4.871225240542712e-06,2.5339833008439394e-06,1.4498091700297821e-05,0.0002589563445544503,0.00020571698835912365,4.379779195631382e-05,6.427200263279924e-05,0.00019888318982752844,9.853629201825268e-05,6.382262472488674e-05,0.0005389815000259946,0.0020049456173973227,0.003126541988148088,0.0037844304076582905,0.004598601597023208,0.009406752029475203,0.01967459086520913,0.048241220499031595,0.10295582139370622,0.10280801972498561,0.1292035169171426,0.19624121017388246,0.28856551459527,0.6721380775535709,0.6411959814135259,0.8873486469649744,0.45181132928226764,0.7929239205221272,0.7630994138375071,0.7432967118734416,0.686856229861187,0.7730684887241963,0.7674484510570745,0.9627897735627559,0.900776178222238,0.45185790231721373,0.25570409064271304,0.07702352133078687,0.00778217458919755,0.002359347325878457,0.0007499117080037672,0.0001699828837531286,7.13563119390986e-05,9.77637246476954e-06,1.8782839064648448e-06,6.863577528116921e-08,5.103904045270826e-09,7.374272662413846e-12,2.131636522864e-13,1.66901083746986e-18,7.26527551264106e-20,4.5596505076466245e-24,8.304019342511516e-27,7.843647888993398e-30,3.443954710706803e-37,4.5176246690944154e-45,7.739906155940101e-55,1.2833264870489464e-65,3.391035949643067e-92,1.3145106965436093e-140,0.0,1.0212088588961759e-140,7.856170333772012e-93,8.388404632244368e-65,9.694512588744387e-54,1.214302903712518e-42,2.0360872507037493e-34,8.659596122359045e-29,1.3696335655457664e-21,3.4549964658629096e-19,4.0360558356417476e-17,1.0302022795633844e-14,3.0316573257268287e-13,2.1221979614495924e-11,6.50048939187516e-10,2.454432553483496e-10,2.9737408862379244e-09,1.4029612556353285e-07,1.0557441456895971e-06,9.527768702889271e-06,2.3788351502427e-05,0.00040671376834737423,0.000992600078740823,0.0014247938457923077,0.0003235257755385181,9.905124909931284e-05,0.0004625085486788008,8.057773525900828e-05,0.0004006099261492695,0.0018686485626763936,0.004137741050559905,0.018043683138190672,0.04639798801167111,0.14925777283876446,0.17965667552770906,0.4568285829627747,0.8372989052879906,0.8372893882843523,0.8241911004273333,0.4907906311297466,0.27839512856660353,0.09097444339178251,0.04368974897874959,0.05736523044626074,0.047899705085532915,0.014032150204925918,0.016111061147378158,0.0067714948034483455,0.020766962013529365,0.013737193044008248,0.024029159283703642,0.040406917144894576,0.06808052324007512,0.14981848813290743,0.2415888112022563,0.11023279175517695,0.0587971799064911,0.09837605822206193,0.23738377158082197,0.06136748357038697,0.03506207859221563,0.011452534658674645,0.0261303122836214,0.08075370652175703,0.16705881153479615,0.2939170895682854,0.580107493686833,0.42957993046366344,0.42862046476090526,0.5974779138606126,0.5533381832865969,0.7421338645424685,0.6897736967547015,0.6535088143482942,0.5973999934648607,0.7595809077056466,0.40179797555532554,0.47929006404212293,0.8148341670604056,0.38718052586515556,0.4299765127248008,0.18426155632413652,0.456649128715136,0.33034437537277,0.13261270954515694,0.1492957310870599,0.362907967092792,0.41786811990151845,0.5040827087481049,0.23687350658741363,0.16630741667338136,0.6697377591696734,0.11248504233138985,0.2000747350640938,0.1140604809826316,0.13847406891145345,0.33573561146511205,0.07405476169259184,0.10570079026178654,0.07294533749574801,0.08804534647395222,0.5788127389982828,0.6613258702977356,0.8025614064905257,0.9892157749849122,0.7305697687947511,0.2635336120325808,0.4602329892283064,0.5225691268847525,0.6475273268925577,0.6441039401860634,0.3205369174698217,0.7998347862345846,0.6344226246402134,0.9338681418371608,0.9378928312269652,0.5661428879039279,0.86844288922171,0.8562754723684548,0.9654915975027755,0.8886821985290977,0.5706777077678995,0.8413743132125577
7.799999999999937,0.24202471145643664,0.3711139783560194,0.5981447587420518,0.855788084803507,0.8577161298124205,0.49020757171112467,0.38189310589138326,0.3010832420877002,0.26696114717858205,0.21335758299258584,0.14596381187065036,0.05057006269030296,0.039249307056164875,0.04707779193291776,0.09130896412404349,0.11139229511689212,0.0780374738092047,0.049515971471077364,0.012720480431967026,0.006478856727228778,0.007411266767257671,0.007673652893335218,0.026476885063855222,0.053250713350660416,0.08582160562789773,0.25565558620044265,0.42396078695261596,0.7634027533905341,0.7782463090711998,0.9941250882039486,0.8798923085721757,0.9718592407881096,0.7662246687364946,0.9248898848092011,0.8452672816760665,0.7144703336971837,0.9655782132258275,0.8197792175569233,0.6759853635719898,0.5101972946799554,0.49379854131149287,0.39794444447881216,0.348039774465086,0.22022767748337857,0.2288712610141217,0.07374864506662464,0.023318078337796623,0.010938503515460262,0.013506937793899786,0.013338476933590976,0.011348697761164664,0.006064467715041177,0.009860423882121985,0.02312718536531476,0.013961442376194705,0.013732345982136483,0.03321653133196818,0.02084841703523283,0.008847593648934931,0.009286149167482688,0.007406182995109577,0.016212296276940104,0.01659744881439378,0.0019528815507817438,0.006562935331132284,0.002004525387568663,0.002853453951902505,0.0003355044439949815,0.0007293259767940818,0.0011878654550014716,0.00015894217725093327,7.526616274912708e-05,1.4784001990888361e-05,0.0005768602060690751,0.0017822095393203558,0.006102438305475822,0.009777997409812089,0.009659199789320559,0.027485666762325188,0.026593599320265057,0.06665491665080973,0.09928757662269488,0.024814967030387283,0.13011743338230383,0.19344786857360197,0.12417550869144797,0.1564211488886998,0.20969502508117574,0.1255472966387089,0.09152551432155415,0.05945246236377139,0.06618465474304458,0.08350890582956552,0.02641889512395173,0.030877754746733908,0.009449691001401259,0.04138376899103615,0.003825618336011186,0.001291013004824033,0.0004543568375355792,4.6957046153753e-05,1.2605229400429557e-05,1.354099407548695e-05,3.737168991589491e-05,2.565214887302155e-06,3.3531801208702195e-05,8.290721557266941e-07,3.909881697369833e-07,6.045466135818045e-07,1.5144109511764656e-06,1.680457464989797e-06,1.7447697386153933e-06,1.8926022383163273e-07,2.7972879106202863e-07,3.886140122192938e-07,5.2021302435897e-08,3.095111856375048e-07,6.120621071293764e-07,4.3707528164383104e-07,2.5261185239941314e-06,3.7414808309506715e-05,6.259565185797131e-05,7.82757994066334e-06,1.73498905049134e-05,5.128049302313617e-05,1.4319065288114056e-05,1.0970876909848548e-05,5.175461222456923e-05,0.00021587934429364745,0.0003417336888276142,0.0005794537202977695,0.000715170425950284,0.0020561889664166017,0.003062815942263858,0.008971289701995544,0.023254957556236636,0.026499944178621716,0.0405354638091151,0.05866769103048173,0.1679701358374182,0.4289933400133747,0.43491331126390853,0.6953610560250191,0.2195774054728102,0.7353597892857866,0.701309438826258,0.610686596639949,0.6677038507366476,0.6326826213059995,0.7595575150170184,0.9306811682925812,0.9298600104578831,0.5806219593406251,0.4425296985819372,0.08585631217722536,0.011215433376118297,0.0036539995711770456,0.0014889938087146995,0.000760221001260581,0.00019045537743034817,6.475613796523387e-05,2.0526376038736458e-05,6.203534437659191e-07,3.6428772864754055e-07,1.2013789836325388e-10,1.1429493272735918e-11,2.7755255730282794e-16,5.405198000714896e-18,4.8242690414401387e-20,1.500256111318369e-23,4.415333014386292e-27,5.6975710250226925e-33,4.363367260921682e-40,1.3241975074982593e-47,5.5589387367866756e-55,1.1240404468070073e-72,8.79329120992128e-99,1.0212088588961759e-140,0.0,1.1052896110099463e-125,3.869201020814793e-84,4.126271855937568e-67,1.1040401668976467e-50,4.121081183114908e-41,1.422032944155764e-33,1.397253557680219e-25,1.3379225342931224e-22,2.6581621751384852e-20,6.110852158518344e-17,2.7057588825863864e-15,3.092335153827049e-13,1.0479543563005776e-11,6.567687612523745e-12,1.0568613806583141e-10,1.615046944564058e-08,1.7536384972938985e-07,1.2745544088790244e-06,6.289868282174015e-06,0.00016979979798607616,0.0002604894640762064,0.00035772851935514534,0.0001497243704770632,7.208992970290791e-05,0.00023334153957237314,3.0151466771702402e-05,0.00010137863096674077,0.0008877563799517396,0.0017414354717731181,0.00593858480764523,0.017878843277624686,0.06385663444399607,0.10534429701246573,0.274752042540126,0.6206219471538584,0.7707998714864293,0.8595780001049184,0.5012124681435896,0.3556743474619895,0.15301087755459591,0.1282570943093723,0.1863271939453085,0.1381277754814048,0.061543383568741276,0.07185174662714794,0.04827321342603373,0.10858322438193037,0.06323976799810259,0.09753797903664592,0.11166179729324675,0.1495506468447568,0.27772579299799793,0.4507315621981744,0.28423626306691924,0.21609712403626632,0.2539721307838017,0.5552047299178435,0.17959736705388815,0.1051073860484992,0.044324785198863785,0.07387063367424888,0.205435361270194,0.3561224311067404,0.5212445958689133,0.7730286972593526,0.632645029885436,0.6251425202465178,0.8604635854796931,0.7502400107308517,0.9720508243519986,0.9533427259947802,0.9684125517369865,0.7969214140120475,0.9379080177713671,0.5380298345847558,0.6815484613199969,0.98001444344475,0.6011505390248236,0.59149569413752,0.1955148199761452,0.414186217758905,0.34585174780220546,0.13619211741457374,0.13079210153767346,0.3250808913269446,0.3327777673940371,0.47125121541758547,0.3379622448284904,0.21947147367442607,0.6967668109904172,0.13819007704536826,0.25009096064905667,0.14711631037209053,0.17525109230005942,0.5049500111068397,0.17333297049435145,0.27722758033050987,0.16505323356455714,0.21511337241324352,0.9443804536704886,0.880631057326673,0.7186863857246646,0.44136407416956464,0.340237139365323,0.08796784951964261,0.17900725192813685,0.22636625111234548,0.3572564555890592,0.46366846606863044,0.21858648740543093,0.6908440825412804,0.6481435816541069,0.9771817418671414,0.9464493078406088,0.7393642983210046,0.9331732458772409,0.9467287994217571,0.7741079066808572,0.9431842767507851,0.7099869950903197,0.9582018635105986
7.899999999999935,0.20318048083105844,0.2856817460618357,0.4893895832941109,0.828502793281167,0.8913608275835537,0.7308535977492591,0.6192346634388454,0.5614371215659654,0.5381158614028266,0.408801129862676,0.28435256408516263,0.12784330201872368,0.08890846774691225,0.12350444948115882,0.13051265663233777,0.1782815467652377,0.15763172362804795,0.09944412738766487,0.039031814544482756,0.016126191275873634,0.02422006633532669,0.024107552022520202,0.0868668580270103,0.17136686375013266,0.27524760843737295,0.5419219380968858,0.7105659151010201,0.7743585209874356,0.9343203214625292,0.6239476382723153,0.4704083293139207,0.6422574342364795,0.8186498233529016,0.7555766967856751,0.8602529885385563,0.9709201511986194,0.6781335658336171,0.7508914168760255,0.9527935540942567,0.9160892046659509,0.8422808687414208,0.6565308991742109,0.5899381895374388,0.6291676430779016,0.5438591224776168,0.25264026711047405,0.09846823950925439,0.05084198870677595,0.10878524116293148,0.05328130938720864,0.03660851949792205,0.01694340127006135,0.01907273846912218,0.028128967124233913,0.011546208319303947,0.0189922465048225,0.06009969354452739,0.04294801562079314,0.01837179104209178,0.02130347505378663,0.019066027730838205,0.04204922371739967,0.04974915734069389,0.004838065153940221,0.023925566498750432,0.008734971408090089,0.014468326086807466,0.001206836175103388,0.002031494264282023,0.005001229881488526,0.0016126252966554761,0.0007585310473147147,0.0002554300093027305,0.00202558808326034,0.015395535799142868,0.0334335325827173,0.04597457053759339,0.027199962917518406,0.06635773063079262,0.0783969500890503,0.22244753308769258,0.27417918806518105,0.09968558640199414,0.3506844619044368,0.3766452677384742,0.2616063059027051,0.26387438696736487,0.38309093626950197,0.39393098423842243,0.30622753338692715,0.22604263262587154,0.22107502970004475,0.28031228325789526,0.13046429234515974,0.0922775952292135,0.04078415676676149,0.06942742904052272,0.009301604430313885,0.003127239854049454,0.000730505374048087,0.00014434052001472924,3.112653673831256e-05,2.75198503529494e-05,0.00010034746610121019,8.824762397443644e-06,0.00011271038583039991,3.8138244096423434e-06,1.2376330059058e-06,1.3156270852272397e-06,1.3742169735170126e-06,9.711360679923793e-07,5.48513669643056e-07,4.740359408582247e-08,1.1592630569422759e-07,9.193705412823659e-08,2.4765886629197826e-08,1.4947289299175889e-07,3.339855636263315e-07,3.15287718874564e-07,9.411791477806736e-07,1.0852216437034862e-05,2.1078685567733605e-05,2.264501819643459e-06,5.614363357758891e-06,1.1506972298249634e-05,3.529169850750195e-06,1.1953497038442596e-06,3.097633504871621e-06,9.036648264489825e-06,9.099483283225361e-06,1.8687333189241865e-05,2.525134864263134e-05,9.160767138189976e-05,0.00010393179198405611,0.0002755168763246701,0.0013085274829611167,0.001940422292301915,0.004373396995766097,0.01090148259285049,0.03243976492733725,0.11493413074469476,0.15321244650936092,0.3183423921636052,0.14232607066357025,0.4896318978776404,0.39950611935330194,0.2730082463250113,0.343890745094667,0.44628411981262495,0.45183623033621584,0.71162442903933,0.7923660488900048,0.8717599046322114,0.5591528797886858,0.25517133192873853,0.06969204666121966,0.029406670003043627,0.022213632713361027,0.015669300469631886,0.008522226183556449,0.004303244783754119,0.0023489668166748125,0.00024080075607713983,4.963779211895312e-05,3.204149133203597e-07,1.7944675548768604e-08,5.083390673514039e-12,1.1354674603846652e-13,7.256296038570924e-16,9.758373586920838e-18,1.1364942513907639e-20,7.231785755852707e-24,6.490906424393941e-29,2.352683709042876e-34,5.017789997492472e-40,2.147300573006593e-51,8.749080821599866e-69,7.856170333772012e-93,1.1052896110099463e-125,0.0,5.939619899581705e-122,1.2692527193635352e-88,5.2657954530769e-66,1.5473125364848843e-48,2.2802013971847996e-40,1.99772511596094e-33,1.182181777584045e-27,8.350154759749533e-25,1.587202062230035e-20,4.744249897076056e-19,2.5427980244859585e-17,1.9523658412018245e-14,2.1747267837453376e-14,2.3996075672747154e-12,2.8748346870623304e-10,8.01415662925555e-09,5.214521778817332e-08,1.4924467439556954e-07,5.613521562204779e-06,1.0302120653751014e-05,0.00010289718288144768,1.9363283749402942e-05,1.461852199519863e-05,7.052145344662966e-05,8.196175412057556e-06,0.00011800283100932465,0.00017157506819076308,0.00017327284261546428,0.0006515754329714339,0.0013480221641395517,0.005423996688042652,0.015815348169952524,0.04722481081508458,0.14031485765985824,0.19187056153535603,0.38928480062912296,0.6305297439908061,0.8406646502255207,0.836970060496946,0.5890282906512023,0.6902138605819431,0.5499379064246516,0.3067859387565739,0.32967618975903207,0.12378743353703339,0.1962126137728525,0.10992885435106689,0.15898231916239988,0.18452620970236597,0.17343777779810313,0.3032032662825762,0.4378886138968265,0.23082045827240122,0.19384783340611955,0.23801924847187625,0.5009985713496141,0.21649592997184836,0.10587435799331597,0.04327269581497037,0.06301179290639589,0.155240361561356,0.2620236807113489,0.3655892995080594,0.6238425875341332,0.4916695865722491,0.531191491791653,0.7279102579682665,0.4918159066749616,0.6685169246352687,0.6263335002902034,0.8111396548906329,0.6935259180613451,0.871722273914711,0.43833503620032266,0.5261204197339616,0.829831758136378,0.43441656647815624,0.4704457795208186,0.11141440184799146,0.24817856629621976,0.24184083067214998,0.11698759971179122,0.1523773715915499,0.4322187202653247,0.36196893266744645,0.44966755702567485,0.25752715112642943,0.14121060335094043,0.4884833476773154,0.055941083887134126,0.1189539308603033,0.05545270329194041,0.05734991331275772,0.2261318911049058,0.04784430631106001,0.0870627066598706,0.026456840045775528,0.05827653278843472,0.338820976218518,0.355282756083013,0.5043607826567548,0.6020534394792453,0.7101080169059545,0.7506469508628162,0.9086418229191894,0.8590791853403931,0.6421725225505,0.5030553281333713,0.8570874387243134,0.3717999498156119,0.4041355673305852,0.2852800539648208,0.2766190145289953,0.5342531881619004,0.3500049052863646,0.43537379193749537,0.3482835052213744,0.4816086637098055,0.7386979295186346,0.4783398293933264
7.999999999999936,0.4492350916917431,0.520900670918686,0.8685362133515063,0.756995404536131,0.7740752224208173,0.4033192086273646,0.35385009262139927,0.31424243824470577,0.3323644532716768,0.30124691773851653,0.21632794376555947,0.08369989592441267,0.05496048279930827,0.06618513437381968,0.06028241623652789,0.08090156611958652,0.08197241496758609,0.05135353254286418,0.021437072196707777,0.011357247803893855,0.01671385143184001,0.015201539837362688,0.0816432391174894,0.1729239870245667,0.273125603919432,0.6189333627805332,0.8037297353945769,0.6602556157749593,0.8144285195765726,0.5032861533469655,0.3264789570368207,0.4571640672305366,0.54091199774269,0.43469063436331695,0.5009532862819781,0.586170958357672,0.5531690968357277,0.7820579800964713,0.9832636328533739,0.9740728995680573,0.66386371034178,0.3854057326047219,0.31382142027322946,0.3566863754494907,0.3307764588506281,0.1590818896882377,0.07075698019171518,0.04018044833200678,0.08997867343481729,0.03978506568130202,0.031824059536041865,0.023389529744297866,0.017105632356564104,0.02505831332496997,0.009689969505022726,0.017151503683951724,0.04855967362554589,0.03740400452808719,0.017838939326098698,0.01910371362919166,0.014385806104587678,0.02922377656550532,0.0423718300466648,0.004690022642162987,0.031008247577175508,0.015004145717460293,0.028016570805990567,0.004352534256064866,0.00479261366737756,0.008292249217711633,0.003140789431121777,0.0010357483559396865,0.0006067372259332917,0.002873424329323914,0.02190887238684795,0.03754308691141906,0.06201955376944402,0.04871599222269466,0.08536824575560982,0.10981414976657257,0.2639562294589202,0.25881106824263683,0.08699281531000749,0.25793145217790614,0.2088370048032351,0.13062843025336282,0.1290618062692003,0.21309148763701072,0.2169105674509521,0.08052408463934806,0.04655244800149082,0.0536065469372755,0.0647236234846706,0.023597486512721644,0.015820619213935704,0.0065339435568582205,0.017338398334997614,0.0023592357196206403,0.00047141564558624113,0.00010805955661621905,4.2722659468152214e-05,9.775712557377401e-06,1.2173847785363005e-05,4.8842636285982756e-05,1.342612857150108e-05,7.731313181113003e-05,1.595828698348224e-06,4.214670209120356e-07,4.5430496697625815e-07,7.214119056321635e-07,6.732529814125298e-07,2.1753214599297258e-07,4.086547399513119e-08,2.1070164383617396e-07,1.726426116241152e-07,4.411600661966884e-08,2.8755827456976735e-07,1.4661274984407975e-06,2.345544254724474e-06,5.5308808628667715e-06,5.8904734571368844e-05,5.3417489948520394e-05,3.6428533450712346e-06,4.352552964705483e-06,6.569654934988047e-06,1.631715913507739e-06,5.317058354535897e-07,1.2135654671368611e-06,2.489088044921278e-06,1.5449512103569514e-06,2.255521640908924e-06,2.0544463053737075e-06,9.381655504993676e-06,1.0751230525616805e-05,3.413233869682853e-05,0.00025224285130845013,0.00035849431237881243,0.0005371438678846798,0.0009120198509540661,0.0039941952293036116,0.022855153716178585,0.031719295736854274,0.07839273712977247,0.03659656604549172,0.14205692412704826,0.13454873582933063,0.08360608725865239,0.10956929662299998,0.13636582340851985,0.19526317032145116,0.2947398176181544,0.3137702481152592,0.5972291374503692,0.9449027219479431,0.7573652732981951,0.3496218952456638,0.23832793008105282,0.2021125757411715,0.17627693675898723,0.09633128041732214,0.06246781913177056,0.04251788923135422,0.006591053783662541,0.0012423333453693971,9.470258419024834e-05,5.846361378907535e-06,4.542861316580813e-08,1.901639044261996e-09,1.6809231335292756e-11,3.1952609647834506e-13,3.5795083851593607e-16,3.3671467832809838e-18,3.3766580233850956e-22,4.1001026767437666e-26,8.162057126369676e-31,9.762720755768795e-39,3.5555943468370667e-50,8.388404632244368e-65,3.869201020814793e-84,5.939619899581705e-122,0.0,7.571752681056091e-130,1.3178709455927563e-90,1.724368693295309e-64,4.171816495600598e-52,6.080138162068868e-43,5.6416658593711926e-36,3.0439174565830372e-33,1.451495167263177e-28,5.21461699725082e-26,1.7244525687339943e-23,5.907093598772358e-20,1.1498596357321986e-19,2.1509498585106307e-17,2.175969965955752e-14,1.3571542758844667e-12,4.469914470489724e-11,3.4628183354894847e-10,5.789585446239742e-08,1.0784602993041746e-07,1.7284951864213883e-06,5.00790872953932e-07,7.370560883353019e-07,2.3464801070131102e-06,2.2345550938182681e-07,9.728151708741309e-06,9.176411629676608e-06,8.323241382251233e-06,2.824264781157602e-05,6.086249432503208e-05,0.00022212548115784216,0.0007223831922803522,0.0027094737348236113,0.01406009953076882,0.021488182283405873,0.0705516989570052,0.1674798386193699,0.20186095807986593,0.4161116355995202,0.6174802918547927,0.5638596950437325,0.7238951872300947,0.8221353550156237,0.9111581050788894,0.4974228878842346,0.5882327090140029,0.3343068793443091,0.4218555189541546,0.4523489705231796,0.40115047023062966,0.5298360807885462,0.631935586792389,0.3737750834574514,0.33990200354329536,0.40811615609396024,0.7480095319045722,0.28731295477221913,0.12079312665790264,0.04789872976736959,0.05396237019288639,0.14098010552766554,0.2305271420712119,0.3193461578848027,0.47130694857503114,0.4454255417923304,0.45875349445500574,0.7482361049787853,0.6988705704715935,0.9084394394162737,0.918636773836406,0.7793751297849401,0.9215417317126016,0.7641726223111794,0.7698976736042038,0.9363314987435519,0.7065971735249047,0.8774808057910332,0.9140582938339668,0.35610009636501533,0.6187827468856729,0.5659089911752194,0.28026329908998937,0.3682393177535299,0.8311246746207938,0.6233995484344227,0.6056379828655762,0.35166961921737233,0.1442952033336446,0.5872539864649785,0.08275532070328896,0.14787072735769166,0.048951355762998076,0.03292925307313256,0.16191485528552374,0.03161026135352444,0.05697787058710016,0.023183624679324298,0.04757764888774293,0.2656375784170917,0.2981153026341561,0.349415893702594,0.39892939644567377,0.4510105405553836,0.9925011746703483,0.6350111902868657,0.6467330488352625,0.5179292523491291,0.4419925825549084,0.7752714811003707,0.344191589736961,0.3960687736673722,0.2864863496836302,0.24664302578188652,0.5483259970155088,0.3254037873957098,0.3363323375917376,0.27952990616724854,0.47261139269980623,0.7701819290765823,0.586507317084351
8.099999999999937,0.5347972000612472,0.5993576457100523,0.902460066796282,0.6209270034835452,0.6505897340995196,0.34646682839883214,0.30624594690290785,0.23399316175734447,0.1872488654621196,0.18323360070895045,0.12192575596748938,0.04274079904769302,0.024317386194118655,0.021887515172175943,0.024592123508145686,0.029613144462015822,0.03714936135240313,0.017629019803618036,0.008562839704777711,0.003480721039143009,0.004161512511925151,0.00554492234745342,0.03496196092743304,0.08204444430341809,0.20424016563675707,0.3979842655376898,0.5564021636166866,0.9195966895279938,0.8837605860943528,0.7913618708254867,0.6036127167380654,0.7540807158161625,0.8450804929870294,0.8201208484202769,0.9098916007534315,0.9559235226396484,0.9346087282182893,0.7801344450342282,0.5839534888990865,0.5182494231979481,0.3107720508902706,0.21509264744512305,0.19539755415734258,0.20080517875383314,0.31825235222290954,0.15803775863028657,0.08588212295784946,0.05906907520895715,0.08431579046510693,0.042225910797228115,0.023280631357325395,0.010429807353915264,0.006237549858793352,0.014312848105976812,0.0032659773240023126,0.006007203040840486,0.018553267912119212,0.013282934834399048,0.014492252321293482,0.014196274537559157,0.013499076918554264,0.03591242085771599,0.04372373869233646,0.01472202606380407,0.025447822842202,0.00891388331372255,0.02510190062471048,0.006094126625463917,0.008212352827790087,0.008939046568647916,0.0058390124726799,0.001955269576022161,0.0012092354968406113,0.01787753018536804,0.045140174583754966,0.07189293861550898,0.13555648049154811,0.14324352318234043,0.25915780948960193,0.1946648364911421,0.3915261873160456,0.34896830504644244,0.18345806987425,0.37166356490366537,0.3449122113464351,0.20983626367548644,0.24331904355994266,0.398805497890246,0.3944132985104574,0.26498401147622314,0.1937884980169738,0.20672883374616213,0.18379585106824167,0.042573817173864235,0.03450741607264414,0.013595964829917232,0.0214773004073577,0.002164891360570509,0.0006710551431725319,0.0001829583116382321,8.402995179994901e-05,3.6428691922155636e-05,2.217292226174097e-05,0.00013072830540154985,1.7161367933316935e-05,0.00012555248318328737,1.8223356229161321e-06,3.0034355724152905e-07,3.9493409788725355e-07,3.1017897593793735e-07,5.277887836958686e-07,8.763516091646951e-08,1.0626261788415194e-08,4.31100348058753e-08,3.4294714386255175e-08,2.139402296852752e-08,1.432639811309044e-07,1.1219185161421252e-06,1.6176285351934878e-06,2.180882336030664e-06,2.9808152780896614e-05,1.1409992171092033e-05,7.55787124439734e-07,6.872575629198015e-07,7.672115801287086e-07,4.6588413368777243e-07,1.2907573257884203e-07,5.362880408174842e-07,4.465798934982487e-06,5.3501217138233195e-06,6.375259162362504e-06,3.98587529070594e-06,5.10600068044477e-06,5.58590443288528e-06,1.5840119145997238e-05,4.4074363592727295e-05,5.364474913280946e-05,4.595342736200362e-05,8.975752572779396e-05,0.000914673143694524,0.00706571858525134,0.008147886917448343,0.03508552854046892,0.009785278137730441,0.0633983296507089,0.07756960754292012,0.06192543260848386,0.04918489712034992,0.029928207608167567,0.07835141768803594,0.17441280151920205,0.1159358687675792,0.22349441547511367,0.29943683112753483,0.5323485733084768,0.9218266299713581,0.8287435205647516,0.7480616267887883,0.6516213123815209,0.39913658500501814,0.1640574794559773,0.09591697682369058,0.02097461506228699,0.01454278634403796,0.0004664231052509213,7.531217893696107e-05,4.5100023298069257e-07,3.6119763349852184e-08,3.222742701304663e-09,9.529833742050868e-11,5.712471342697375e-13,1.3035233833713404e-15,2.64879006653964e-19,3.071274257586449e-23,5.93527861908205e-25,2.699195802972457e-31,4.9052297683208784e-42,9.694512588744387e-54,4.126271855937568e-67,1.2692527193635352e-88,7.571752681056091e-130,0.0,1.2291310994599028e-135,2.05696644691818e-91,5.22446289341807e-71,1.839113899606952e-55,4.665867639177748e-48,4.5368079300555e-44,3.120590728746091e-38,2.8484669183870594e-34,3.068918995522304e-29,1.4022767394543904e-25,2.143358754010321e-25,8.647039790227973e-23,5.600979776519299e-19,3.2520283424379313e-16,1.931414542302514e-14,1.685589729788657e-13,6.160322691545477e-11,1.3024883391922633e-10,6.910205355805518e-10,7.783453912076077e-10,4.565788683806381e-09,5.9581631293352625e-08,9.007144224625444e-09,1.838724341129973e-07,1.0396351064510976e-06,1.7044692696418923e-06,6.392737107327926e-06,2.1317190549123585e-05,4.237657917181061e-05,0.00017931318162785003,0.0007821611700511279,0.005727988290588849,0.011085939124654057,0.05318632437482001,0.1161698069015637,0.18289735891422987,0.5159006509163625,0.7575252771220149,0.68749080224782,0.7998135458796756,0.7607053058550494,0.8281041826848731,0.40141951411827376,0.3664498722644516,0.21864913094022712,0.3192602734158406,0.29601779099182535,0.2235000713622222,0.31075384757131125,0.3816402507368879,0.2405155037403896,0.22252496311103145,0.2864651132857649,0.6526183245240124,0.20884847408283488,0.09154011737367337,0.0450810393299365,0.05812663515544612,0.16038944056011842,0.2795900343284291,0.35416003006787,0.524854453105607,0.5397613992578953,0.5275261300706791,0.9224330524056906,0.854846905419837,0.8842990553433554,0.7266594373210331,0.4927132844161515,0.6720893292209204,0.5082700182928284,0.907859241886965,0.5968611781992609,0.409277636430823,0.9131327656968737,0.8525598307342389,0.4654218807821627,0.8054538182284138,0.7322548179366473,0.3223263661901957,0.37676445265598285,0.7806445992277713,0.6387582617452211,0.6039095209272912,0.5650117689071421,0.23628646643277257,0.8542295470596789,0.19880030409323188,0.2947078487211733,0.1564625907362396,0.12143432437962397,0.34787585168794016,0.08068499943763123,0.11038406555952854,0.05287481344553159,0.06911966718410205,0.3338668261803733,0.4192870952544993,0.48726350820904785,0.7304722972484585,0.8369795200128657,0.6000949160270457,0.8925574176638716,0.9977154442314597,0.79745609335751,0.6037651827344659,0.8889685176647689,0.3287733841554064,0.2818698871181515,0.218806632306596,0.14406789398401054,0.3832317179286956,0.1881510194629307,0.2258270180999034,0.17444053389651473,0.30108896765821763,0.595470024725495,0.5526217798864953
8.199999999999935,0.9968512297039112,0.9849384622827817,0.6584880015115225,0.3968260172987803,0.40533638590421495,0.16888121445174967,0.1363907519656531,0.0870596785910108,0.10703915981136172,0.10839440636461832,0.08170519286463451,0.028084372127067044,0.021154151080776794,0.024267553989993786,0.018699878115384084,0.02741575369118514,0.03479054515881685,0.014330653427200706,0.01249856875597379,0.004496949786174763,0.006687285355047042,0.011827011622730895,0.0740631410541055,0.14074612634516628,0.28604447756061613,0.5150190237224398,0.6169190020437831,0.9073909568572774,0.9878237285784742,0.6490635775395868,0.5143113818559287,0.5625969675016727,0.6547576199770466,0.6120051170957792,0.6267745193751636,0.8351667569134248,0.7624378870910026,0.8480616131296606,0.5970291896577703,0.5864408876474596,0.3902858568163483,0.24136020067525607,0.22965415406053136,0.24013902439826063,0.3877701761844947,0.2030608765773895,0.1425646670853732,0.11455215274423204,0.13767829097465692,0.07041491042087353,0.029875430087180185,0.01569338440018705,0.00672249105267176,0.018293917788845444,0.0047048433234101,0.0076502407510424955,0.012866774466831104,0.011962224225605382,0.012967471140782349,0.010410118176634685,0.010202174040407793,0.033898451259985134,0.046523987289358755,0.01652106194159407,0.027078369842573672,0.01196055964690929,0.037059226989922374,0.007976357858485168,0.011857781157875134,0.014528563985904094,0.010839682173084472,0.004792222467617763,0.005791279709172886,0.03621660494255843,0.11031996860460584,0.1667000984838065,0.2783804372985175,0.2696397413616197,0.3770648170528629,0.3095836609587992,0.5824689420200303,0.5291823651972027,0.3379983650226761,0.5519127982655461,0.5567798416773083,0.36666731112438694,0.45236558669120136,0.6048914306518364,0.599685388836134,0.3948633475132839,0.2788924978117488,0.27530716548186934,0.2281495886544398,0.05955339763658732,0.04057064087086215,0.020587637665272426,0.026342540110178194,0.0033882903767256324,0.0013394840201391006,0.0002766192334016303,7.731635458320842e-05,3.602528281696619e-05,1.4085261980415544e-05,7.74536185675547e-05,2.2125360811549823e-05,0.00018166054675959172,2.5852117608466722e-06,4.783476394413436e-07,5.579501286034568e-07,6.347565417319214e-07,1.0436300021410484e-06,1.4164298980880734e-07,4.842629823644768e-08,2.087316128874119e-07,1.4764785254005822e-07,1.366576327688544e-07,4.2382403058010984e-07,3.1571260587849163e-06,2.667048255348385e-06,2.875272324561056e-06,2.7499492020748514e-05,7.612496272826751e-06,3.4970955611190846e-07,1.2924030156931717e-07,1.3473370326646982e-07,1.409183694420092e-07,1.711778117987549e-08,7.400623886419239e-08,8.778741266759228e-07,1.3498357808077075e-06,4.6665676165237185e-06,2.6900389838297443e-06,2.8840683208817587e-06,2.0461554930185363e-06,3.2632647258026154e-06,1.0647064741727446e-05,8.052693182518308e-06,2.9998146692875607e-06,5.822748416835373e-06,9.362065025956759e-05,0.001004292077762018,0.0009199531938497421,0.008380478900090709,0.002381954139481506,0.02083241270628774,0.03494644518763249,0.017149744974299847,0.012144571597853517,0.006818791964690063,0.02200704704210782,0.06116534107989346,0.029918490141254632,0.05946220747104661,0.10210739705951648,0.18930249578694705,0.5359967716047659,0.5040214387138895,0.5602322160497228,0.5870011263159645,0.9472033206068787,0.6217171927652739,0.41550098961368087,0.1361349829020033,0.08816165946888319,0.012170461416618941,0.002450503948588539,3.9656781299766536e-05,3.72809809807082e-06,3.9457124981356143e-07,1.7574481832927844e-08,2.259492556765721e-10,1.8397482828130112e-12,2.3608172419099925e-15,6.655340376352477e-19,7.605940681273956e-20,2.715540742227329e-24,1.960993919001586e-33,1.214302903712518e-42,1.1040401668976467e-50,5.2657954530769e-66,1.3178709455927563e-90,1.2291310994599028e-135,0.0,5.358422653845384e-131,5.11503265385219e-93,1.2634558466634212e-72,8.507127735960959e-62,2.1434139587324508e-55,7.540010776439961e-47,6.744048188423469e-41,8.388117130231624e-34,2.763160238536653e-29,1.5995860293655994e-28,7.663443896995541e-26,3.611737426079242e-21,7.834351152729894e-18,3.239152749045527e-15,1.2923808584878818e-14,4.1261410285914565e-12,1.1033155679004643e-11,6.389310709568457e-11,5.182353479292254e-11,8.310331313296952e-10,1.5300976573570254e-08,2.1616265082764448e-09,1.486387410446154e-07,9.035055278596908e-07,1.5276353717854779e-06,7.2728420819699964e-06,2.215031314270966e-05,3.393549250832954e-05,0.00010742840560676585,0.0004965682681660402,0.0031244545829860306,0.004610316847694117,0.02988615445022371,0.05242656169595771,0.06987709323535907,0.2222275447168287,0.405744245404395,0.4027961233136343,0.48025849556581746,0.9628319815747197,0.7936628656916378,0.5216869878470932,0.44372067292462924,0.27596049579235316,0.3875324307028137,0.3454556978286441,0.219196855827839,0.29181653374403776,0.3172552701217332,0.213035516035732,0.213963539327812,0.2987833196424918,0.6541276057439499,0.25150362474081805,0.10068156478005195,0.0712213934287479,0.11024576719015484,0.22863499477778265,0.4231125996815408,0.4355307617889898,0.5979641793036173,0.5066271353689044,0.49778552527527237,0.8962596027338551,0.7821069349978949,0.9522645289579262,0.7692268593259924,0.5401995485196646,0.6829296856728803,0.44497921243420213,0.7433868101014955,0.4140818745129432,0.27227961984822857,0.575310768995901,0.5370267819142752,0.7922023093429295,0.7859471965413025,0.8116504865848946,0.6587864566708734,0.7217432274749306,0.8388672051262968,0.9330256665517278,0.7492298973523457,0.691178396303589,0.3011727514138908,0.8650973250357502,0.2632592091705385,0.3690055624833112,0.2038875505978341,0.16899222459435628,0.39332026287315125,0.1174540573628179,0.13440555047860295,0.0626946783776119,0.08069413255037264,0.3182965868954687,0.4469042005528536,0.5195804259454981,0.7489702173375293,0.8571888179385855,0.6547433896718724,0.9174605324946411,0.9425227866797463,0.8662341491849419,0.6963599947595684,0.890794956236155,0.3375524230380231,0.2675966928776962,0.22138478927258182,0.16113719115347824,0.3463892075243272,0.1590788098110188,0.16144107515683698,0.13210036267333586,0.210549200033311,0.3703241447239892,0.3634192402061566
8.299999999999933,0.9629472200191594,0.9884114964570458,0.5611757350084906,0.320324388050487,0.32434863280083376,0.12161216029956827,0.09907609410096738,0.05359733857227406,0.07894649223406412,0.08428594079979443,0.06194704677167565,0.032261247536050155,0.02459859278145516,0.026279186844534334,0.020787122822181446,0.030061752852844736,0.0425796207557357,0.021530236475979018,0.018040658871345594,0.0061272221458653865,0.010156741421817219,0.019335984791035654,0.09528817319449741,0.17117880838951727,0.355092980641995,0.5966239964533084,0.6260571296000077,0.8312492885496696,0.994670280820453,0.5560566491660875,0.3953121082769012,0.31592292689227086,0.3841329949863571,0.38382088554737004,0.4244815060978204,0.6445076754792077,0.691320949187728,0.8458923171206518,0.5694455503294572,0.4970090805612307,0.3914775775216554,0.22175460436978983,0.23664976547700686,0.2284847855572414,0.3566434569963105,0.15140668906722787,0.1091421588223489,0.07249471114252534,0.07259541407807742,0.02942487040266649,0.00835048550531965,0.004321216030887884,0.0013409138973643946,0.004746696776398858,0.0008923609787150968,0.0011377977923549222,0.0015100218974065216,0.0021788349147335967,0.003955306432646467,0.004078263379566289,0.004035278572806079,0.010861884121789624,0.014982841194464318,0.007587908310340165,0.011059025946340032,0.003880006128143653,0.013399166680756261,0.0018063950870717302,0.0038625551935265864,0.0042929906848664205,0.002840992752733668,0.0016186311195549156,0.0038063597180743483,0.02917820538581182,0.09487379505654574,0.14397835730846828,0.2731909328888333,0.2646491050742345,0.3686277145291629,0.34429048479730284,0.5629540117445908,0.6051209398779847,0.4766695031291357,0.6806070191596392,0.7031728565626355,0.5249583971862478,0.711595370513567,0.8631475621961293,0.6743816290367927,0.38291634274581526,0.22312084848522273,0.20641136644538283,0.15959888967866953,0.04387653024976193,0.038230223152500596,0.02199485593198813,0.023445356852447342,0.0024915787896388226,0.001200226136869145,0.0002133501267415136,4.131399289731203e-05,2.0538533908704295e-05,4.543849769950344e-06,2.7637823982940015e-05,1.389651054822472e-05,0.00021570254241554544,5.886285437366377e-06,2.555504069703961e-06,3.834711734952547e-06,5.757892934780991e-06,1.0350151256047063e-05,2.25525403435593e-06,1.5738814061656995e-06,1.056232436376902e-05,5.1301425291259816e-06,7.279455125249586e-06,1.6389801035832034e-05,5.318874134857245e-05,3.206179658201122e-05,2.848221245729614e-05,0.000184757261847336,3.6122077609830276e-05,2.1095347550708952e-06,8.156678638471089e-07,2.133372423107618e-06,4.138923263426719e-06,4.006533624887058e-07,1.4520302198080392e-06,1.2716700123116467e-05,2.355162001783001e-05,0.00010402703001010025,4.227614173819166e-05,3.9262885371711436e-05,2.2489562840033563e-05,2.7863747668079216e-05,6.528652825630633e-05,4.294589407483243e-05,1.5124984907817126e-05,2.037040492886518e-05,0.0002534585760686245,0.002702513100284641,0.0012189845518975086,0.009791691856025202,0.0027116733712257233,0.014693849434828822,0.022824446670661254,0.010990916125215343,0.006346935706467724,0.004123037688393355,0.014153660467113645,0.045290660869338126,0.01687284223090305,0.040346473524784876,0.06779606614934616,0.1383355103650333,0.46787126115260746,0.4130124188181647,0.5008062591322259,0.5514371721601272,0.9717887069728786,0.7197148522168875,0.5426434029023756,0.2318782865325976,0.17238886903659031,0.03804197769359158,0.009119943239193726,0.00041601961200326057,6.908687379637809e-05,1.0296800625829754e-05,3.2681395243712235e-07,7.2250408830955624e-09,3.378034447692172e-10,2.6895881666893845e-12,2.8554478233635663e-15,3.1469371558619575e-16,1.7817295657057703e-20,1.2388872446891696e-27,2.0360872507037493e-34,4.121081183114908e-41,1.5473125364848843e-48,1.724368693295309e-64,2.05696644691818e-91,5.358422653845384e-131,0.0,7.757511337100518e-137,3.1104163796052376e-95,6.4701703917768926e-80,3.658629688528241e-67,5.283119398022456e-57,2.1269681779422724e-47,1.3874221500254565e-38,5.68886353840468e-32,9.504695628447929e-32,3.8750752123594824e-29,1.614696746234828e-23,2.414875398077462e-19,2.7940901419265625e-16,5.070140395313406e-15,3.448337990095011e-12,3.337857130428426e-12,4.081581457495615e-11,3.081374425843608e-11,4.138535150174055e-10,4.85362807007382e-09,8.343840416439427e-10,5.259330479763532e-08,5.389184244397045e-07,1.4041127919309796e-06,5.584719073069848e-06,1.2976293120790519e-05,1.0479994175218065e-05,2.533026543728566e-05,0.0001437327426665963,0.0012097118143246405,0.001327079665666156,0.014166449721947106,0.028690806592187732,0.03902002505029415,0.12578025555930736,0.2695961572860836,0.3243962430757268,0.3674122729573851,0.9262850094145639,0.7588634496811768,0.5569692150719077,0.4304016553814,0.2746178119541132,0.3376515226060579,0.33103097319390423,0.18859392538169298,0.24559686934884004,0.27330396257964523,0.19118551807921136,0.19359244453367666,0.24834835079772521,0.6460023390730341,0.2897863262148134,0.12405144694525408,0.09426044689630413,0.14896013542492273,0.2554950486089212,0.4733204666902726,0.49938576236316473,0.6291210293054176,0.4924504126536032,0.49838187337160417,0.9462725031119076,0.8596617881692258,0.8780089784210222,0.619955364727449,0.3965050588619413,0.5338700994786708,0.26227538146140966,0.5082888621946063,0.2541202904564267,0.17350778737484712,0.34437531925859594,0.3772399039757926,0.907092514130434,0.6380991435242785,0.80326438110558,0.5929789350604656,0.6835552367597029,0.9881309691055583,0.8235997028280587,0.6657683652783154,0.62715064337875,0.28954492486346994,0.8191463141449453,0.2734622574697087,0.3669555993225318,0.23005136049366073,0.16956034952287816,0.32925707412213123,0.08978645155183863,0.10602835721443775,0.051694272008061294,0.07027907493168407,0.2844169057304066,0.4211481093743187,0.445513645687179,0.7317096393891506,0.6697964765752401,0.9157415438161507,0.7995031121752801,0.7703481943410402,0.7130172569190207,0.5544836200816932,0.6996990681351182,0.2356069375935183,0.1627358280340412,0.11719809635111143,0.08241290933551311,0.20118331526496802,0.06501454004052021,0.06889729527112437,0.04799968078601031,0.10970057495029793,0.24219300806272856,0.2747580034597116
8.399999999999935,0.6744146094276097,0.6569728852428135,0.8736812679962829,0.5416146092943787,0.46078449666616433,0.2264608434004794,0.15812307428103015,0.07554899346468559,0.11085148186037161,0.10387843929748955,0.07304518627287121,0.057877803319607825,0.03670355083434854,0.03517036461037344,0.02127353764707597,0.03548067186106842,0.05698597935650976,0.03588776308134901,0.04543159363853167,0.013602232527338434,0.020350076729199456,0.04106097648940421,0.15620873044896272,0.29167430254975046,0.4908298645160186,0.6977945072797396,0.6707574475348512,0.7191827151983012,0.8889850841161707,0.4064830596182756,0.2194855639917819,0.13731022366567336,0.191197569966483,0.18191347089570917,0.18238947598202934,0.38715079222849924,0.4104405590508093,0.8437686085150166,0.8775662342403765,0.7789695041069864,0.6831652617011792,0.4374701093838827,0.486633331920467,0.4500634611562939,0.5778855644092903,0.2545533986333371,0.1701369388291767,0.08486883208352565,0.08412861117456925,0.03031786845887397,0.009569368714293227,0.0038540326937750837,0.0011107190804173657,0.005498038560756056,0.0009300268813244285,0.0009200436818663683,0.0015285971536762193,0.0019360301101236878,0.0041910728915093886,0.00468918488453509,0.003157733598519435,0.009457100671984789,0.01569736904709722,0.012098690992095778,0.02245859106974494,0.00935081360241039,0.025451889113543732,0.003760066594580552,0.009900546417449047,0.009976789054975213,0.007955584576880345,0.0038034167961428305,0.008921352585865742,0.0620007648682366,0.16934059941817498,0.22108915107237165,0.36634843200637857,0.3061665090564654,0.33407844025159916,0.2855798202728241,0.4993612663627024,0.5302227133293703,0.41560124803409537,0.5918367175330389,0.7606680409325137,0.5942252722570625,0.8146326469709835,0.899484567637968,0.6968963164243968,0.4053561434672657,0.2019228773689376,0.2239775830845387,0.14605659969088328,0.038340589648886786,0.03561350875481438,0.01849327480416134,0.020133490943841956,0.0022865108407401176,0.0010642273698124505,9.70342750239137e-05,1.910969987554961e-05,5.837338442743104e-06,5.838405087803297e-07,4.33482376388096e-06,1.8309740241430153e-06,4.2909777239281506e-05,2.1491379544686207e-06,1.0284388291682147e-06,2.5194923184658555e-06,2.239718178359146e-06,5.783013991042057e-06,1.3434910639418983e-06,6.895131463940941e-07,4.729809547732764e-06,1.7996197286651401e-06,1.9345290988000393e-06,5.248359963068636e-06,1.7156925567443374e-05,1.2271392086909033e-05,8.863783430626536e-06,7.500939991674329e-05,5.34511985574243e-06,2.3092988617368448e-07,1.8622897026215568e-07,3.213803899963586e-07,9.519074905384655e-07,5.646755812529638e-08,1.8685544816153855e-07,1.5061243053648968e-06,4.565262517164043e-06,1.967515562958888e-05,7.771361783288263e-06,1.1296341161235531e-05,3.9872076982373855e-06,4.38438571528334e-06,1.533912687927704e-05,7.432832027465595e-06,3.2835833191211197e-06,1.3075644030561226e-05,0.0001329953044148513,0.0022708660722818293,0.0008237429108864317,0.006427892794590968,0.0012064076089523524,0.006842226531011908,0.011709317354084571,0.005595752008621387,0.0038298308774686847,0.0031661294167116666,0.01239534882959096,0.030082635762557822,0.012539100611571676,0.02385041816163925,0.03685441920971947,0.08744464864502284,0.24778040292257492,0.22025546610556862,0.31381612733007386,0.3535222008860134,0.7016529310703716,0.9902262752732328,0.8463312724332256,0.455333345718056,0.3582663690403114,0.10272647288946259,0.03385788107515446,0.003918909898317337,0.0008319932009268361,0.00019102724151148407,9.227759042643905e-06,4.898419332646458e-07,3.2209624741416165e-08,6.478243913658924e-10,1.9133823597752394e-12,2.5927749393497953e-13,1.0194544500489563e-17,2.327075194491536e-23,8.659596122359045e-29,1.422032944155764e-33,2.2802013971847996e-40,4.171816495600598e-52,5.22446289341807e-71,5.11503265385219e-93,7.757511337100518e-137,0.0,8.721288851222278e-134,1.51793293283168e-103,4.16170916510958e-79,5.144311741128027e-64,2.801207030736879e-53,1.3129772554371603e-42,1.9184940921646059e-34,1.9573757363020156e-34,8.950225421056233e-31,4.5316423577329805e-26,1.148350583708609e-21,3.5268277680931715e-18,7.944399275335881e-17,1.4399472373946765e-13,3.462912249943901e-13,3.22806930029321e-12,1.9595820759303258e-12,2.13188374159298e-11,1.3434516966112917e-09,2.829291967725771e-10,2.0225463280705775e-08,1.5822795946678354e-07,4.834863500966567e-07,1.037117534554899e-06,2.4721676315230333e-06,3.397843356068696e-06,8.151992123566922e-06,4.8351455735806716e-05,0.0003809234405040589,0.00023288981395058669,0.0035876048143012877,0.008979299519346454,0.011554318608675545,0.04179952603046118,0.1528795860580005,0.22449675151244924,0.285109098159154,0.8255647370841641,0.6957580802971698,0.5691926750713223,0.40157500927331163,0.22781425832448962,0.32220554577385363,0.411430929373775,0.24633821825292118,0.284747686963246,0.30908003262749484,0.2512403546639493,0.2864399566789281,0.3724494050823944,0.8935477090744113,0.5380632561044065,0.3247563791106375,0.2713143550556593,0.4011483351880445,0.5801728125392949,0.8636899226491013,0.9406246893285071,0.9869631306814647,0.8204714452598746,0.7736232371999882,0.7718030887160768,0.8305207915334117,0.6784179655830277,0.48932600375064145,0.38017375738135434,0.57578421723648,0.3010120029236073,0.6026042588511092,0.4374185388818171,0.3132591638149117,0.4665159013899547,0.5184740347716207,0.7085565551016313,0.9432102792312762,0.8500956559012284,0.32050605079139777,0.38870434704648893,0.679614412702811,0.5277000480387951,0.3955607895130839,0.3644961608874289,0.15463236239506187,0.5254930799960786,0.13672743736022688,0.20287711989033033,0.10100147025510883,0.0728265391474969,0.15247490810607817,0.04409220571225596,0.06712608557926074,0.033809330018703225,0.060540528047841186,0.2427051416205918,0.3565730819292364,0.3265452791004003,0.5408421301874442,0.5386993203436562,0.8811354862320079,0.5476026025090833,0.5362269603978614,0.5174874234930951,0.4337731507471603,0.48710529461765,0.15966543523721857,0.13015400208593245,0.09174986008800799,0.08732335384778482,0.2544579383949207,0.0878563912406742,0.10148025638644291,0.07362977357659917,0.17555803255626112,0.3326569462142015,0.3853517975334446
8.499999999999936,0.8468738895166825,0.8832481183950234,0.6840690493795905,0.48468950578395503,0.350464868986888,0.23740692956144482,0.14091289922331232,0.07816888823171936,0.1240823192331692,0.1042143878778454,0.06175946018750416,0.05029809210800646,0.029862603444893596,0.028314938604933004,0.012331330319928228,0.01827992254014677,0.02730370726754449,0.018398980838638307,0.031110118472483253,0.0069878935995701065,0.0105863172071942,0.029269714589063838,0.12243132027533242,0.22066574479785214,0.4433506486420221,0.726944924354509,0.7892632724848062,0.655337408791376,0.9592105598043013,0.4629013054521035,0.2343753777980461,0.20226153453697576,0.30271427458014677,0.34476185380683716,0.2573612146035159,0.4757559180734612,0.5797520763769141,0.9903541255933014,0.7076011457080497,0.7197632527399471,0.6478367572321502,0.3660141961139959,0.38942184409743874,0.4275866462200121,0.46322874624153093,0.21646976025400083,0.11775966860983403,0.06941597651254837,0.06196922437768787,0.019328037809878983,0.0045012784488328555,0.0011989889756814113,0.0002136387469748731,0.0007505698002784183,7.84192175411836e-05,0.00010350312738074979,0.00018053941837654775,0.00036034912535984895,0.0005632487115387071,0.0008305987509610957,0.0011485431227162893,0.0029248591177845145,0.004178151228262577,0.001684833795716617,0.006906794795533596,0.003970780764473296,0.01030076305964835,0.001104374247392912,0.0038356619761380343,0.004520498650230066,0.005000443970409258,0.002724220556295602,0.004973478449325832,0.020040398072926208,0.08925646405519075,0.11711484335770823,0.23913971116303623,0.15558857584035943,0.16595321923803813,0.1791326874269812,0.4281268647302141,0.5198456646730872,0.446130063476483,0.630783997546661,0.7774472384824684,0.6446934933395284,0.8353691448633382,0.9507593734366729,0.7202308653894637,0.39381802281559386,0.1979969596867595,0.17354540008686964,0.11284250152272837,0.018828296713114645,0.017274775590860835,0.01399958591405858,0.021602495972299483,0.003225835416133064,0.002040668779903795,0.00025610766134759815,0.00013989112307949192,4.736183574982324e-05,4.556893147283945e-06,5.610572969367935e-05,3.451510543440748e-05,0.0004282232018324203,4.5765511693509436e-05,3.2809284737929555e-05,0.00010217587718608584,9.785715354996474e-05,0.00035673968981723747,0.0001374384678997397,6.521396867229108e-05,0.0005735354815314428,0.0002615323449348823,0.0002976723099276515,0.00042551945174334067,0.0007303656963892357,0.0010142298215447406,0.0005036667333260927,0.0016678529384044159,0.00023435029781822096,1.0333979957656384e-05,6.296262456145238e-06,5.641966083745255e-06,1.0225596917929955e-05,7.878489837370312e-07,6.091464978707024e-07,1.7969846434054757e-06,3.618117289802122e-06,1.5941309021167788e-05,8.039182983091667e-06,1.1297786589392014e-05,5.662031300919196e-06,4.787693242644458e-06,1.2158460589931517e-05,8.116032528969877e-06,8.281941530363808e-06,5.8070887620976345e-05,0.0001790974804374562,0.004195203189815685,0.0016715050218204291,0.00761651451279473,0.004028981263272246,0.012792082680152403,0.018873910915497855,0.00891437261991004,0.005842818191395365,0.011890190123881797,0.029561743986959692,0.0651644778211059,0.03539367707713917,0.05690833260178203,0.11465098883731686,0.1872252470144946,0.36646826576589053,0.29144898352812565,0.3354161747568046,0.34077154999286347,0.5842647867855792,0.7491051718444777,0.9406324831761884,0.7497803114754794,0.5233261101649198,0.25315170450031316,0.09824423430751034,0.031163291464977674,0.007696197056596413,0.001819179081543103,9.495730293458703e-05,1.2302242041052816e-05,4.786597913289858e-06,2.5607704580208533e-07,4.009459549109838e-09,6.866702402505327e-11,3.9359004327746436e-14,2.2214416114062744e-17,1.3696335655457664e-21,1.397253557680219e-25,1.99772511596094e-33,6.080138162068868e-43,1.839113899606952e-55,1.2634558466634212e-72,3.1104163796052376e-95,8.721288851222278e-134,0.0,3.0485681889670274e-135,6.980825264373646e-99,1.2683192643592942e-75,2.0454975608150707e-61,8.01996486503705e-49,1.3696349162554436e-38,2.2066510393125416e-38,8.08064083381017e-34,3.3654909539381424e-29,8.3917216112272e-24,1.6950097461996665e-20,7.765159951222097e-20,4.4690723656872336e-17,2.092838921253836e-16,2.454376696673839e-14,4.828869964092981e-15,1.6169155945772943e-13,2.6090359772284853e-11,7.12234157616938e-12,3.9326665897397815e-09,6.639721180520057e-09,2.2680954508973643e-08,4.397263213434365e-08,1.0588222260868061e-07,3.058816210684602e-07,1.3613095960006728e-06,1.1751919252407121e-05,7.473967513865083e-05,2.8127884872240338e-05,0.000732992174299173,0.0012171138397476758,0.001159072433142074,0.004699792383359119,0.03261327048355516,0.045896353387104905,0.10644286070559791,0.46227500533254284,0.38074866794670836,0.8036653380031288,0.5936240735081915,0.3588139281342991,0.5570305912493562,0.6425168548785983,0.4174988286184103,0.4862109586400624,0.48697269722491765,0.41425166927475954,0.3524348957292204,0.3841806514301661,0.7606075404715505,0.5387119965360914,0.33039538057178947,0.33779124405315347,0.48238186725153404,0.6271468802919183,0.8918929217126638,0.9489599767872532,0.9510360117015191,0.7421549301501833,0.6873886506352731,0.9771243918304967,0.8426572056015803,0.9533362464141625,0.7812063159173238,0.5447199176726973,0.763522613803455,0.49546933383194053,0.8009362399546476,0.7794818324426995,0.43265802182054036,0.5094666936208883,0.5220476943941227,0.7238869544705103,0.9597125056883723,0.8430375411398964,0.4070908266487782,0.4317339795870775,0.8163445378279706,0.5965512322948106,0.44165108880402537,0.2648621180467938,0.07426273404537069,0.28433147602422937,0.050503384670982816,0.0811449373616603,0.042313870289787635,0.028126575201838228,0.09388509187563863,0.02876766513003239,0.048958872263939995,0.018895128406821088,0.04438599987364077,0.16314533029699083,0.2215184584414796,0.22087781366106068,0.32373580620744397,0.3195139155866808,0.5761227256978279,0.2576574230761943,0.2380737742453076,0.1962436451103077,0.16767394664406857,0.2262788774362423,0.08473814689514247,0.09514834106167809,0.0733101479079748,0.09014424249410148,0.26690118643635646,0.102434151848405,0.1267906108984615,0.07726985699346002,0.18861206497544417,0.29767866455701303,0.34988561031772525
8.599999999999934,0.7961630289571443,0.8795422622400175,0.6440061449168271,0.3993186032666304,0.3480083029093599,0.2311095257332919,0.12605131137623035,0.0640532192626415,0.08788742361397428,0.10852536104812537,0.09192723614659802,0.07676676928926537,0.048011064210779615,0.04159306698741166,0.03290506703446048,0.03972301207012432,0.0339354850967842,0.02395728004628055,0.04549571910644754,0.013684522524593583,0.02382144007516313,0.06574548418160027,0.21578625572769,0.41407851980598404,0.6947514300896389,0.9287059534284612,0.9886025508421155,0.5521746556865964,0.7282838572810628,0.32532359719304876,0.18192468667673975,0.15941117781518138,0.2575359040050849,0.30931786286585417,0.25638398008480856,0.5974949198321773,0.649276796127532,0.9308625589953123,0.791225318527166,0.6933113148371992,0.6651728329213746,0.46423785301031545,0.4600144215081469,0.4494907864987064,0.5318214667405619,0.31249841940498285,0.1677762345844374,0.11090656320687597,0.10186656943380049,0.038617363829621484,0.015303982457692818,0.004380466198869156,0.0012696217719484505,0.0054859630239598245,0.0007345597344318521,0.0008611009236533438,0.0011199723446195114,0.0018538692073319643,0.0030735089775443245,0.0033769224459716694,0.0037216086619729282,0.007529730592277416,0.00861652167764713,0.005988158524200639,0.01532863056309263,0.009196666900572149,0.01650533185680361,0.0024428384358649753,0.007139810170872417,0.005051580688802113,0.004168871402375518,0.0023599280982483433,0.007069867219253874,0.03725330516463594,0.10437141771928718,0.15093276352747997,0.2731692193067703,0.22667985478853925,0.24303950206340866,0.17023572587227806,0.34900564260244304,0.42199499714928185,0.3279783082803571,0.3646969650992535,0.4871627879223501,0.3892343698297821,0.44953382647664886,0.5052508092199103,0.292960211852645,0.1103711447252416,0.048787147335805074,0.05441929564474269,0.03398004929301318,0.003718944806514136,0.004256131196368097,0.002171819949361625,0.0036579610292690754,0.0005462776929833548,0.0006025775740137302,9.220941862472782e-05,4.6374792326506244e-05,2.046538046393708e-05,1.8289168834621601e-06,9.306670620018412e-06,4.100945008353079e-06,4.8993835979662275e-05,3.6825607564984607e-06,4.470815277978379e-06,9.533865075664546e-06,9.270373506743058e-06,2.1582431313113288e-05,1.0393380657638652e-05,5.583985066893128e-06,6.596935466774166e-05,4.2479363875112134e-05,4.68631019396204e-05,7.379544773403285e-05,0.00022851530134820257,0.00025424420063229587,0.00023385418405035983,0.0005369156929700997,7.44131827089661e-05,3.504295947157924e-06,2.1364107682512538e-06,3.495487625012666e-06,1.1115061638218427e-05,7.988142411255119e-07,2.5764358302813515e-06,1.2684715794512075e-05,5.3113066771671936e-05,0.00022384583757292377,6.705194755148537e-05,6.87921521467286e-05,6.463344895923272e-05,4.5827864593941946e-05,8.27618824060253e-05,4.938488646601869e-05,3.1096715798139825e-05,8.754130271116787e-05,0.00019998384092380809,0.0035237779051768593,0.0012375715611853033,0.006038758402893733,0.0022756724449058308,0.013598934438525308,0.022682508722444313,0.010727883086758858,0.008696075432034716,0.009699829435287731,0.031419434397659304,0.04288398731461109,0.02053878683915029,0.03842894976091842,0.0715767022378617,0.13410728791148996,0.22991709357123652,0.2502779740088162,0.2859634701618566,0.29194168193876946,0.6003019301208259,0.8765486393434283,0.8092678715677614,0.5882848210628651,0.504388274870993,0.1978747639276523,0.10868091585751016,0.029999908235181855,0.0066098474297669445,0.0030547906946698125,0.0002475619534911376,4.4868528810298696e-05,6.719676872867596e-06,2.71621685586935e-07,7.1267951207254825e-09,1.5478784303744676e-09,2.5288731067157668e-12,9.003402357196613e-16,3.4549964658629096e-19,1.3379225342931224e-22,1.182181777584045e-27,5.6416658593711926e-36,4.665867639177748e-48,8.507127735960959e-62,6.4701703917768926e-80,1.51793293283168e-103,3.0485681889670274e-135,0.0,1.2603172751822226e-144,9.206339500364843e-102,4.80986364595911e-78,1.481232877309488e-57,1.0411081508284773e-46,1.44569745020141e-45,6.703313208288121e-40,1.1468144275644375e-35,1.3725117780898929e-29,3.7261438156562864e-25,1.758409936466194e-23,4.6187275149118744e-20,1.3573382174245895e-18,7.078036537682338e-17,3.7499776989527993e-17,3.0586610866801227e-15,7.717975307575006e-13,3.0148565621965945e-13,2.083686134770544e-10,1.1193647149762607e-09,3.134796379692771e-09,7.339693527427357e-09,4.423052309748257e-08,4.3075583529972177e-07,2.592043703081296e-06,1.9025086583966737e-05,0.00024097619911075827,0.0001400663113081477,0.0036620568384130203,0.007728594921630278,0.007555960576747729,0.025034729512836616,0.09290475768833707,0.1066754111220631,0.16479623070237903,0.6377858132601913,0.5635722215105061,0.6213660489093211,0.4275745164634542,0.2735974127682613,0.5040170536129545,0.6517955614459305,0.4179468090580655,0.46161000498098226,0.40918036175179406,0.35373516487848095,0.41132110328405924,0.49548985884425795,0.9994831386589829,0.6471083830265113,0.4491364251058677,0.4318469307937317,0.6576675830439882,0.8318173229762812,0.9706183968336495,0.9404854517444837,0.8867305131185111,0.9577090740867938,0.8757205966579178,0.8554408571164981,0.9536840415383906,0.8329210429383503,0.6518208728775209,0.5342867033451323,0.7162205493120937,0.4267467996386831,0.7223551729842214,0.7108062916125802,0.40308663245069337,0.5434783955661296,0.6348887937035642,0.6083826794764932,0.9612571183960767,0.6925147654872269,0.19854573610052761,0.18393169964046666,0.3721232705899404,0.23518866520088832,0.1589830844888835,0.0842907096381165,0.028666220461253257,0.1366027391863724,0.0351868488693195,0.06586198473153165,0.03586032409709642,0.028537959803735538,0.06525762462005831,0.02004004367930612,0.02824491716471083,0.011246966303177494,0.01960203928513501,0.08903596037557186,0.1585774691693456,0.1813984264598119,0.26596799069691957,0.3141754414912904,0.5953600600726962,0.3269967537152985,0.2879747079135797,0.28543885581344,0.28158481475456976,0.33187630633298004,0.10357847602571443,0.09536316740360301,0.050461697981020494,0.057514273384650004,0.17695407962451593,0.06211624135784271,0.07178830952966701,0.07365745119707812,0.14828622295868363,0.21918201304847415,0.32351904820980265
8.699999999999932,0.8241637755599476,0.9856982118813106,0.555590423891187,0.3671343388444568,0.30589294429866815,0.24596710621242077,0.13676589262528135,0.07057549078995422,0.09878318790093701,0.11185639996566593,0.09244891896659146,0.057542175751321235,0.030471416472823868,0.028419151338332536,0.018451552745709403,0.022503096131185066,0.01759813258548667,0.01089993343541765,0.021488447527727557,0.007496361698805088,0.013621613948411103,0.04402124571849571,0.17425884577387799,0.3454775884033426,0.6895840817910139,0.8691481233509324,0.9604166626844207,0.6322071893527533,0.8652548178318599,0.4024952812123485,0.24506468628523448,0.21077528167476484,0.2875926958664068,0.33201129338125546,0.2579836059347601,0.5331495609722574,0.5958117503774101,0.9418183196067874,0.9147831175822959,0.8719505759900295,0.7924471032530671,0.4856340936116665,0.41321847365466563,0.39549245412004014,0.5098085727308611,0.34945775560057496,0.22116783050359634,0.17028654625654074,0.19234874437650493,0.10745100888638597,0.05606889192017747,0.01718886123159053,0.005649304797436596,0.015688986076959614,0.003272300353527351,0.0030460859469443073,0.0038590435355657393,0.004740972554410911,0.006017307860595664,0.0060081011349703,0.004334164419050942,0.013695719015719567,0.012963538893385713,0.009259131631731412,0.03210120813684219,0.021493605146409234,0.03783881128421787,0.007716441211574147,0.012212891799779869,0.008914277755311527,0.007322364242594519,0.00406048107996747,0.010928987458245222,0.03954485127975492,0.11169064558291307,0.19818564796363242,0.31342546428306906,0.2607779078591993,0.28718021362669494,0.19883897918904223,0.34899023912457283,0.42219865993553285,0.3299817630944521,0.3693736054494281,0.46545334151419104,0.3802984250423299,0.37215850052632016,0.37733763414777105,0.21251468480352326,0.07565824908164046,0.03184836731323031,0.03846282834106002,0.030993354693612682,0.0038021578255386687,0.0042225010176513336,0.0023845222655385387,0.005042360220553448,0.0008821922995095778,0.0009615251465746482,0.00019858405015266104,0.00011085336250975251,8.011484343324099e-05,5.077459073788803e-06,1.9554006993159198e-05,4.1787361889515855e-06,4.7240548090493884e-05,3.3218705321311014e-06,4.242278343229281e-06,5.994924180728731e-06,1.0133899183765245e-05,2.0963690935950207e-05,8.309497500630295e-06,3.086701072382439e-06,2.6315547213845998e-05,1.2839667098307802e-05,1.947735662234798e-05,3.562563498142563e-05,0.0001420753836635691,0.0003070537103141193,0.00034320271203645006,0.0005995687598483182,0.00010844880517670014,7.105403705692912e-06,2.6720157701964716e-06,5.786478648163494e-06,2.000394684080806e-05,2.100225319821409e-06,5.934939139163637e-06,3.670841803667332e-05,0.00012725394820882805,0.0004593862802542226,0.00012246117662335774,8.089393145209132e-05,7.718465260133457e-05,3.719384405521121e-05,5.404207552171136e-05,5.6508630284036404e-05,2.472541970929234e-05,4.1389345760900223e-05,0.00012925228384118358,0.0022599499157381266,0.000918737918861979,0.004734226809823675,0.001956928972204877,0.01005966576988606,0.018487841540531045,0.008143511558110538,0.00888178275184605,0.008622039845768406,0.015831742360211693,0.02016882736630502,0.01030178407002266,0.018702287310297702,0.04420768438078548,0.0745964112871645,0.11486577303055075,0.12508807174172845,0.1485553425958992,0.15834967153012808,0.3821773894008849,0.5872363685362162,0.9444524882180116,0.7440217300813806,0.6274765844404093,0.2367799789653695,0.13232564444605283,0.02621674176194627,0.005412335815537693,0.002651290861565022,0.0003145967888761236,6.942554653192178e-05,8.318416489205043e-06,5.529435157063633e-07,1.9249573865686462e-08,4.708948161565987e-09,6.701517235619256e-11,1.9703274231336475e-14,4.0360558356417476e-17,2.6581621751384852e-20,8.350154759749533e-25,3.0439174565830372e-33,4.5368079300555e-44,2.1434139587324508e-55,3.658629688528241e-67,4.16170916510958e-79,6.980825264373646e-99,1.2603172751822226e-144,0.0,3.501796499351947e-142,4.657663137736715e-105,1.2892299443121026e-75,1.1601600750073902e-61,1.5750735973021263e-58,2.726876057278696e-51,5.600926836522312e-45,5.4814944374861385e-37,4.1040397182583133e-32,2.294903588635482e-29,5.151795911734583e-25,5.1214263556303987e-23,3.2782907998433806e-20,3.276094577220478e-20,2.3000959029347842e-18,4.378091878255672e-16,6.757555414706408e-16,1.8877704599105636e-12,1.6129745472105946e-11,1.1638696524037345e-10,3.2677228724449224e-10,5.156561225726766e-09,8.338486889415797e-08,1.0232709474573554e-06,8.499820795856048e-06,0.0001498821496437933,0.00014589497365179518,0.0046658765960500975,0.009787836089591473,0.01227969103003035,0.03587260145791038,0.12136239029610611,0.12864057186121014,0.2217651256822391,0.7687478549550744,0.6987340318642933,0.47521606146978906,0.27444333001382587,0.22303484088112688,0.3217573163067347,0.2773710080461065,0.12094544373859169,0.10083107415652456,0.08978762194859502,0.08141139609133519,0.13626445020189845,0.16483292849047806,0.5458930796637581,0.2961328731002652,0.17885305605089755,0.18785375274199517,0.32777401368026793,0.5508729371009793,0.8078565291929504,0.7989766706897768,0.9055036346793951,0.8227778295590303,0.7350245722415539,0.9212446542453474,0.8991548081389759,0.9364367136062358,0.7670528592675766,0.5603715036622366,0.6489712099493268,0.3715221136904681,0.592119840411324,0.6318223664738675,0.3117568289192592,0.5171069647662888,0.707913125450055,0.6085699867546577,0.8405018616076037,0.5755180635778909,0.15645349283643845,0.16262591994148,0.3901039438528312,0.18421226859054027,0.10819822141069706,0.04959198261245248,0.014549733400300042,0.09869565593900606,0.023431275836806653,0.04339308609526429,0.026025520994237494,0.015861466100586898,0.052105261687525016,0.014109739462959866,0.018504455780944527,0.00881959657672505,0.014745323963376064,0.07756116327259449,0.12735569205543545,0.13286814064455693,0.2192746472653996,0.2240272738975157,0.5352601822320859,0.27585836709772193,0.23784301412237926,0.2510074122665948,0.26963960524297814,0.38279776976492375,0.12305160921912724,0.1166159988133385,0.0737469954514602,0.07767780921179707,0.24753698069997912,0.07423708292358702,0.05876014353611303,0.0702206118314471,0.13368814977423185,0.2035158304952137,0.28182549756587477
8.799999999999933,0.8961209251234009,0.772775279677718,0.41157076722074126,0.21049856863351762,0.17004460180723086,0.11204899221868662,0.06939583964563502,0.047756889445687435,0.07399068214635753,0.10794158389374627,0.09350061562707565,0.07913771560752648,0.04237600835229528,0.031012633302118942,0.012182503691683074,0.012171153446242347,0.009244645767071633,0.005566873971286816,0.014416983955967074,0.0037028035197889334,0.006980539689149424,0.02140769696156204,0.11591114876110939,0.32612773999221345,0.6554379717052771,0.7554733206965885,0.8450666126562476,0.7229256549400339,0.9948198587669532,0.5077799180044806,0.40739135847432023,0.34268622582301334,0.43101992646740767,0.5153294609914726,0.39693462106059885,0.7216171407770854,0.8081745646991514,0.9026300927501775,0.8451909539706453,0.8289175532504615,0.706904760849923,0.48508026662918874,0.41576747329672537,0.38011972960537455,0.42601546503308363,0.24202796101774754,0.18102403470773518,0.1555464726843895,0.19199751950353816,0.07721067073050882,0.03407505128418563,0.01060863129560358,0.0038690395782300267,0.007758526467015273,0.0023634117614941396,0.0016644295589638158,0.0019622111224607375,0.0017761203852839562,0.0026078573435180676,0.0028441512042125124,0.003875234338726612,0.007831758225925214,0.006684796834162393,0.004451961359205355,0.018757864410028396,0.012584504252117087,0.023321364624831902,0.006046153780285253,0.007137910713059049,0.004399516862400496,0.0044662242728287305,0.0012195574539766666,0.005648166408207821,0.030808437753079107,0.0708481262465875,0.11434823263443744,0.18063781272309312,0.167548966896322,0.19923851430061168,0.14764052048603876,0.23689379233184124,0.37370747739416804,0.32130378312057273,0.34040538186219893,0.4251595571598151,0.3046421210798509,0.3109906754609063,0.3222704712705143,0.20275030672986635,0.06878693648654444,0.031843286378832644,0.05776361784094856,0.05902756585623367,0.009417873585786914,0.009631294274946856,0.004752574684623989,0.008246742398715779,0.0019141352062963801,0.0013182929675183781,0.000443724635236661,0.0005640535276352998,0.0003438350181688309,2.1682848798182744e-05,8.599053874497952e-05,2.603573950925592e-05,0.000127512327090365,1.3930000266257616e-05,7.932602039819825e-06,4.7526225618261824e-05,1.3895708426627133e-05,3.134306959448621e-05,2.1408198413458974e-05,1.4103342628307667e-05,0.0001763819280754601,8.501912477168465e-05,0.0001878415170329748,0.0002459637138259158,0.0008836804914607786,0.0015127317534766981,0.0021727036573961495,0.005175321077622781,0.0010676795000510637,0.00016219495312279285,3.5094891429633465e-05,7.678077045422148e-05,0.0002995004195519121,4.240966301070283e-05,0.00010794354607356312,0.0006215843411066656,0.0015499024937021396,0.002326366837791838,0.0006933229127871947,0.0003398526536529596,0.0005400679704404662,0.0003014384833231093,0.00041280314042548255,0.0003053685977844185,0.00011017417552059034,0.00022888214746351367,0.0004433758415297094,0.005158506758767439,0.0024444925197925544,0.009487311043382539,0.003977205625006054,0.01619724684395191,0.019687092984821766,0.010980557332728179,0.012936299361628299,0.012635328989232203,0.018325091709654084,0.02596850777618498,0.012190226457986317,0.022946040474292977,0.05611764659200257,0.08494859308696749,0.1298227416374829,0.15184775625357333,0.209152693923109,0.23216730377829936,0.5122475693336778,0.786690565365306,0.759178305989705,0.47588325740829013,0.4422330947578157,0.19073236825935316,0.12235721018112458,0.027499299191221058,0.008070026160334275,0.004130744340091716,0.0014592798545983538,0.0003665570084012729,5.9834162129632436e-05,9.070551793332412e-06,5.200152645673229e-07,1.1620463355758096e-07,2.448234699731765e-09,1.2362000590833349e-12,1.0302022795633844e-14,6.110852158518344e-17,1.587202062230035e-20,1.451495167263177e-28,3.120590728746091e-38,7.540010776439961e-47,5.283119398022456e-57,5.144311741128027e-64,1.2683192643592942e-75,9.206339500364843e-102,3.501796499351947e-142,0.0,5.896669643536673e-140,2.503171072188273e-97,2.8341442746029407e-74,3.784093478476317e-69,7.4310231252000045e-62,7.973340754143292e-53,1.1258517386400277e-44,3.13314099671212e-38,2.5683648493529035e-34,5.109869088278232e-29,3.5811266868954237e-26,5.018816114305446e-24,1.947368410352669e-22,1.2825448157899306e-20,1.9035067245439937e-18,2.738052247789234e-17,2.068651134907367e-13,1.6804988304295938e-12,1.074340385927567e-11,5.723561935853173e-11,1.2958209276465682e-09,1.5155436141996976e-08,3.21326656592488e-07,2.052888726964034e-06,3.862097173842201e-05,4.9881295246614645e-05,0.0023445613931153478,0.005602280844852214,0.006012797297127181,0.02377361515975037,0.07278550478105235,0.07882300289387525,0.12618585503164395,0.5403690514116505,0.4653855562677274,0.7901968093206738,0.5529093526264158,0.25294906502292497,0.28565952716800647,0.3854082295907818,0.1977760658453294,0.16458899017378514,0.1562891377333024,0.09672301528790879,0.18011941998927827,0.2360548262028357,0.6332537496381022,0.3653295609265232,0.20868851771413918,0.1859494629083059,0.31655199635236186,0.4197841076113237,0.7403181645612514,0.7206676833885035,0.8166797950644672,0.7783949473338975,0.7195768290332167,0.8945353394799556,0.9963615685569642,0.8328240422833991,0.6829893688721992,0.5100683252415231,0.45200737659978496,0.2503286686424427,0.5704612936260937,0.6114625864931016,0.35328748873439847,0.672373548758532,0.8423808063612812,0.5639948227173914,0.7474779904626009,0.5333416223701695,0.12758040007879495,0.14294694072291864,0.3304912727141771,0.19147473064316103,0.10103456229628675,0.036521838124939116,0.0096704053853669,0.10637997752486608,0.02268699281240214,0.03819449809752761,0.019877570336626058,0.014261609735291869,0.04831817568595657,0.007975852944419945,0.009362285366581225,0.003266077601293399,0.0049137640328316854,0.029720123657932678,0.04713444478355229,0.05464522574620661,0.09105811347542132,0.11556449171659068,0.3562513373815197,0.12388239425528103,0.10123420817478469,0.11127366634780034,0.13897196476284118,0.21869149541006808,0.04770227401075297,0.044798322158657373,0.02865833616138346,0.027536392312889017,0.16445437431555116,0.04688760590324607,0.03617394705425818,0.054760501907631334,0.10785631392760829,0.24217814904747495,0.320055349706715
8.899999999999935,0.8051462568101481,0.6748861008737149,0.3637974119096454,0.21174685891756434,0.16909195675380884,0.1387942938222752,0.06441528594768935,0.04030491574756439,0.048524566007380636,0.08119544845811061,0.07079555168774357,0.05751306117716948,0.041054908036938606,0.027182404757923453,0.010023918340291883,0.008888289629905342,0.007051586074745695,0.004165627818948185,0.013062829336898183,0.0028534963150821766,0.005109137980404172,0.0166814301662907,0.09875740389706884,0.2600078178309412,0.5472040960498389,0.6672521634621957,0.7718230198102171,0.7900738517198109,0.9677126041379158,0.4802121756867196,0.36110176882931444,0.3405651035928128,0.39417623945826513,0.39439600673685277,0.27612506620723365,0.5808977338329278,0.6743000150299485,0.8870734766006821,0.9054404147887217,0.8351498916620899,0.6769244737222845,0.43168309329752036,0.3626047236629466,0.346960934921266,0.3875536653087997,0.2302647351528233,0.18979795936447497,0.14286083543748096,0.1985016187711711,0.0775985853308736,0.047197036951752494,0.018606061569614245,0.007161671965066239,0.020025649319773974,0.006261776842789128,0.007424289758401612,0.009629618915968073,0.00984463956965273,0.016234601395429576,0.021543741599832352,0.011966127456606851,0.03345967735723635,0.031104788393632624,0.028184789549682312,0.08789258506166167,0.04370288102549841,0.07627503438282734,0.023659973529945474,0.023540654394434108,0.019641404823512783,0.01739947861270798,0.005253221693111913,0.020359842257854692,0.05537162620540731,0.10857717245809763,0.1328983017811768,0.18038085987112265,0.2571997184617644,0.2958110701205435,0.26374555482766493,0.3276693391225864,0.44458859332347767,0.47594881894250857,0.4309107019015934,0.5600940961086817,0.38504412662585247,0.35074043108905206,0.35900984840457734,0.24972089210143725,0.08904239629506351,0.03132145884614487,0.06359172888574109,0.0593287446659186,0.010973392215477728,0.009722721349845713,0.004182910562480538,0.008388420831959122,0.0026384540844906455,0.0016729487373847035,0.0009352858187774324,0.000996850385165045,0.0011196674157992364,0.00014259054955613126,0.0004541012012410668,0.00012534382280461227,0.0002539458024994154,3.4099590885056663e-05,4.5711131356870764e-05,8.868664992045968e-05,3.3934528952938664e-05,6.700099231559465e-05,3.295879775401671e-05,2.091315493543829e-05,8.35081794774255e-05,3.216521019136158e-05,8.321042019192508e-05,8.278596266768258e-05,0.00034312448029784576,0.0010344883333605265,0.0017880921535076526,0.003471656704165119,0.0011264109321102993,0.00017582056493104694,5.548825332115958e-05,0.00013510737200789192,0.0004989344369791136,7.626550666442679e-05,0.0002638549628821784,0.0010308019648534528,0.0031013255156329455,0.003998669994478584,0.0010501984923642124,0.0003158128260274656,0.00037470356804323717,0.0002519357341695512,0.00019195748891382707,0.00018633786187623007,6.492071265249707e-05,8.684165860697853e-05,6.564811396078136e-05,0.001459457120123868,0.0008340941603054475,0.0034001765574239655,0.0013330490596938163,0.004944745520213276,0.007337292296513024,0.0038232222162356963,0.0070007732284024194,0.007634983417328792,0.007368611414940028,0.008058159036763116,0.00391802441057048,0.00856101339558083,0.021314702453857606,0.04493084185626755,0.06951888592061717,0.10492675494407004,0.10967895353648223,0.11675389848516132,0.1946405328658621,0.41181964694343975,0.7858427636930676,0.8274309147768854,0.8522760399429368,0.42318540492195805,0.2905777530296145,0.07723490038183778,0.023778054281028183,0.021044435669559103,0.0073061449376070455,0.002310802824583637,0.0006466014623552871,0.0001047153811160014,1.5402379322977203e-05,3.843545567346694e-06,7.048914632002012e-08,5.752489147468474e-11,3.0316573257268287e-13,2.7057588825863864e-15,4.744249897076056e-19,5.21461699725082e-26,2.8484669183870594e-34,6.744048188423469e-41,2.1269681779422724e-47,2.801207030736879e-53,2.0454975608150707e-61,4.80986364595911e-78,4.657663137736715e-105,5.896669643536673e-140,0.0,1.470952519122786e-138,1.4973959549803383e-100,3.491426265566183e-91,3.0847822524353656e-76,3.519347048425491e-64,1.0165473426088625e-50,5.765747764017393e-44,3.1374684354544366e-39,1.9998653285996875e-33,4.2127991293816496e-29,9.802626759639495e-26,1.7399144588495374e-25,1.91907835348737e-23,3.465709808864012e-21,6.192250730725533e-20,1.0107921507783667e-15,9.85217009371863e-15,8.299792122304635e-14,1.979486625778811e-12,1.1284939420781821e-10,3.035556343391579e-09,5.3358633449206805e-08,3.164172178183696e-07,6.2650544845086204e-06,1.37153301021869e-05,0.0015086032361044598,0.003330405122954458,0.008307313407688827,0.03438805987048288,0.10666996016926612,0.11863933580449358,0.19602831827838463,0.6193828571263779,0.5847665907295159,0.626595069363888,0.3885345637452638,0.11954052499795398,0.12047267791151119,0.17947658991967533,0.07336294709525142,0.05282247434621684,0.03359951705673616,0.017177250517507923,0.025073083836713035,0.031948693935966575,0.1474747027664339,0.0750065401351118,0.046904346505252666,0.03352944568097793,0.05335710198309678,0.12465617423279296,0.3590411560359119,0.3381803238151,0.458908187517428,0.5661265601053846,0.5372488995257709,0.6986765269630038,0.8541663168359342,0.974086520174753,0.8759095522376776,0.5809958595510675,0.5432575565748718,0.29429156326647055,0.549753820728031,0.7135518119487435,0.4179892653246307,0.8600951710924519,0.9848832324059343,0.5290264100014691,0.6016515580200859,0.40655505909230094,0.10366776412121788,0.10725448945882572,0.32927777748325404,0.1722875817289501,0.10994908296057182,0.03246212327595043,0.014014818708913815,0.13946158433977862,0.035160706016992276,0.05805760842630402,0.02956404848524768,0.017297349227013707,0.06660913860097221,0.017078623529228735,0.020195521329158205,0.014619961383689784,0.01883879228939123,0.09867593918027759,0.13365965854344683,0.10827472671417389,0.18416472934235142,0.1653335422934601,0.4615443842635638,0.19747692693732777,0.1362860057808061,0.11357958200392983,0.13656186421655866,0.18547679714385973,0.04842376427621363,0.052003667226598375,0.031701811678111494,0.03236410808236858,0.19489386300004205,0.06764200223260235,0.058929513986865543,0.07903051477579305,0.1702105172953087,0.31425761684521264,0.41968592557855156
8.999999999999932,0.9957565020495486,0.9014169268099671,0.5200371923295439,0.34794224283760444,0.29653447510181846,0.26620159476670735,0.14063507627167932,0.10332824745659255,0.1474155717620422,0.20746450468620964,0.17376436300328915,0.14777180614140795,0.13394078812017082,0.09128431070137545,0.02788225489594153,0.029750866033429926,0.031402532534625396,0.015703223748511654,0.03582170915713407,0.008277382602149086,0.009934328947946495,0.0247134827387418,0.14093215131128292,0.32807262027736045,0.6355408203210341,0.6869805755738749,0.7095045730597019,0.828199407868969,0.9382612661391827,0.42499951673824593,0.29829972270111926,0.2787392899368737,0.2994407203351554,0.2738096681012818,0.18683089893433952,0.4086258549638983,0.4936076319770967,0.8388216657025621,0.7921047565524536,0.7215929764416614,0.890881411854007,0.8842997136244377,0.9169165231917875,0.9374486620236108,0.9883504817070484,0.6709370346309755,0.6290575880226875,0.5253935530766403,0.570411625262248,0.29923533179552897,0.16406889768640595,0.0871839773064117,0.03366442167917234,0.05366154067621007,0.02294469663394759,0.022190806957077567,0.02904207882340938,0.01872450227048287,0.022411567131875643,0.020265294696461877,0.014330354158184344,0.03383640657967098,0.03142097923572134,0.022662919006650323,0.09082918102185597,0.0503070829703384,0.07328661739999365,0.018280252874723516,0.016989946661165232,0.012155117438880533,0.012279120917124185,0.0038399484548637636,0.019848745420218156,0.05813462629819792,0.11968575532361385,0.15717723949228862,0.2070767204690887,0.2856274965275554,0.2830109199399715,0.2993690560913451,0.374306552388365,0.6055975566555213,0.6107749860428241,0.6942423475646354,0.8345251467930552,0.6241534698078482,0.5424736728205913,0.49478591655822707,0.3446126201031082,0.0958108563597971,0.03737702761078346,0.06537037130016068,0.04928431992154979,0.009480148455932482,0.008339994900141291,0.004557777236276529,0.01553457307159355,0.004555773190189651,0.0027571180456833215,0.0017696016490930323,0.0027937838212022496,0.003115776097107758,0.0005569196548993861,0.0016355897204715674,0.00039442813441200323,0.0007308845137118434,0.00010869065940074198,0.00011661545938224204,0.00047584217440892125,9.567045220881279e-05,0.0002147303296877076,0.00010391011615521056,5.886811704875823e-05,0.0002832718779747308,0.00010189493104007176,0.00028212621642783567,0.00025162877851901466,0.0005531256932809121,0.0018510778045744628,0.0023497722306212833,0.004692503225717997,0.0019018915975684367,0.00047058851837807563,0.00013908663556323956,0.0002654338500082635,0.0008881436352349043,0.00010692748214112668,0.00017131373322507872,0.0004555482638372831,0.0007428299080187983,0.0007492346273918929,0.0002362908441579827,6.670609475394552e-05,0.00011790502078229726,0.0001404124787903544,0.00020129392826065623,0.0002253222418640757,9.309725447770119e-05,0.00022595991485400757,0.0001902705813282454,0.003512116331568846,0.0012054888514664943,0.004419566302092865,0.0030276282326305803,0.008303303545189978,0.005730126198963058,0.002297953281112006,0.00470539321276138,0.005356654686621093,0.003535229869307734,0.007855604970515585,0.006518746076982603,0.01725651076016596,0.035980408637583075,0.0750615444640468,0.11349935724665687,0.1397895128876674,0.1488973404107299,0.18242577563828347,0.2921412913153075,0.5178818020101397,0.9299182130001887,0.6039871721778586,0.6467746786808981,0.2942490561497054,0.19490843596629398,0.06384877941923298,0.02248147184340442,0.018568639444221515,0.0071916165733857396,0.0026402103181170002,0.0020395953072031977,0.000637405285314868,0.00020521567092635952,5.652682775036282e-06,1.431497969877259e-07,1.4108737896714222e-09,2.1221979614495924e-11,3.092335153827049e-13,2.5427980244859585e-17,1.7244525687339943e-23,3.068918995522304e-29,8.388117130231624e-34,1.3874221500254565e-38,1.3129772554371603e-42,8.01996486503705e-49,1.481232877309488e-57,1.2892299443121026e-75,2.503171072188273e-97,1.470952519122786e-138,0.0,1.2298833475671796e-137,1.741165917508232e-114,3.405607158243011e-89,2.1667974178938926e-71,2.2334299924672874e-55,5.291325113217505e-46,4.5068388877242713e-41,1.50454354470103e-34,1.9470308424491285e-29,2.5090670372562892e-26,2.262990355243388e-25,2.0116328487756134e-23,1.9350590490111167e-21,1.7551752035347381e-19,6.75499462636836e-15,3.4871612969829485e-14,6.18398111877548e-13,1.5225862210629224e-11,6.587886972773702e-10,1.2569600382055405e-08,3.269610403735058e-07,1.513736303585987e-06,1.67461807668822e-05,3.5863254821687255e-05,0.0024205075579508757,0.00389471575314416,0.007977277692388011,0.028279666934152063,0.08642003757383938,0.09049654087917924,0.19959684955895474,0.5895697105400504,0.6222519406972113,0.5458020007788618,0.32466554676925924,0.08035146696842274,0.06660369795861341,0.10370809743305112,0.03408709500456499,0.026035832058253668,0.012572375389033287,0.003560600084573315,0.004654729400985068,0.006555656095806006,0.05460924070113237,0.031137018316975875,0.014309117147961686,0.012409707711887707,0.016978765913960612,0.04895587250212069,0.22775881351498914,0.23824262032913135,0.33041141814904784,0.4945490057076337,0.4811192335207588,0.6140896510225355,0.8242474255907074,0.9765849696740151,0.9922387615421957,0.6091425372625794,0.4886692311332221,0.29826221185909163,0.546150178173802,0.6961582480356986,0.4271010566683244,0.8328097202865024,0.8956923635867656,0.5574605370914365,0.61770679724443,0.4015497457373841,0.12077980473941949,0.14104556143236863,0.3516627786432736,0.2360486826673418,0.12133189036081046,0.03706520858515378,0.008464687045388688,0.09782775640429694,0.012390402481538646,0.020370390386466233,0.013931412224633235,0.009489501745036235,0.05565763722695918,0.012035023982608901,0.014536844420195118,0.012172386146820447,0.017709388076385568,0.09460362889970823,0.0867936895481748,0.03871628228058215,0.08401868297555491,0.058100691123485426,0.23011429501872852,0.047841513813699915,0.032578731736468615,0.02132633423254147,0.0200053604689366,0.04214375036548467,0.00810821374465294,0.011819301927514713,0.010580507433683772,0.010846075969953482,0.12040433110732986,0.04972689743418684,0.05407025527709193,0.06996069917076893,0.20503066629685177,0.398253927586384,0.36141604929244975
9.09999999999993,0.5823318741962912,0.748988207718452,0.4910269583793003,0.2773135344575529,0.287871013847215,0.21238457883570439,0.09290558680002195,0.0505960481594635,0.0599877804165012,0.1156899254418838,0.09413983589525339,0.07599965609928647,0.08180612542167348,0.0530485934093147,0.021289170189050508,0.017248549630508092,0.026196096168271232,0.013262353378564382,0.030722449309350315,0.0065506965776815996,0.006315338839973041,0.015904896837975847,0.0983179213023731,0.20123936634330206,0.44903430317598286,0.4970289566035988,0.44112604836654257,0.6916248527136386,0.5283049638587572,0.759020834939224,0.5898433949688398,0.4822681530546412,0.4618352013953491,0.44424192186343425,0.3075615641302501,0.5533342758358125,0.6321794968676302,0.9556862991403432,0.9331912780237921,0.9109180824337304,0.8880111134553696,0.6977045146936804,0.5756499024015571,0.5521016944621474,0.5781762063326122,0.43301953622498685,0.4912601509357668,0.4514498973509835,0.4626573312279027,0.25210112341721413,0.15307077745141018,0.08483091738829826,0.034129868494984276,0.06969228616177525,0.03094178191859061,0.030987686084172014,0.05056129533599131,0.03686024558520413,0.04218578531264058,0.030933317312902452,0.010476834082306704,0.03606072003493958,0.04038460742868386,0.03534174192103462,0.14868205229814027,0.055687175867388965,0.10232612911021972,0.021997533392086648,0.025053281521802976,0.020067796682542785,0.011129207687030204,0.0025124795093230045,0.01119285570425032,0.02843184225254595,0.0750840432284815,0.11071862196916187,0.09824764647243249,0.1490138520054291,0.1471067461198387,0.15159502326786473,0.13239234692925347,0.25259951379392614,0.2694944052610881,0.25693841452864913,0.27752556740177736,0.16144650736179703,0.1370987553205221,0.10407419732541183,0.0792262154816136,0.015254730943271486,0.006014632386921172,0.015473135788168856,0.01087490855295903,0.0017298118679458822,0.0013633030052715603,0.000773645681377271,0.00444148258757803,0.0012669597513457792,0.0006735478603605486,0.0004001602384645606,0.0006793223149542942,0.0011304122563763751,0.00026446686559191275,0.00040064520721261646,6.71869452175579e-05,0.00010599892330254934,9.970739726125466e-06,2.23701046665255e-05,4.1254988109869346e-05,7.84216018962811e-06,9.196811624368378e-06,4.141913735690762e-06,3.4628070516178825e-06,1.1037649015671863e-05,4.5761683649984345e-06,1.6694057348721878e-05,1.324966900028107e-05,5.7310895563479696e-05,0.0001880296290723145,0.0003231830877857464,0.0005922532911643045,0.000162715980371743,5.0662103526807824e-05,1.2488475387845362e-05,4.208278686255407e-05,0.00031819912086586015,6.103215777516775e-05,0.00017579137474222294,0.0005457968817213356,0.0013517064151886968,0.0015594495815690786,0.00030212178665049277,6.506512246078716e-05,7.495655760624889e-05,0.00015787291385704487,0.00026460523999675116,0.000254625899625839,8.716391772573588e-05,0.00014257337324904566,8.850254251126156e-05,0.0020597635446844217,0.0008215567821629105,0.003913251705666476,0.002944961800032875,0.007766667641356422,0.008987979946711954,0.0031109988836520676,0.008093812316035174,0.006167380652851326,0.003464173073857555,0.006061480408133456,0.0033587976777317507,0.008020381532007875,0.016760803389250425,0.04913208032927195,0.07412876467409203,0.09558399500680691,0.074184872622484,0.1045546632345936,0.1727662795051877,0.3288101092007704,0.7474476519374059,0.7463042491699132,0.8543211449151413,0.4084597134159063,0.31586450189019916,0.088412706250297,0.028310815523354516,0.032192162933994586,0.019904919610882192,0.008963611914251405,0.003864060490403853,0.0010874554965478367,0.0003294716242369212,5.121446452650222e-05,4.220477236119126e-06,1.5544421850910927e-08,6.50048939187516e-10,1.0479543563005776e-11,1.9523658412018245e-14,5.907093598772358e-20,1.4022767394543904e-25,2.763160238536653e-29,5.68886353840468e-32,1.9184940921646059e-34,1.3696349162554436e-38,1.0411081508284773e-46,1.1601600750073902e-61,2.8341442746029407e-74,1.4973959549803383e-100,1.2298833475671796e-137,0.0,3.973931336601281e-163,2.2409300455669806e-115,1.66562653201646e-87,1.623377106510695e-64,3.7623028299143603e-54,4.441532907257229e-46,8.563345293289364e-39,4.003419267320871e-34,9.076644978179822e-29,1.2371175910542428e-28,2.2885191251016267e-26,2.432429326783134e-24,5.120601132098865e-22,2.3230641024487016e-17,2.7243166232485263e-16,3.8642146918646854e-15,8.014486159806447e-14,1.598091711762504e-11,1.700759665635771e-10,6.907401002119584e-09,2.4728584076015753e-08,5.975451196683555e-07,2.796815577315001e-06,0.00040748185835132145,0.0011439890080065412,0.002793200970000598,0.010981793652486445,0.026050121485207228,0.024201410329416,0.07949591275950375,0.32386477851296547,0.4080512653127974,0.8558239071371198,0.5317128266605526,0.1588981404820072,0.12363128357385259,0.15935098390365357,0.05652563466408749,0.0458039534840667,0.03170842459661207,0.010664292371046984,0.015263387821759813,0.01675563225531311,0.09173650258702472,0.047706508854415984,0.018190898729475494,0.016620355327586343,0.018312100674553747,0.07530665514741926,0.33777961677635754,0.30329016374761103,0.411325698480146,0.7098281546708199,0.5809112387606086,0.7993234513266102,0.9814291708475293,0.8845994702977117,0.80652416861036,0.49721085453595393,0.39125705119052384,0.17902113367891356,0.2747153467911107,0.31076183823171044,0.18198572082767805,0.43078227282843756,0.4810675067189278,0.9991384580187488,0.7897625037752763,0.9087124364094247,0.3590748417315744,0.38341367924748276,0.7794858320439942,0.5484627152091955,0.3958238994004557,0.20686304521225457,0.1308984260284555,0.5711650841087665,0.1834288450270093,0.2765309797602812,0.16756611741380845,0.10145327346965759,0.30503351127065376,0.12705801871667313,0.09761174296605683,0.09768451638871105,0.11670311780388938,0.3881365993440572,0.39160167648532757,0.22493877017888997,0.2761786206210708,0.16075257428472814,0.3859385060383237,0.1375069506047089,0.0682778035725647,0.030937878500823333,0.028553988513928593,0.056345502450877986,0.009155730967609847,0.012275668348092737,0.007968149467677096,0.007116269466281588,0.09181572809540484,0.03790226143424547,0.0461547184680091,0.05094650884019892,0.16903461212459756,0.3736163090678584,0.33679956279311823
9.199999999999932,0.6289497181385677,0.8228354564618903,0.5573498956873271,0.3428746291932435,0.33871367414873904,0.21056818579305586,0.11007402738482092,0.0678777142487142,0.06455887244815517,0.12790426271590877,0.08562129752998077,0.07958053870086385,0.07738855766858005,0.043690247671183007,0.015855770473060516,0.008757060638234261,0.014435596832682496,0.007585698777507982,0.019771231506800636,0.0038881396338913935,0.003442777458684106,0.010250217459737882,0.06679461502172465,0.1440558914052665,0.35633143007740903,0.3762939640315698,0.33439785558380397,0.5331616865781339,0.36111066172035977,0.9867191433437765,0.8548698447957815,0.7665505004168333,0.8084887293264449,0.8237173417704889,0.7021179260015311,0.9949244953020935,0.9547428500637593,0.5379400617882985,0.6942541642483374,0.719131883536319,0.5668179736086831,0.4216003760666596,0.3861976943273019,0.42157800878501467,0.43546472427045163,0.2777929045503973,0.3982981157104775,0.3165611318688825,0.3672862645657181,0.16135234396846398,0.08333891848504986,0.05898870302743004,0.02522899883305862,0.05220127585896472,0.02325975564308569,0.02005040762714269,0.041206159499340436,0.03729510345498096,0.04267935417255902,0.03362244131486532,0.014554430713116987,0.04591686014809221,0.05395298269992476,0.03721584201374504,0.12616547239423692,0.03871897701466437,0.0725491585592894,0.015782501420968695,0.019166929964717947,0.014813126086883933,0.008327311279275234,0.002211555932121888,0.010552201775649361,0.018172064931912594,0.042542849286205886,0.07314307793570568,0.08087742504815826,0.13950331260286086,0.1448517234728699,0.1857586773753114,0.16136792889970397,0.30470406468382255,0.3351003297291388,0.3022668619294813,0.2965650471768501,0.15741115208207143,0.1563516568815739,0.14975529981236196,0.10491206033190192,0.021450374409807474,0.009812570404068221,0.01857104638272728,0.011690304150677787,0.001297308221541915,0.0007480445970107089,0.00045252067594225067,0.0025764413738609644,0.0008919172619429213,0.00043294444928138867,0.0002715904868659945,0.0005642852025502833,0.001262838895311218,0.0004481776768868893,0.0006691012318296852,9.652093522662545e-05,0.0001768767741486059,1.9022135277374973e-05,6.189613103216039e-05,9.23972996088427e-05,2.153434659157487e-05,2.229167047746672e-05,1.0126141535769391e-05,8.447956651750759e-06,2.3362698074360972e-05,1.0211498752213518e-05,3.9326037925023727e-05,3.102918750440314e-05,7.04384912973505e-05,0.0001745785031386544,0.00020939385891825384,0.0003231791039385927,5.619520383173787e-05,2.5203227984088757e-05,4.123254002478568e-06,1.6522314725983676e-05,0.00011230256552479728,1.6470087181020856e-05,5.998977198725311e-05,0.00019604351983523087,0.0005894005072302128,0.0007963937063237435,0.00012797844882470958,2.908049292938006e-05,1.8380915302938467e-05,5.061935013553714e-05,7.519219470184233e-05,5.092814961526357e-05,1.853062761072663e-05,5.162287708623624e-05,2.7686238087122112e-05,0.0007703949658339982,0.00031706595826229346,0.0015552454976358416,0.001403803065689188,0.003851001713028683,0.006249543194852514,0.0024199032849092613,0.005605079629748495,0.005432232921310424,0.0027413418334105767,0.006014830764291275,0.0035664152757578487,0.011803672206664007,0.025222787978307838,0.06880190581650826,0.09907425189513831,0.1281432931559812,0.10220905369472139,0.13744220309364716,0.20689632111211367,0.43614277276668967,0.8680596578312688,0.6569622353318993,0.8294574214377827,0.39166110546770333,0.34761589521118375,0.09027354672638428,0.02997275966384713,0.029677684190543167,0.01745680375924826,0.007249012398360904,0.0018614118594397933,0.0006839475166493961,0.0001858214640709745,2.6472574494728916e-05,2.1098161459830848e-06,9.172342489991825e-09,2.454432553483496e-10,6.567687612523745e-12,2.1747267837453376e-14,1.1498596357321986e-19,2.143358754010321e-25,1.5995860293655994e-28,9.504695628447929e-32,1.9573757363020156e-34,2.2066510393125416e-38,1.44569745020141e-45,1.5750735973021263e-58,3.784093478476317e-69,3.491426265566183e-91,1.741165917508232e-114,3.973931336601281e-163,0.0,4.6001836930625084e-154,3.3180179160955446e-107,1.0408656212750276e-75,5.820188532627505e-62,5.1602833831548775e-51,2.0152495666138726e-42,3.0573859935234994e-37,3.383130386666379e-31,5.156118065856276e-31,1.4406091256385555e-28,2.772093948113382e-26,2.69473304314052e-24,1.21501648370172e-19,1.979447362629836e-18,9.003511337053214e-17,5.554257798123549e-15,2.4719392341968913e-12,1.8904508713716037e-11,8.201202007433628e-10,4.315353683563195e-09,1.1265116728364943e-07,6.770983296624618e-07,0.00015823374412749576,0.00046910309685254303,0.0016172812401828583,0.00762043684137273,0.022909497346281425,0.021269457907644788,0.08273163058013627,0.32094321398930853,0.4059460273820995,0.8764079808902105,0.502223410531186,0.15152824225109945,0.1000947994432789,0.1422464986154632,0.059926400014934704,0.05023140106150562,0.029868869222747365,0.008329478390478246,0.009431431020863095,0.01008501863497078,0.05948923298799173,0.031206558869574866,0.012019211205669192,0.010508525496741227,0.011893339880775594,0.05178495868750037,0.22979658580723614,0.21473399258560763,0.3234401234864187,0.5637284333605705,0.4384366976863093,0.6311134612125893,0.8555431037727791,0.9220575020279411,0.8880345956368043,0.5606630414756941,0.4792705063230127,0.24368365850821525,0.3344197054585565,0.3978126394357546,0.2596540807314144,0.5492807369949002,0.5444306731825673,0.8716961674880329,0.8073350165934209,0.8648957175475632,0.33398087590411674,0.42500973609852927,0.9409080961863762,0.7993642768520092,0.6558931957329022,0.4296650582707185,0.2524541710713474,0.9859747485259794,0.3389023475258911,0.4720514859884,0.283123081856447,0.16951331683981383,0.5093357295716033,0.1674916899747268,0.13763955896404995,0.12980263162810732,0.1472688146706223,0.5516847091249681,0.49010789100620306,0.2668765210490181,0.28990610737726574,0.1519638465379197,0.4331393200785016,0.13379725913212748,0.06718237014122384,0.0401750739999845,0.03016144836205728,0.08961917765481675,0.01301834767384379,0.024332335764938665,0.020068505745043548,0.016970793443751735,0.2003552671066697,0.06875688561168242,0.08629848281253155,0.0801489760504809,0.23870797417842113,0.6005226283547221,0.5131781854800015
9.299999999999933,0.4504246997094496,0.7059294353949397,0.519514175315697,0.30897517157578086,0.3478513927213492,0.1672325702596912,0.09201640433194158,0.06814270830732046,0.05574808394624776,0.1368027948973126,0.11271958230440468,0.10966479748857778,0.13069112128514723,0.06702358247585484,0.02794535257419528,0.015776103597811553,0.02427220150535551,0.01465740060749357,0.033505032082166444,0.007712592457758043,0.006445921850317323,0.016014614287108264,0.08805032473123725,0.17816150948319087,0.3526561463560808,0.37720923287939906,0.2855710761034043,0.3898731690568928,0.2529763893044932,0.7964605324350051,0.9137556314945358,0.9704000441138305,0.9699653125823493,0.9670838511659683,0.9328478989764356,0.720391124534768,0.7205258881264814,0.41130446446309255,0.5615917942874246,0.56205823866346,0.4074465410136434,0.29518713804716734,0.27993648837514945,0.3220465035401146,0.30597000928344786,0.18129481906696987,0.31637844431313866,0.28620243312616966,0.3290873984727217,0.12810322838112254,0.05774817107380209,0.038556467510370396,0.014757873269535156,0.030746682107738527,0.011020357940493343,0.005315142478528131,0.009915563431047056,0.007449817009891625,0.007635505829975929,0.0060627629931334324,0.0016399767436727447,0.007668981630134867,0.010946067014698841,0.009264672946308828,0.0300273572470371,0.005367132505398454,0.012578895701806,0.0024977075754137198,0.002986330275370139,0.0018458037075207185,0.0010986988046672863,0.00026486975296251763,0.001797381519429638,0.0034468430843539797,0.005998391124934084,0.014069305456432904,0.021219088319494067,0.0560718362102115,0.059493644363482895,0.08287500924075651,0.07450162193857628,0.17475390376997418,0.2500094991225211,0.1924891851280032,0.18137352926057776,0.09401088931574574,0.10888796011406165,0.1147388447387413,0.07774110851667784,0.01168985979489957,0.005186877522101993,0.008164085777190447,0.004241569759603373,0.000385858860689129,0.00020030154576593516,9.921499641755975e-05,0.0009206872743316475,0.0002833242773836203,0.000121801867357564,8.947970607786324e-05,0.00020899667951303414,0.0004958599530629916,0.00033658340109317847,0.00034291862398745047,7.166177015864822e-05,0.0001319282017292468,1.4492162504805461e-05,4.325076274609822e-05,5.808334810518289e-05,1.1991434472285427e-05,1.0513863486804642e-05,5.950788580107934e-06,6.430778141954853e-06,2.2230853950435642e-05,9.360600281262269e-06,3.001899116100862e-05,1.8165717394190215e-05,4.4242927008559854e-05,9.558106540213887e-05,0.00012966248768362255,0.00019473229858774042,3.268064468788324e-05,1.5911413326816072e-05,1.270489679834776e-06,7.198509760786719e-06,5.5440349919842306e-05,4.132211504899732e-06,1.2327655056198055e-05,4.302520780158592e-05,0.0002289837804213746,0.0002742471869879125,4.510058771556671e-05,1.2302798604381699e-05,6.060213479926934e-06,2.1147626134453306e-05,3.4758448972419364e-05,1.4253233507505704e-05,4.04217811938362e-06,1.0821641214821805e-05,6.986046983747942e-06,0.0002061255159870412,5.6437572768720624e-05,0.00025639425099505646,0.0002657645010430411,0.001034238114371947,0.0020445474707340566,0.0009496768237696954,0.002714615525657411,0.0026572644326250576,0.0016493332896563553,0.0046949776529269256,0.005280297589389289,0.023210815361707087,0.05329353012509043,0.1401734584696713,0.20020715326080307,0.24791887412749783,0.19782422516362963,0.20244130608408442,0.2996879683557126,0.5439491554662885,0.9833901816718239,0.6167880284719226,0.851983337410457,0.451057253806573,0.4354249022342312,0.10817192490122156,0.04416048091333287,0.03918404911963905,0.023239445647435318,0.011175927516155133,0.0022317449828907535,0.0012455051887643976,0.00023937178825171284,4.845267840272726e-05,1.2215730566350966e-05,7.125791422470234e-08,2.9737408862379244e-09,1.0568613806583141e-10,2.3996075672747154e-12,2.1509498585106307e-17,8.647039790227973e-23,7.663443896995541e-26,3.8750752123594824e-29,8.950225421056233e-31,8.08064083381017e-34,6.703313208288121e-40,2.726876057278696e-51,7.4310231252000045e-62,3.0847822524353656e-76,3.405607158243011e-89,2.2409300455669806e-115,4.6001836930625084e-154,0.0,4.155271087909576e-139,1.4082241832012754e-94,3.9896085118839933e-78,4.569798697649833e-64,2.9045978258269095e-51,2.6378368737347153e-46,2.013362149259368e-39,6.046141121637669e-38,3.049617032365279e-34,3.9668237253960176e-31,1.452073834219863e-28,3.174134804667604e-23,8.733431938533687e-22,9.770508333573546e-20,1.8453782727651134e-17,2.0459911035905265e-14,1.330714842372835e-13,4.729137389730286e-12,6.656450678322119e-11,5.268337787560696e-09,2.491692897439773e-08,1.3674476661803984e-05,5.74172043441524e-05,0.0001361743359822725,0.0016240944052776202,0.004650256379113134,0.00597344005862166,0.02932569150272567,0.15195264481091847,0.22619936101811283,0.7879759619455811,0.7782082329981572,0.3050183998609353,0.20310377438184196,0.30150725538628326,0.15245506516830074,0.10967313340720158,0.08601685628976456,0.029984516453526393,0.025608719575142505,0.020529102225627475,0.08158801875293893,0.04494195009989446,0.014363395058885408,0.009801443393282778,0.010387382028646504,0.045460536305061326,0.21803522944546178,0.2056022811090779,0.2792944816959211,0.5006829262850397,0.36663589218120335,0.5546352761498814,0.7591679121889106,0.8198761461206889,0.9321454480163504,0.5679427184563661,0.4775237358910354,0.2103240258934067,0.3129912251350899,0.2845179669991287,0.2051727444895125,0.39414394878097786,0.3798137564401974,0.9467555217571195,0.5394381667489202,0.7938914159995724,0.5050792180469993,0.6498847311925559,0.7917304592615816,0.8670129919506178,0.9651368785827698,0.7532136568023092,0.4366608074700519,0.6465364039656193,0.6282351346743613,0.7840076109919933,0.5235556976032101,0.3784215723352105,0.9501434608871931,0.3460964762081013,0.25993863421711494,0.24027366615146778,0.21876079921672834,0.7333831842829109,0.5552621644420345,0.32316666425141627,0.3419224365110059,0.2133780590279975,0.6793434038501374,0.24551050902718155,0.15762020730923698,0.10955507494153138,0.09734009063200809,0.2775158482447131,0.04224829078161899,0.06215223403255198,0.06491126290426186,0.05618610508581669,0.44179017899600026,0.17598720066023898,0.1901545284742478,0.16383042208274382,0.34110365706055634,0.7891707833533605,0.6024123860534083
9.399999999999931,0.4178163538395921,0.5159618219052747,0.31994766792646795,0.1646159639294073,0.16689425120813953,0.06390641498753294,0.02608994835096982,0.01771714077102561,0.011786841680639974,0.037414667872873404,0.034190092701715386,0.03974542055106278,0.050205125604455184,0.03241668735997802,0.015491995072446892,0.008870035142177308,0.012136349358080256,0.008041677193990654,0.02822999780367563,0.007948031767306268,0.007246145431622421,0.01736314258413404,0.07237718806970819,0.1774728374037278,0.3322700129219938,0.4020355669218293,0.2970076667377356,0.4435032028320009,0.29830256186820503,0.7859481434334974,0.9618613538542329,0.9426523099600664,0.9869550733662866,0.976668874253071,0.9313171633379507,0.7470494802066737,0.7049672923081515,0.460004476148742,0.6840332031398567,0.6210720002556256,0.40264724925865,0.29050125867258225,0.3028307283160093,0.3844158824871654,0.34219929025644186,0.25351452865733276,0.44588724602761054,0.3673326817081767,0.3767012241635228,0.13331622284968836,0.0690335638154638,0.04791574322701115,0.01574999056015027,0.02131002499212757,0.006806311282062345,0.00307410590841773,0.008634647515689032,0.006754613889519473,0.006759473446305222,0.005580378297800959,0.0015134919206241952,0.008173516147389558,0.01363420904554356,0.01057998981730746,0.02873515213413615,0.005549486224731294,0.015322494601639347,0.004969341096904425,0.004925017342743512,0.00251348373502743,0.0014928771932678348,0.0003250700111630765,0.001528027337626457,0.0023460644505955545,0.002660342131528316,0.007076106979343044,0.010338594435235434,0.03359207966344847,0.024200272670942186,0.049609650769731055,0.04416276911512937,0.10352595534537795,0.17639469192933738,0.1112799127157589,0.10236608114182609,0.049049519128828094,0.04828816171808651,0.05508192190582884,0.041822999785131355,0.005178603608734368,0.0018215462356234223,0.004503581840265648,0.001961459578126874,0.0001831620185259306,9.404568455853365e-05,2.0776751241420318e-05,0.0002397742445777574,9.862529600006858e-05,7.201614422335937e-05,5.6661077339881534e-05,0.0001145913626937471,0.00042521059780696374,0.00032359059264039987,0.00023182915497164976,5.622753296426422e-05,7.302404065994577e-05,8.543088891604695e-06,2.4952616097188963e-05,3.5585124026517476e-05,6.209004227283551e-06,7.339795275414087e-06,5.755622034011401e-06,7.831835364832233e-06,3.065830091607083e-05,1.1542484834587358e-05,2.4364371434670716e-05,1.1920932883213125e-05,4.151584233283807e-05,0.0002495326819953706,0.00034271710493755613,0.00042400231119366804,0.00014345497457192238,5.6516980434562616e-05,6.531741167806217e-06,2.0359906851669627e-05,7.353171998215816e-05,1.09152549228486e-05,3.4392131056069174e-05,9.619903051080912e-05,0.0005238380745457126,0.0004966960214612242,0.00011481799418758268,4.093280604694184e-05,1.9105025956639383e-05,3.957402396981139e-05,5.2054714355016336e-05,2.511259574479894e-05,1.1310596854805327e-05,2.8905121880023162e-05,1.5211531475466734e-05,0.0002966079038062496,0.00011761730205335136,0.0003984920199556714,0.0007771914272273884,0.002220077406365725,0.003990580889161372,0.002868154937897549,0.00667754997250321,0.007126770175630286,0.0031891946739055137,0.004568326356423786,0.006175146020111285,0.024173861598216714,0.06213742461982772,0.15774155454359684,0.18566718505205873,0.2673751264105834,0.19079225959130455,0.21303767825556783,0.28041199248899223,0.5604300535742315,0.9918956140956131,0.6637233681317815,0.877540619519772,0.5883596960065149,0.6804595817153245,0.2908177664920276,0.16130670213133558,0.15823806181963856,0.10131427524255138,0.060876501295208475,0.013135323064122108,0.00749935406636124,0.0018591000025213866,0.000505236144549401,0.0001755344576227653,3.4693552330358057e-06,1.4029612556353285e-07,1.615046944564058e-08,2.8748346870623304e-10,2.175969965955752e-14,5.600979776519299e-19,3.611737426079242e-21,1.614696746234828e-23,4.5316423577329805e-26,3.3654909539381424e-29,1.1468144275644375e-35,5.600926836522312e-45,7.973340754143292e-53,3.519347048425491e-64,2.1667974178938926e-71,1.66562653201646e-87,3.3180179160955446e-107,4.155271087909576e-139,0.0,1.4661536985250095e-134,1.8609221584143778e-103,1.3045125802897387e-82,1.6484344545009414e-65,6.233408782480035e-55,8.227532426628449e-45,1.5668244071295672e-43,2.0604419880903182e-39,1.3249129226014144e-34,2.385238767236193e-31,2.667414226799642e-26,1.3386129208076289e-25,2.871512932783857e-23,2.0462900576514533e-20,1.2455151886128564e-16,2.0876808917832255e-15,1.060279282728405e-13,4.306708928225015e-12,2.2468190457681717e-10,7.070421569624981e-10,7.282845542208402e-07,7.269170360018464e-06,3.38194743314921e-05,0.0005661601051494318,0.0025296960915279667,0.005486493499228253,0.02824086752188674,0.12917394864550502,0.16943642117378652,0.6419770040486057,0.9318688952309091,0.45204004233837236,0.2857172742875592,0.46839506757149935,0.2822316883622419,0.19418508116882507,0.15123232640510914,0.055888495492717724,0.04363002008998799,0.036579867771716165,0.10924986106092424,0.07481343795763658,0.027529661516369677,0.01868067585842609,0.022861449936894276,0.10513335200092558,0.3202052308985725,0.33704452266080914,0.43780819290631207,0.6598041672175479,0.5143128095740117,0.7372592217690292,0.940250246392747,0.9982831481756569,0.8379052843355159,0.4675144331380895,0.36219330223632146,0.16186946690299645,0.20451320976826662,0.20945714457784206,0.16281281875904247,0.3155327018299617,0.284237093025943,0.7424756226793967,0.3904805071496214,0.6558013607207359,0.674631755644155,0.815106124413321,0.5653769048216263,0.5741926090886378,0.7843796506370572,0.9982931289418768,0.7114323987510628,0.4156971906060412,0.967289227738699,0.8750152329983436,0.8094240125482249,0.5812300492074857,0.8004939495926949,0.5306350842201275,0.3149105625022393,0.2761709696715979,0.24114357490828245,0.7197646223241033,0.4689151152691637,0.2401345069882936,0.2520792524275131,0.12605928754310308,0.5616166957893666,0.1968911318263199,0.12139104799862754,0.08472048902515647,0.07335906783220851,0.22395282664604127,0.03178134774149971,0.05134216114731322,0.04364041604828438,0.036374940290028204,0.3238565620853224,0.12998876965053366,0.14847779313393006,0.10658170625081033,0.1882726306348465,0.5244164138755715,0.3638660205579894
9.499999999999929,0.38133964823744726,0.36952257192394966,0.22951793553729746,0.11335318270604285,0.11338681355411577,0.05575670453030587,0.019319223499315908,0.017929911636109942,0.01628148363903164,0.0476618840635527,0.053302961929341725,0.06658227318248984,0.0776849922522467,0.041642018883320434,0.020940570490684596,0.010925239540676009,0.013118258617110409,0.0069737961043898474,0.023635499168973815,0.0075682152777031275,0.007017389454676489,0.011867143779856633,0.04368766790086431,0.12307327204449316,0.2002266918619889,0.20406132711148986,0.11522148251032041,0.17802314022392127,0.12003790155907375,0.36462019295772624,0.5571937275574396,0.589144923454371,0.5972201544539796,0.6359716663783619,0.7589737290314053,0.5767317708873184,0.48679745076027264,0.38599872368482363,0.6761576975812096,0.5362668900980064,0.30575283656684465,0.2077375729563808,0.25696272959678224,0.3038631691023337,0.23724338243549084,0.2119543319868697,0.3783725849642003,0.3324673677158632,0.31531813519921925,0.14819466187864774,0.07855377177362148,0.06930544766502458,0.022724867863969874,0.0170339525142415,0.006743027591387992,0.0027666328586121846,0.005853405250550461,0.003984426461028207,0.00270406300504663,0.0028132160750770356,0.0015175946559189948,0.005667067490897585,0.009921255438284185,0.010066943796919888,0.029161842387763218,0.009129681692801615,0.010466722776920614,0.002595390802647105,0.002841172158059882,0.0011845674910018948,0.001354926519279015,0.0003743097795371236,0.0015256403010747864,0.0034053902405406385,0.0017483600408349075,0.006462400155867403,0.008476349358708318,0.016298884622559868,0.012127180259554404,0.020634303225611668,0.025997415736192128,0.057135802262218,0.08143861021625333,0.0480635791155727,0.05128072704907423,0.021230543653959946,0.022610673936907383,0.02503846447529574,0.012694214998633118,0.0015587357610127315,0.0006686452505894868,0.001708082701388415,0.0007817330617892279,7.703266858817677e-05,3.18170113164497e-05,4.103608674308298e-06,3.24548247084317e-05,1.9860269480581407e-05,1.6427069054568887e-05,7.842861776260845e-06,1.939654478285621e-05,9.537027163521438e-05,3.9732608354625e-05,2.4238115184446095e-05,4.970473347478433e-06,6.621791404767428e-06,1.4217943494946696e-06,2.0164800645573746e-06,3.400379398126582e-06,5.086773558661795e-07,9.103017799243219e-07,8.574954384698035e-07,1.3518099355069213e-06,9.99059972046362e-06,5.435945733209275e-06,1.2520394419436551e-05,6.046760531688077e-06,1.869664695087342e-05,0.00013343154742342475,0.00015073772158628532,0.00013451533424683752,6.019645252713221e-05,1.2613645925496945e-05,1.0117712495493997e-06,4.294898274085863e-06,1.8826699411208134e-05,6.108471136149216e-06,1.7963812019120568e-05,0.00011138753550211022,0.0006000741700770139,0.00045163483018465905,0.00014670980379068437,4.451377474274178e-05,2.1893003280564807e-05,3.807618357628692e-05,4.923532996223009e-05,2.651426464332558e-05,6.24108702375957e-06,1.3943808601877947e-05,5.404940530357758e-06,7.007607374099242e-05,3.4371842721477636e-05,0.00013022213134066983,0.0002441237676850644,0.0010668385639391739,0.0014943058868455506,0.0019133832173794216,0.004521132198807421,0.005542435908070308,0.002973961007600728,0.0057005096941626305,0.01048893770757982,0.04620009642160654,0.11042823119230148,0.2604960740509241,0.37795754567166484,0.46017280826037904,0.3903377383111337,0.36144843318918685,0.47111461278293765,0.758875857043596,0.8308030586037847,0.6401730904339449,0.886351293632912,0.7043129845819602,0.6911484826429212,0.2943361189374626,0.21872868638265128,0.24453077848909635,0.20429829234159103,0.145387989210125,0.03717135094032556,0.01885554951109443,0.0037647981598393086,0.0011972424032632898,0.0008118793530221671,1.784165819328361e-05,1.0557441456895971e-06,1.7536384972938985e-07,8.01415662925555e-09,1.3571542758844667e-12,3.2520283424379313e-16,7.834351152729894e-18,2.414875398077462e-19,1.148350583708609e-21,8.3917216112272e-24,1.3725117780898929e-29,5.4814944374861385e-37,1.1258517386400277e-44,1.0165473426088625e-50,2.2334299924672874e-55,1.623377106510695e-64,1.0408656212750276e-75,1.4082241832012754e-94,1.4661536985250095e-134,0.0,3.9342851852135026e-138,4.924577844984953e-104,3.7831969343514014e-78,7.320780682179908e-65,2.0520072398087882e-54,1.681739905996921e-49,6.825359198542625e-44,4.473025067424641e-38,1.8762054662916628e-34,3.0282009543912934e-29,5.287107969805094e-29,4.044940439302481e-26,2.824965315286344e-23,2.4325683309618293e-19,6.900217812964112e-18,1.0079226760297788e-15,6.73075645346356e-14,9.229781811306173e-12,1.949088126579154e-11,2.5632256165446707e-08,2.9986391788700725e-07,2.9387639843671426e-06,9.420148693076288e-05,0.0006885019541512983,0.0013696618981654963,0.009788352892376695,0.051837074823334814,0.06160420857296616,0.2880584235162508,0.6236108067993096,0.8971632578944386,0.5680635470772969,0.8376383720286341,0.6288533273031894,0.39032374976526213,0.37170757174746866,0.2352707916517014,0.15390824381060672,0.14146657604493226,0.28264682992274487,0.20804594877425764,0.09674317840703023,0.057025861913475716,0.09094032518648665,0.28269522942862746,0.6244186230486762,0.7175790905023046,0.7837956228001332,0.9390802136899258,0.9542628603098109,0.8879002907428573,0.6830886835286155,0.6421262108538499,0.5498487406383178,0.24166904704954728,0.1357538587653862,0.0475870672271759,0.05733427235245182,0.05731331995145651,0.059786999466712586,0.1410338945083451,0.13107757182323465,0.436809646214387,0.251724265264643,0.4508635058725363,0.9431163435083485,0.8589665607357944,0.34623868597852686,0.3356740844631199,0.4602320852105676,0.6721735825387203,0.9872210959500031,0.20999559935552592,0.7143762376622841,0.5458897391055844,0.8888593433125085,0.9609661139382638,0.40102897246198416,0.9407301324713202,0.5781973534464216,0.41346154257786577,0.3559759761761603,0.8688020171763854,0.5581181779092077,0.3280953300658071,0.3126393429713164,0.19836954706738355,0.8563929857576706,0.33773453443529416,0.2932176016217235,0.20790304586116934,0.17292548828453494,0.5104589989708377,0.07522418601206543,0.09322644979701078,0.07351404296515446,0.04178317853189881,0.347870781917051,0.11707625696352583,0.14238125092789103,0.1236095348910445,0.24019537968520585,0.7715137338572203,0.4829953786198207
9.59999999999993,0.3499423873195886,0.32150000811947105,0.23644368197258153,0.12867368533034979,0.10247765937209159,0.036576732339331716,0.010072279505142842,0.011364920174954034,0.010353612511001087,0.021078136836375997,0.03139586895061015,0.036985578741144894,0.0480651806742761,0.03353357522556976,0.019253414985477574,0.011724689372749104,0.015077976117968997,0.0087936497110266,0.024836822962931535,0.007727145395863253,0.008304030359044891,0.014625867683318262,0.07017790549707978,0.198948130797982,0.279746343264875,0.33856339495742993,0.20086532594891082,0.28223310618415126,0.1842559611388762,0.4456703324507377,0.6884786399008449,0.6234933054444646,0.6919353389396243,0.6318256699185857,0.8142399611407384,0.6182283080587794,0.6020124175155948,0.5304627114034774,0.8641089279608585,0.6935931785196312,0.39908358033887076,0.32289219351443427,0.28620392685985924,0.29563525231367377,0.18340296439815545,0.13903573783747752,0.23649444432722408,0.2155466638368301,0.2210398809800971,0.1163835090188793,0.06606959126363024,0.05091623546857429,0.018829652078608025,0.013502403799563852,0.004107555564116414,0.0018601730152017159,0.005214734973455715,0.005870222226315276,0.0037586435872769813,0.003358879552875942,0.0009526841097488577,0.00368120498013252,0.008494598672204397,0.00914123022006219,0.02171471515366282,0.005197727563643602,0.011580662256224526,0.005211804025295495,0.007729699518918038,0.0028692716183501264,0.0036595839498219564,0.0010834139354778918,0.003125424513024819,0.004496429705823382,0.0019105139896672526,0.004335818542124079,0.002631201655284547,0.005956193599703901,0.0037279470030536703,0.007580294439731333,0.0061911436296716044,0.015966200692011955,0.034265304294391986,0.017020058389929937,0.014995172668540164,0.0054678302959247,0.006199674376087866,0.007927625374274657,0.005958849924502974,0.0007278518256628251,0.0003339901731636346,0.001555203048485596,0.00107717817417043,0.00013213204629879718,2.679483140363643e-05,4.212705563743414e-06,6.414362949170788e-05,3.7757488746689405e-05,1.1567886350678994e-05,6.167193403424692e-06,2.6099334362157396e-05,8.434289639676107e-05,6.264632539427955e-05,2.9259247702115928e-05,4.950404004506818e-06,2.9386803968072257e-06,6.442931336011661e-07,1.5686764737518474e-06,2.161430755487048e-06,3.392951736860008e-07,4.938719625658263e-07,7.913816496357206e-07,8.623776746391894e-07,6.167116651005583e-06,3.176608532376942e-06,8.313403914571486e-06,2.772578548057571e-06,1.1662068822270504e-05,0.0001506932522687995,0.00015084026235304376,7.627469843038549e-05,4.1429584596986324e-05,5.220565894831066e-06,3.802132188962758e-07,2.4505886249071173e-06,6.302343154632553e-06,1.999850648081048e-06,4.580869319524499e-06,3.708486550140775e-05,0.0002889530222683179,0.0001856287699121534,6.55056028409817e-05,1.6204644062709987e-05,1.9992483580591187e-05,5.541648219125579e-05,4.038367089159755e-05,3.317040376193787e-05,8.803622815014177e-06,1.837358479031877e-05,4.469583643876828e-06,6.499954340019994e-05,2.7748477686572185e-05,9.276412628754778e-05,0.00016640616686395548,0.0004880870417006663,0.0005607658879986865,0.0005843178551194146,0.0010028614568223066,0.0012258049055397758,0.0006669229196166866,0.0007020704997350347,0.0016850672229949948,0.010631787700628071,0.03139448278400366,0.08481089286590876,0.1169678957235224,0.1987817768085676,0.148039781691386,0.11246994355823137,0.1417329934030803,0.20665703662336343,0.47618497384354225,0.6942965856812188,0.4793710638836123,0.7762316455176971,0.8742703989788461,0.6123857367186625,0.4468141652378202,0.4582968445615851,0.3231094518683706,0.2673054320406532,0.06434227662816343,0.04306273124685847,0.011683290137026181,0.005352332151251926,0.004785671985519626,0.00016801476964957226,9.527768702889271e-06,1.2745544088790244e-06,5.214521778817332e-08,4.469914470489724e-11,1.931414542302514e-14,3.239152749045527e-15,2.7940901419265625e-16,3.5268277680931715e-18,1.6950097461996665e-20,3.7261438156562864e-25,4.1040397182583133e-32,3.13314099671212e-38,5.765747764017393e-44,5.291325113217505e-46,3.7623028299143603e-54,5.820188532627505e-62,3.9896085118839933e-78,1.8609221584143778e-103,3.9342851852135026e-138,0.0,8.111366361653414e-140,1.7188806677812214e-96,6.925963467369022e-80,6.648565830772713e-63,1.518501611808528e-56,7.040907155803545e-51,5.770188418387061e-44,2.7350590202479486e-39,5.5987942755346504e-33,4.11046228136818e-33,2.7929769056142274e-30,5.6947234958707234e-27,1.40929404043203e-22,4.907665170801206e-21,1.6475982504273462e-18,3.522140886559955e-16,7.012778431967039e-14,6.640404337907318e-13,1.3518792000713882e-09,1.523403468207932e-08,1.5798268427829467e-07,9.441622363035206e-06,8.722047060054514e-05,0.0003453999489207563,0.003988762476435074,0.019536976933850297,0.0318218358601318,0.19513236376596937,0.4648195919760452,0.9768105492261241,0.6597771262002141,0.9414036173598869,0.7645735617393731,0.47107554574613947,0.4409304198396326,0.33423463993836233,0.2510016313901569,0.22308253598924405,0.3617033230600505,0.36924167506194977,0.1830238722806497,0.11654742428575804,0.16112791492049555,0.49833151249805757,0.9099433720748978,0.991497537956534,0.9876702609620959,0.6931135056668565,0.9171992308904164,0.8355045162750492,0.6711131466155725,0.6857205942190641,0.5649424413039723,0.24497330651988716,0.15258712601584104,0.04720263229325327,0.03670254350982117,0.0506769167298539,0.046854551664245424,0.10760143536905196,0.10614346625228425,0.34191746026171455,0.18518618134979326,0.3577867582525468,0.8278873207062422,0.6722511895604226,0.21928602996102067,0.24523776572877198,0.27012531360958053,0.3743451547615318,0.6592040775145461,0.09034149373996472,0.4225627112065919,0.3100999625395033,0.714960820599593,0.8731935660429782,0.261699135881769,0.8656542364294475,0.7442692838504887,0.6644158976563633,0.5534508306217307,0.8786137179082246,0.7093792529434768,0.5272006757763176,0.3937247442286125,0.30119674196693813,0.9552384517272822,0.43405265903522783,0.36005025856041656,0.2513565641075535,0.252595862482101,0.7060152451704856,0.11499761318213944,0.11337208119913038,0.08792549400509513,0.054352488421760076,0.43651560023056346,0.1497319986868761,0.20501139925809983,0.16622763730163337,0.266885874601827,0.8062122217053541,0.5224612648677955
9.699999999999932,0.3878676862042239,0.32593997267645985,0.22211828535726671,0.12324495374335034,0.06628098347929853,0.02628259395933039,0.006250533161128324,0.006982599675957838,0.009228257108869388,0.013597030844119843,0.01890058730995045,0.022782399739197955,0.03761040406545408,0.03164303932031505,0.013275945318981991,0.008679187434331046,0.0124484696883412,0.007873201597623085,0.02525620694446005,0.0081417302592554,0.009385235805034371,0.02302736308208777,0.07241678763760265,0.16633825517445552,0.21745514545613626,0.2775008693372205,0.14458058030100307,0.2518215416447692,0.10820507837057823,0.31002029558846506,0.5690899610345881,0.47168117518566516,0.5213480349219516,0.46400158328265867,0.6161651739637323,0.4339534377703042,0.37694558253205895,0.3823372374261099,0.5116550405570438,0.48196343411665565,0.26651961730406554,0.19535184977587702,0.19687267523900961,0.22210144338358329,0.14551016365046415,0.09489107908369313,0.13621817845326878,0.15626215902122848,0.15293405373133365,0.07392791490003268,0.040931900821733154,0.026124142321548735,0.006747572142133329,0.004328479456896636,0.001127327103875073,0.000773956586348662,0.0028113953800757174,0.0030075704659706668,0.002182585937638821,0.0020818188084456824,0.000840552751430633,0.0036496833207807717,0.014050609796940157,0.008966386222861153,0.01909864099498788,0.004679745059667644,0.007367584978262153,0.00416994547884436,0.006109430247444824,0.0014619439265879225,0.00186143963416202,0.0005582644926386423,0.0016745020730670876,0.0025072188507383264,0.0014088593129396882,0.0019276452834018603,0.0014733750338798929,0.004134883505549998,0.0018202596831092927,0.002651317621511842,0.0028051207896477377,0.009387469994559014,0.02086785203350403,0.010184274988786483,0.005956341737450207,0.001975501339250673,0.0031412704957640442,0.0029098751430354335,0.002465222430477435,0.000545666912350206,0.00032052117170596264,0.0014420993760538177,0.0010087844872950968,0.00014913671488494965,2.6244126170763746e-05,3.853402268675064e-06,4.044212010214818e-05,3.295058503514583e-05,9.043436952757945e-06,9.067828093027128e-06,2.615999941760571e-05,0.0001044308089644199,6.915993559792599e-05,4.816783806535298e-05,6.0039707280144895e-06,2.872768393153312e-06,5.660232710885099e-07,7.778942575684136e-07,1.8296911866798962e-06,1.9185616426538898e-07,5.842256754866437e-07,1.8710120165687167e-06,2.0982808996578724e-06,1.882188895467926e-05,6.053118805256969e-06,1.6158967044464404e-05,6.088383403956985e-06,3.002070532665034e-05,0.000514110787279731,0.0003750290842450443,0.0001736891549933117,0.00013738684710185828,2.2589144908666694e-05,2.7126263503752976e-06,1.0921459011155617e-05,2.7041547803296103e-05,8.33418749353712e-06,1.4721374742134325e-05,0.00011354781920394115,0.0006096692730108886,0.00043324886867637704,0.00020306523124564134,4.887614599475819e-05,6.946274570646833e-05,0.00011216861903666075,6.257739445708843e-05,2.2842822329059863e-05,8.977114720802045e-06,2.932447981502825e-05,6.874582235548781e-06,7.442758536037605e-05,2.7194550673465978e-05,0.0001132540294809296,0.0005181139059640913,0.0010485643183766873,0.000859719380506568,0.0007371799345324899,0.001072933864748205,0.0022962668052214936,0.0007454757029295763,0.0014164870632893522,0.001810212333199438,0.007362952414036505,0.034606933571275963,0.07844442613077335,0.13018512261760673,0.14452672405032796,0.08191331006020672,0.050653623753910436,0.04386247566978724,0.09460891558229602,0.250237849272762,0.41885271164370635,0.34702169858723836,0.5763164042274451,0.7221531628979554,0.7773427111353662,0.5859917435971449,0.5120953457196965,0.4088064463777294,0.3637380456273013,0.1088343090399953,0.07562312174147004,0.023588312309881922,0.011493276266534212,0.006095816286432581,0.0005484073036840873,2.3788351502427e-05,6.289868282174015e-06,1.4924467439556954e-07,3.4628183354894847e-10,1.685589729788657e-13,1.2923808584878818e-14,5.070140395313406e-15,7.944399275335881e-17,7.765159951222097e-20,1.758409936466194e-23,2.294903588635482e-29,2.5683648493529035e-34,3.1374684354544366e-39,4.5068388877242713e-41,4.441532907257229e-46,5.1602833831548775e-51,4.569798697649833e-64,1.3045125802897387e-82,4.924577844984953e-104,8.111366361653414e-140,0.0,1.7552356496261533e-141,1.029306461502022e-112,5.710967419521436e-85,1.3907774819180568e-76,2.1637102762906657e-66,2.5792516960775143e-54,1.7445846949405445e-48,2.161066185772898e-39,3.33220446186785e-39,5.522166331785536e-36,2.3536067607113504e-31,1.0619131075700941e-26,7.980925282962825e-24,2.034091650767991e-21,1.372715671045583e-18,1.5406964797755672e-16,2.2670627068144658e-15,1.232706997204819e-11,2.2613433122622873e-10,2.8200370959025393e-09,3.852942559089743e-07,2.9169964884318764e-06,1.5852490808849804e-05,0.00045455498218766385,0.0017294958280893542,0.003920899052227152,0.045731920239970525,0.1618502440926143,0.49597299482156465,0.8511100630354279,0.5137809760307801,0.8381402561782418,0.8373333660832686,0.7588961737742151,0.6652504673222431,0.5210510850295199,0.43049716810042504,0.5399428358538574,0.6007860820486112,0.3139452118953395,0.23903214959786673,0.3063452461278987,0.6783726652232376,0.8810955062059896,0.827842421569688,0.8885355303630945,0.7006590125155702,0.9464425112434935,0.8526970892952083,0.7947999607977917,0.8065327963508008,0.7195549012967637,0.3063501371853289,0.20224384209478558,0.064075444286684,0.06259950173012478,0.09842361909035294,0.07497536001114663,0.17765472328462473,0.19745301053275274,0.5567087925839852,0.3154735033879458,0.4901524612020298,0.9737726103053127,0.9079064529234656,0.328333442566517,0.34204153967027506,0.4194290086933986,0.5608954471422877,0.8471323601186722,0.18524916586857387,0.6700167460145567,0.5704212912169335,0.9857077057503576,0.9311292716680296,0.3524587442951459,0.9640444193738394,0.5756705481792682,0.551033513646771,0.5168818094247088,0.9325755770380281,0.631943929921825,0.43487739707562384,0.3682221120623139,0.27143817057436287,0.9853149672722574,0.4015321814997166,0.34685470361207327,0.2040298772054704,0.21007787263151495,0.6804769007104445,0.11509580859453385,0.10836097467426037,0.08921222111398656,0.05673001624350123,0.39788778912601264,0.16023191435158946,0.21987026567672363,0.1600679867147089,0.25045955932063263,0.6755950444209149,0.4977698512943111
9.79999999999993,0.46194601881381875,0.3523750229914689,0.25259772266838504,0.13860965393662517,0.07502093678817864,0.0469500100948564,0.01246364987383473,0.011975360250936281,0.015981166479778895,0.01641608597295852,0.02722940486910908,0.028165753242254427,0.048060199461252326,0.04320945199546247,0.01543283152192648,0.011206813169781707,0.01300759113774574,0.009795292922102981,0.029615415614317575,0.009469870720187434,0.009089649902366189,0.02145566584432337,0.07747796414411676,0.15944621414772933,0.1962221915773823,0.2840913508433788,0.1583534153413309,0.23740986450260557,0.10264107820219011,0.2700270531910581,0.48447253377999716,0.4554915760966573,0.4282128815380113,0.43682882199349027,0.5636071664258044,0.45008017251901955,0.4477087673282402,0.42802242456553385,0.5903732047183474,0.6319123353963483,0.4445544721146937,0.36618825165410696,0.29445597913486776,0.3585899149077502,0.26219303736218913,0.1462222370461059,0.18550785844470627,0.20401344357831136,0.1554212635458466,0.10154305324722855,0.06965744923266948,0.04561659787236943,0.011730458729145715,0.006350318393771947,0.0018565932193048812,0.0011193246977510615,0.00428774016718261,0.003844545191200802,0.0038524948201277207,0.003843409537657129,0.001889382777702411,0.007983402053558101,0.026294557704873205,0.016279371296001703,0.019538243244494918,0.004046470758739119,0.006096374761240343,0.00357618828684875,0.003262417994265343,0.0006130484049403451,0.0013257278668634038,0.0003861019871831516,0.0009044797483343081,0.0008889638950616642,0.0004486405700405478,0.0005956385937359779,0.0006505947199588175,0.0015720850060491978,0.0007893588832165044,0.0013366836365762238,0.0013537869877624626,0.006012043709588384,0.01662493235469926,0.007320752023769867,0.0035169767853724114,0.0008186478042140488,0.0014991991657702358,0.0016892082555783642,0.0012526132037665337,0.00030308799700140847,0.00027728062072001914,0.0007893485444037498,0.0006741564358126979,4.32515796930176e-05,4.982551998466005e-06,8.448153909530861e-07,8.751588220279674e-06,1.0476325657382951e-05,4.5365592712108156e-06,5.403090861987116e-06,9.914267701453954e-06,5.354741992630957e-05,1.9420546014135317e-05,1.3944140590267217e-05,1.2890745756253135e-06,6.038497526235619e-07,2.2630139569113128e-07,6.24611327616947e-07,1.9053375240977387e-06,2.881093078670841e-07,7.482486697625278e-07,4.246071068217734e-06,5.13007120002524e-06,4.4533625203918085e-05,1.1499180883812612e-05,4.504478021842822e-05,1.2846257698613629e-05,4.760301815757622e-05,0.0012659861351423582,0.0010670276109443616,0.0002890287608772588,0.0003350119615665205,6.1669166536532e-05,6.793975174489359e-06,1.7580775582743202e-05,2.1397552556773308e-05,1.1044765968972843e-05,1.4809303571339722e-05,0.00010550586452967624,0.0005647998575415076,0.0005181999833505634,0.00013387746818775838,4.113319068806772e-05,4.800910484643472e-05,8.41900244887636e-05,2.7736135341266663e-05,1.6026348955179973e-05,7.369939468040488e-06,2.946335795997933e-05,6.279984093588394e-06,6.565334177015214e-05,1.9782504368394615e-05,4.6035885869476023e-05,0.00043537237055456154,0.0007569702069720006,0.0004258179300214839,0.00044976141086233414,0.00046860354098083467,0.0018731897453665312,0.0005987249449615484,0.0014920475829110621,0.001434060525657304,0.005540803855032165,0.029247900965528068,0.052520615192314615,0.07621233678181319,0.06827762479746213,0.027647589166039325,0.01718007182998593,0.011732344024263389,0.031956704357887826,0.08985146192696791,0.1494899462178456,0.12521324837116277,0.2534291888968088,0.35082131259360955,0.8647600446482259,0.9452636291407267,0.8530742483564377,0.7549665268455652,0.758622265506863,0.3523325769186148,0.2907866855035908,0.13241306528180197,0.07288782766564435,0.038316900726403424,0.006114000548438833,0.00040671376834737423,0.00016979979798607616,5.613521562204779e-06,5.789585446239742e-08,6.160322691545477e-11,4.1261410285914565e-12,3.448337990095011e-12,1.4399472373946765e-13,4.4690723656872336e-17,4.6187275149118744e-20,5.151795911734583e-25,5.109869088278232e-29,1.9998653285996875e-33,1.50454354470103e-34,8.563345293289364e-39,2.0152495666138726e-42,2.9045978258269095e-51,1.6484344545009414e-65,3.7831969343514014e-78,1.7188806677812214e-96,1.7552356496261533e-141,0.0,6.242193942695745e-150,1.0827886296058216e-106,1.5774770848265173e-94,2.4658639838287814e-78,1.344200992099213e-62,4.997479878477172e-56,1.4433262363205573e-45,1.7996224819343933e-45,2.592613423795685e-41,9.777668405280654e-36,3.283290598224294e-30,4.8121872070560434e-26,9.691740437475458e-23,1.1893927879342863e-19,5.5740759935200304e-18,2.0567515473130834e-16,9.741321837607531e-13,1.9697143852197274e-11,1.7704454628943729e-10,2.7419989521692383e-08,2.525142366341168e-07,1.1460896969587664e-06,7.499695054525613e-05,0.0003002299585403973,0.0006817641157924734,0.013892143439092723,0.0637756959132396,0.2296119849500905,0.48009144418030203,0.2738487823062959,0.5231920634761745,0.8173356412436454,0.933982950132403,0.9439975116261267,0.9068860805533695,0.7055746784960402,0.6603916481734305,0.7838549791467826,0.44107380292914833,0.36635913817388605,0.4753650770297146,0.8744269724289905,0.8662207537824267,0.9058939658450822,0.8715329763046729,0.7583198131517171,0.974730590862853,0.8084327741023178,0.7884538448300196,0.6950133116283209,0.7188970733216007,0.2832140295193673,0.1492991663305564,0.0643517856290969,0.07436850507799367,0.11115812422200294,0.08103526291518483,0.20050534483964863,0.2281512459024443,0.48955556597777333,0.2906229324424921,0.4605373977968644,0.8328752793625943,0.702783131588222,0.21121927942392582,0.20640834074621894,0.24113634391780983,0.28118344999323946,0.5054601993569448,0.13419674776942864,0.47771452553920835,0.4992521121657961,0.7452719289208496,0.7816675459227818,0.22586261013100992,0.7505679432604916,0.854002830402959,0.7978031447547974,0.7057340075874575,0.7938352185785706,0.7672937787053743,0.45066477749526446,0.4023242842169829,0.2848507615274005,0.9141106753095054,0.40412255431042543,0.3254225666803348,0.19593137387187134,0.18023765982540996,0.6159963000204833,0.11599888023903031,0.11414137492555307,0.11791132810245009,0.1024140775500983,0.517901141426151,0.26812244598079743,0.3652384981835144,0.2770248469034869,0.37249334669397854,0.7451704861368909,0.5603708078445823
9.899999999999928,0.48197984740736755,0.42646574290976935,0.3222063575230143,0.18855294144405535,0.12236968526345335,0.062356701334240254,0.026017831125660147,0.01959562806420506,0.02605416043748064,0.02154882483130866,0.025576728550243885,0.025832275493349804,0.044531810503983096,0.038180890704705685,0.011260006239718335,0.01044790861603595,0.011684995234178208,0.007354511230306039,0.02420184614565388,0.007994388351405065,0.011563280868425589,0.02813179760449079,0.0978609558569371,0.21955435447362465,0.25984381988762667,0.4173472153047059,0.22700976893917096,0.29946564692602623,0.11149681532461671,0.3033102642690299,0.5943646661369885,0.5614493511896841,0.5032450030375419,0.5379900120128528,0.6854173871114938,0.539594128029505,0.5088098618400514,0.5228572534990078,0.6796669848298532,0.8168212920664314,0.7178494580266165,0.5566242482668652,0.4047728678609801,0.43953954070367074,0.3142912064024501,0.14588500434362225,0.16128155632575344,0.1964369134312868,0.20624651766902383,0.17290722242270087,0.14642469961799626,0.1107384771839275,0.036011866714660716,0.02415268309155088,0.008025332975409097,0.006507755257783698,0.02134368378141392,0.025856492161887817,0.024919977387296583,0.022112029306038776,0.01739808142188913,0.05149207205758428,0.1171541550971888,0.07740756656553495,0.11924181549663983,0.03828515184204632,0.07915426867683431,0.043147633319242255,0.05009634712500588,0.011664160235742302,0.016784538018280084,0.005879498531960498,0.007179175509431115,0.004944275388370235,0.0034521428595209675,0.005138469149907153,0.0043222544303546636,0.004200363076994895,0.0032388981309246995,0.0036170785051013927,0.0038306582770789533,0.011703172988540199,0.01741777604009101,0.005885843628786114,0.002681033966778147,0.0005010006418293825,0.0009282250788716836,0.0012285837956021372,0.0005798945977622751,0.00014128855537666745,0.00018258040494093712,0.00012128228268303408,5.0477940719762834e-05,3.2720144177971074e-06,4.097307783519686e-07,2.7169399408471537e-07,8.985037391863926e-07,7.5899479918406e-07,1.093214699546985e-07,8.080174188029046e-08,2.0772095996274537e-07,2.0894299583605136e-06,9.276541898873028e-07,2.2086313076421646e-06,2.2378194577710008e-07,2.9791368206058595e-07,1.4020526026015941e-07,3.171858500582104e-07,1.6661487201203244e-06,3.2811069733717727e-07,6.035186585447922e-07,4.041706907127669e-06,2.280778644002649e-06,2.1598661106013455e-05,2.340972718656095e-06,1.0253316619199254e-05,6.210754582615267e-06,4.498925444447312e-05,0.0008496805180267828,0.0008054720705290234,0.00018816325976513866,0.00017445613499669996,4.262518425381011e-05,5.7132968321448676e-06,1.4217648566705375e-05,3.129699559303219e-05,1.6840254130237705e-05,2.3007326566963885e-05,0.0001521480075461682,0.0004538283454844293,0.00042701097724324945,9.459517275889265e-05,2.912155782309905e-05,1.2719838243280633e-05,2.1494724347562682e-05,6.383868357351059e-06,1.8179602668888656e-06,1.5214415648007813e-06,3.041605095685785e-06,5.676991186119685e-07,9.92156620221322e-06,1.8516800427320825e-06,4.341208300757002e-06,6.998463624886682e-05,9.265339128129774e-05,5.6460560340137474e-05,5.0125012027619744e-05,3.1199618379289015e-05,0.00021335301040912406,7.251187698663251e-05,0.00045515435332553873,0.0003298757273502986,0.0014295206258196445,0.007981153759231278,0.013172582640221595,0.020184434690366113,0.012201884921375323,0.004889845822048874,0.00243125913952691,0.002747933752531513,0.010116080369948452,0.03863878851509936,0.09549087681142723,0.08967479096236207,0.16683655965366187,0.3569221812456799,0.8891013812694004,0.8470417386314513,0.6787636808330578,0.6091161499737677,0.5760857905141984,0.22784164357241182,0.20988520846866535,0.08918658476308582,0.061211357929481854,0.0405652606755492,0.007234566970779355,0.000992600078740823,0.0002604894640762064,1.0302120653751014e-05,1.0784602993041746e-07,1.3024883391922633e-10,1.1033155679004643e-11,3.337857130428426e-12,3.462912249943901e-13,2.092838921253836e-16,1.3573382174245895e-18,5.1214263556303987e-23,3.5811266868954237e-26,4.2127991293816496e-29,1.9470308424491285e-29,4.003419267320871e-34,3.0573859935234994e-37,2.6378368737347153e-46,6.233408782480035e-55,7.320780682179908e-65,6.925963467369022e-80,1.029306461502022e-112,6.242193942695745e-150,0.0,1.1415405815328729e-142,6.5142275129981e-117,9.702556254919925e-93,3.4833395896910756e-72,2.4864325042416076e-64,4.847335232986326e-51,3.00289866061994e-49,1.3650037918801127e-43,8.765253387661088e-37,1.1854902034191498e-31,6.175239745651844e-29,8.06966414833103e-25,3.2917165606658882e-21,3.4814714669724336e-19,1.861572984085534e-17,3.5977096022770567e-13,6.351215037103883e-12,8.807079651950506e-11,1.0438775251165397e-08,6.076267880487758e-08,4.971299995656414e-07,5.714714168179212e-05,0.00025343343194059246,0.0005713155517590088,0.012651322707731746,0.05759701840576784,0.23475769643571828,0.4911022481361916,0.27893429447701185,0.5728060164452876,0.7847011206070708,0.8226624722173315,0.8318886086732206,0.9306034797383166,0.7721119927292851,0.6935322525791104,0.8150979899776001,0.47872326037776236,0.4535037804185122,0.6471746062481519,0.8922905718864665,0.5886791916014358,0.5861523367301549,0.5777104050464075,0.4781917548325286,0.6497889028903496,0.5195053371986217,0.5553057386883286,0.5163990572569279,0.5259080192719103,0.2091052632842156,0.10686384683517047,0.039363728869759924,0.04191703190232569,0.05628164661705513,0.052642015295730524,0.14743285807054216,0.21951541098107194,0.5762851935379698,0.45094790257204165,0.6346078238005335,0.983054189365816,0.8503375191941294,0.28896492034307053,0.2900253884732653,0.34935418700438103,0.34051910954100184,0.6766373517824166,0.19576716840272987,0.7062689539023022,0.7257275343248516,0.9054142799638499,0.9777079921307453,0.34501322804294055,0.9729307308945832,0.5514564446407644,0.5113345911532494,0.519853306364951,0.9031456222711968,0.7012631291493169,0.4493218026138077,0.4126613967874668,0.23853427741998376,0.7958996182129923,0.33459883155049897,0.2390604749965118,0.12244089323459535,0.11004419620586474,0.5204117129128711,0.0785822698238544,0.05568265183921957,0.07899305742706807,0.058148971932879524,0.3554839497616442,0.2038668908486899,0.302884658519114,0.25047817272841577,0.3741681208920855,0.8298416907366416,0.6412576739870461
9.999999999999929,0.8751256219682323,0.8480936059471033,0.7062519326826133,0.37697234276376357,0.264826387363427,0.12250326554220471,0.05973367470017059,0.04106255962723258,0.03670392560286943,0.046053020891791946,0.043788704937614706,0.04561333437241764,0.07190995851408542,0.045895984370376765,0.02563472708524279,0.026338118665022708,0.020370413175743753,0.01574450833607749,0.04988460078281421,0.025313407501952715,0.027508252304959617,0.05005142027472858,0.10585639588094929,0.1795198317886632,0.18519081193176185,0.28260694821895155,0.13516113243665023,0.1858222209705385,0.05734965870049716,0.18449384275972053,0.3795328340066694,0.31522363050173596,0.24034840644441705,0.3101592931707607,0.3475458914895424,0.22583476085721663,0.1933216667523118,0.20086457804931668,0.30207742643480057,0.47021064403451024,0.46496397692100255,0.3944279944680686,0.32867171042246107,0.291742836551126,0.2368686479976224,0.10113150573055288,0.09985929304336391,0.10631333554634334,0.06731342424261104,0.0842955240112367,0.07272826749816945,0.04905232418957627,0.015033100123264956,0.008806858642454531,0.002639865762480413,0.003267241741018903,0.005123326234844403,0.005518080169920785,0.00691037983448017,0.005578123043628292,0.009667004225729256,0.01726258237666639,0.043233477362170515,0.034300137941400084,0.03744240365072364,0.015026291087480988,0.021996571443108726,0.025822380222211457,0.039150120874458495,0.0035945081182423818,0.007541269015195015,0.0017165726956032783,0.0032690124738528393,0.004377825807786583,0.0009321103870830392,0.0015017411463900188,0.0014197898320565622,0.0025164607549057277,0.0017582667490169395,0.001560845659522061,0.0015536159214519095,0.00513401294714986,0.005477681155877604,0.00128165104369823,0.0004810599141783716,0.00016962752971371294,0.0008426757291799313,0.0014957015491175137,0.0007553403966816317,0.000160167083450239,0.00017965171105193754,7.493665441007945e-05,2.9839375836039116e-05,1.6597929739788588e-06,5.145451046711426e-07,3.22366188728512e-07,8.287768253822735e-07,1.0703268175991178e-06,1.3008217400559014e-07,4.0376241414198933e-07,5.245531642211676e-07,4.276156234007445e-06,1.7624237473552574e-06,4.457298528759586e-06,8.286703533051593e-07,8.534598401036906e-07,5.691618769156703e-07,6.486074862900538e-07,4.016251357151248e-06,1.4048263074158855e-06,5.826112975800128e-06,3.066388219275354e-05,5.2425716657660963e-05,0.0001747348111661832,2.4663731867570695e-05,8.042200160101035e-05,5.109324385189036e-05,0.0002855466189415434,0.0024766914330143276,0.0019557997372680234,0.0006374785947218664,0.00027485901947815327,0.0001256652245291251,1.0146762214872996e-05,1.905143602439183e-05,8.430589192612478e-05,1.7157104849992727e-05,1.8186241884154035e-05,7.59320816230064e-05,0.00024217107179887352,0.000276738756924373,2.7499242252967427e-05,7.015084403846224e-06,3.5809350676258126e-06,1.551359955481205e-05,3.765527172328e-06,7.722624132940852e-07,4.4840599977707196e-07,8.108485543969409e-07,2.1914212831988208e-07,4.340957244066838e-06,5.177627277747794e-07,1.9137191170255264e-06,1.2615601712629441e-05,3.110286736300029e-05,1.8446243190451483e-05,1.725730818370487e-05,1.0742817811101216e-05,3.735108272827845e-05,3.0686194649918075e-05,0.0005201184865228784,0.0003745347379645782,0.0013689424962685796,0.004430780351883606,0.011749872203263532,0.023078492091031813,0.014711205017384498,0.006712020813208246,0.0026816763104216875,0.0034020090959053693,0.016290355321101336,0.054043095269269925,0.12083623926862118,0.10734834386639713,0.18301201505164788,0.4505879340367877,0.9013965492300147,0.6236949049630507,0.5320869006426489,0.45966797673063126,0.528331122847141,0.1629329035259185,0.19522193038913868,0.06884582401130963,0.07284237571814432,0.058932403250270764,0.0116603787309373,0.0014247938457923077,0.00035772851935514534,0.00010289718288144768,1.7284951864213883e-06,6.910205355805518e-10,6.389310709568457e-11,4.081581457495615e-11,3.22806930029321e-12,2.454376696673839e-14,7.078036537682338e-17,3.2782907998433806e-20,5.018816114305446e-24,9.802626759639495e-26,2.5090670372562892e-26,9.076644978179822e-29,3.383130386666379e-31,2.013362149259368e-39,8.227532426628449e-45,2.0520072398087882e-54,6.648565830772713e-63,5.710967419521436e-85,1.0827886296058216e-106,1.1415405815328729e-142,0.0,2.57884794151501e-148,2.0337570145048197e-108,1.8242757707722316e-83,2.800709990292775e-72,2.402072467545224e-55,3.947177958830877e-48,1.0570855752623008e-42,7.360594233066428e-36,2.239333011089704e-30,2.7797001330175476e-27,2.7144871244840822e-24,2.0566177510766078e-20,5.661183414926723e-19,2.1070088753348812e-17,2.4122916326004327e-13,5.361700656015729e-12,7.030535703308098e-11,1.2005171291965385e-08,8.994884500332979e-08,6.429340141454034e-07,4.1990058046928744e-05,0.0001228200018137935,0.0001787548091978018,0.002884843475394547,0.014204946401580478,0.08774426479309515,0.15598959445506858,0.07241814664952188,0.19244266338073523,0.34775280170617523,0.35860106924330043,0.4605048978335178,0.5070730613956873,0.5993370683773286,0.656008219034882,0.6035127374901613,0.9977510512293446,0.9545155718857865,0.9348976070363976,0.5333147737442056,0.3295654511503016,0.34856678356935805,0.3233204148659474,0.32619018131298055,0.4822837588550744,0.357042355841973,0.3136204358997458,0.2561677582660302,0.20592270031102874,0.06850110224973523,0.021917896441128758,0.006168979609128976,0.010671210211833647,0.014459572165735369,0.015474828242045012,0.04082556961521983,0.08768653688994699,0.33191389603717997,0.19461865167226344,0.32308865222324146,0.6673661968483499,0.5610526641718285,0.20063032524884172,0.19083484721805674,0.3293931878382661,0.38840081932294757,0.7636968571560192,0.2312009965984529,0.7993814801832377,0.8994995758104696,0.983156922855014,0.936748783338243,0.40266232077161196,0.9674456243045598,0.6425530644028377,0.5841965410544181,0.5668237183590206,0.8910865914123695,0.69724978139098,0.39648255590029885,0.3941738642213099,0.26839658927591586,0.8642114275222765,0.41761612489152977,0.35700684725062176,0.2118547514108193,0.18220837837114495,0.6257188898237924,0.11787942038549044,0.07869955888669591,0.1407103135035068,0.09978299094023081,0.5002901295921018,0.31884509862838994,0.4319006151429785,0.45789991599092195,0.6836327198369951,0.8402399559315786,0.9835277403054408
10.09999999999993,0.4753590775216251,0.5134727455157758,0.40996699788468216,0.2184893556057181,0.11422910054557024,0.030951037365892144,0.009986888115655375,0.004069872213472955,0.007393353698356874,0.006955096747857893,0.008725575591009602,0.007865671660236481,0.0210174073537091,0.017755173323403352,0.006005762410019827,0.0046225844465816734,0.0030314755794299333,0.003040822370918325,0.011357262720568783,0.004217484004330782,0.0042653913464862124,0.012256273212355924,0.043349661468688225,0.07258247866521164,0.09825414955735458,0.21134238747718614,0.11108392721920937,0.1573603158090248,0.05349662352246226,0.18767705525784156,0.4115250935478144,0.3890886262216784,0.34967670450916155,0.3952774238472491,0.4865284063256899,0.2901790937625891,0.26885981943692344,0.2690609383773893,0.34185797239097404,0.5102385783008924,0.42074247600168724,0.2871793465404855,0.16563701956429497,0.1589601627331984,0.09854266229569335,0.0349139336941581,0.0299830055005719,0.03303578899684471,0.03487313114681903,0.03385486186931855,0.038039485418894244,0.021816982248618534,0.0061839178498373955,0.003236083042175092,0.0017651334974457585,0.0011193755684161726,0.0038452020202128347,0.0063590493882014765,0.00742838926967057,0.006865677057572678,0.003080097248583955,0.009961572811074544,0.03448325547491031,0.02304046547598802,0.02401099367744411,0.003959230170059955,0.006942400228107812,0.004695591273638489,0.006568681356318692,0.0006818951058559099,0.0013994933926772836,0.00031521435103449105,0.0006766787821039222,0.0006672848912510392,0.00018819389513383998,0.00034794201880407853,0.00031030634583197975,0.0011378547429805744,0.0007877967118314398,0.0009839073885928816,0.0009032252251710728,0.005380801055472599,0.007036320854799208,0.0030522618085050872,0.0009988947030493667,0.0003754043985032031,0.0022189457128691395,0.003329416587153899,0.0019428995466401228,0.0005068854156435026,0.00032646242647436555,0.000291973348962983,0.0001717859527520031,1.9436696509377993e-05,2.5890064331669414e-06,5.571042585630908e-07,3.4096696977753073e-06,3.442529996967512e-06,2.8121341833541967e-07,5.214762417102156e-07,3.79732871078652e-07,2.466360234244666e-06,1.3796705281911865e-06,4.6404298370817795e-06,6.357959679184326e-07,9.168704486163814e-07,5.246617200899016e-07,1.0628284447285664e-06,5.440830249088899e-06,2.532138429677155e-06,1.0753180197401043e-05,7.297328052134691e-05,0.00014069190705463314,0.0006921297979584056,7.237087439911361e-05,0.00019482089252733994,0.00014689643764331673,0.0005426383654609882,0.004700875813233233,0.003349505521014903,0.0013155737695149914,0.0008520846837149547,0.00030284545170656196,4.1586864956109156e-05,8.785230880090394e-05,0.0005172684497463005,8.646143519406266e-05,0.00011585681611130494,0.0005817819625219202,0.0015949406061097884,0.0015856980228804644,0.00014706361489918619,7.148859982708238e-05,3.177617260456807e-05,0.00010521519872654587,4.68881271291379e-05,4.675493123767011e-06,1.67993855158008e-06,5.877840663601694e-06,8.1860960119739e-07,1.2716899915956744e-05,2.659891372315567e-06,2.315140605431925e-05,0.0003070188767708352,0.00036697092583260925,0.00022129040288143518,0.00015863275089957187,0.0001578606955784339,0.0006624293769380976,0.00018125079938145617,0.0011091061507707708,0.0005777954204730008,0.0012911992596405712,0.006769111202241395,0.010949568977736024,0.024059578524395494,0.016967565155803586,0.007127458301587127,0.003121997274489157,0.0026554122791704014,0.011085643715168033,0.030573356447628635,0.0653762685036759,0.08230608601495236,0.16283008113041345,0.3834264805837259,0.8855320395143067,0.7503616630772889,0.519147149364997,0.47045648268066764,0.5431752918705333,0.16962526655582422,0.16879975387931553,0.05580797809301864,0.038149011700165034,0.025761196777188435,0.005188311917818234,0.0003235257755385181,0.0001497243704770632,1.9363283749402942e-05,5.00790872953932e-07,7.783453912076077e-10,5.182353479292254e-11,3.081374425843608e-11,1.9595820759303258e-12,4.828869964092981e-15,3.7499776989527993e-17,3.276094577220478e-20,1.947368410352669e-22,1.7399144588495374e-25,2.262990355243388e-25,1.2371175910542428e-28,5.156118065856276e-31,6.046141121637669e-38,1.5668244071295672e-43,1.681739905996921e-49,1.518501611808528e-56,1.3907774819180568e-76,1.5774770848265173e-94,6.5142275129981e-117,2.57884794151501e-148,0.0,2.5778863537705616e-150,3.493783578660265e-110,3.501941351727248e-90,1.4618737727491101e-65,1.6179305997505308e-58,2.3813170782971035e-51,3.5011326380774605e-43,1.636735352629656e-36,1.428233226327245e-31,5.733273648293611e-29,1.5444264362789574e-24,1.8493525601531108e-22,7.304077906463155e-21,3.258477381230725e-16,5.6226998772913604e-14,1.4448447273740516e-12,3.201459584524572e-10,3.176828078319402e-09,5.2894188635955114e-08,6.588657404624741e-06,1.4878115592908804e-05,3.462739112769773e-05,0.0007228826380415944,0.0057015724633666205,0.03705226672679147,0.09273472738000399,0.052283696720572086,0.19644689473120167,0.42613023077128626,0.5722352600878823,0.657450066681515,0.8253722815239103,0.9441917033908527,0.8878979398808092,0.9204789927927197,0.5280574747624296,0.517897605961552,0.5707222692424183,0.9309113848292814,0.6483289261452051,0.6449884795413084,0.44448294850563724,0.4554152657867822,0.6602879288794113,0.4289143753350392,0.330672538806248,0.24906084516301363,0.1956486212923182,0.0731510687171405,0.023677458278564253,0.005283009221804002,0.006729746668766756,0.010525449579462871,0.013563134179482444,0.0379303855377261,0.07030072367600954,0.24985256005308468,0.1599088694564432,0.29000607328867667,0.6413222681356268,0.6070647094540345,0.2271124465717566,0.24370131448424126,0.3613497302240384,0.43675303159666273,0.7976983537767931,0.29673992533906596,0.7508341742191763,0.8113895148686653,0.9146096603480338,0.9640156452348888,0.41298492562520395,0.8806542952665292,0.4818501925731684,0.41703833134832136,0.37461304852488814,0.7853326199660061,0.4199300469968073,0.22739487240453168,0.19145120492527887,0.104037841873533,0.4767592056216655,0.2361646593290171,0.23190801386165735,0.12902188915600327,0.10694666757106294,0.43891472226038564,0.08188811958037938,0.06731713696349459,0.09160542413246095,0.0855479764444397,0.3823701590081427,0.26617714569761175,0.36883929725854775,0.3801904879798707,0.6061391843198163,0.9545674262126732,0.8990009885066642
10.199999999999928,0.3072660695351096,0.3209194396957511,0.26346952693280457,0.14458873871420305,0.05330502031343729,0.008790749345879981,0.0020286179774622014,0.0008586497886503658,0.0025208899727304714,0.002493341954628355,0.0024162143782937876,0.0017866151682460149,0.004860378226409832,0.005087928271075153,0.001475287867020924,0.0010577736840038114,0.0005164520307263679,0.0006132764071484225,0.0020973918772834825,0.0008370818865242309,0.0008031671685012049,0.004456043574746615,0.023006085214432887,0.04407015115381958,0.06708114645542707,0.1531698893542417,0.08968894322868769,0.14439361978252757,0.06027239671422008,0.20552821079624045,0.43304016704657666,0.3547234825743966,0.3478856674359294,0.47587214647329784,0.49237604149893377,0.28678611863279974,0.3393048814975706,0.3726205070316633,0.41997849568799195,0.5677768836962792,0.5109537896340393,0.35588896070781867,0.20244759398090315,0.17576295706682304,0.10628306325909626,0.03322467652186369,0.035469994571827396,0.0319275754078135,0.041827137452978974,0.0416743446826003,0.05129377553633033,0.030134368840899997,0.009233834395685096,0.004653884096137857,0.003728224346815783,0.0029830642567245454,0.006596048625699625,0.010442455430538542,0.01165918580063796,0.010300421350525477,0.004998047071756864,0.015445123265943122,0.05617759958412333,0.026336936521130776,0.03883216285091345,0.0057077480166680345,0.009558683725665897,0.0064534730148321975,0.005750803271151405,0.000531299129993581,0.0006046653141098793,8.249970931033875e-05,0.00020190479765191038,0.00019993602471147354,5.221012601087996e-05,0.00014336654882424047,7.975156648869725e-05,0.0002688550550004167,0.00010339448105728875,0.00012729573965124873,5.127414617979346e-05,0.0003771117692209521,0.0004377675767995439,0.00017751723940301879,5.064357086808971e-05,1.733406719527584e-05,0.00018516073141648963,0.000393499006527895,0.0002091180008260183,5.5569299947624846e-05,2.3569032191110665e-05,2.0356278288829595e-05,1.7831506570980932e-05,3.998342336853912e-06,5.189475937983205e-07,2.4037066656424645e-07,2.5168859074911404e-06,3.058309107857349e-06,2.195338340480888e-07,5.038763691654611e-07,2.511101551274699e-07,7.844251696525755e-07,4.985513383011818e-07,9.626891267022643e-07,1.4012453221125564e-07,3.138125452282052e-07,1.9973745914427976e-07,6.810363912684799e-07,4.9568303952020935e-06,5.546395566507257e-06,2.4295175819317303e-05,0.00012811805978470755,0.00023002840188171542,0.0011250084127129008,0.00013424834036525427,0.00026046674170313277,0.000291013322126662,0.0008784147076411438,0.005344145057020055,0.0038269317384201054,0.001534210060292396,0.0007051320756517056,0.0002843170044338469,6.035746722624342e-05,0.00013384545693145923,0.0010109839481264387,0.00018742618223165252,0.00025157132546668027,0.0012938478310750875,0.0036196220700380993,0.0032425492309691257,0.0003679805167722198,0.00022431213182013372,0.00015392103455136942,0.0005079620879889099,0.0002213770426345805,1.9269711496281923e-05,1.0373254262750418e-05,4.7893322445381794e-05,6.012644380910352e-06,9.983787579521767e-05,2.0648807197910173e-05,8.334004697106473e-05,0.0011320215032072835,0.0007925276745148941,0.0006230348324231168,0.0003760835016941926,0.00033975653270981276,0.0013313651944818782,0.00024901797484058047,0.000756698037416148,0.0004819762909327347,0.0009911433805291719,0.006118931116878497,0.011574036554419041,0.01979078586690111,0.02145105164912586,0.010245592633722279,0.006675138562018666,0.007939980918241803,0.0331592112230371,0.07920915794879312,0.17524901713751165,0.24026015995413666,0.38154995494257327,0.6727905700660599,0.7068964876777781,0.3636945565646643,0.18273065223728702,0.1793353260724137,0.24031639215311795,0.05551991769870969,0.05196980503124677,0.01936328390472541,0.009206568271615256,0.006004995433805004,0.001217542964603504,9.905124909931284e-05,7.208992970290791e-05,1.461852199519863e-05,7.370560883353019e-07,4.565788683806381e-09,8.310331313296952e-10,4.138535150174055e-10,2.13188374159298e-11,1.6169155945772943e-13,3.0586610866801227e-15,2.3000959029347842e-18,1.2825448157899306e-20,1.91907835348737e-23,2.0116328487756134e-23,2.2885191251016267e-26,1.4406091256385555e-28,3.049617032365279e-34,2.0604419880903182e-39,6.825359198542625e-44,7.040907155803545e-51,2.1637102762906657e-66,2.4658639838287814e-78,9.702556254919925e-93,2.0337570145048197e-108,2.5778863537705616e-150,0.0,2.6148906326414238e-141,8.336736586200783e-112,3.7035996161966427e-79,1.3004641419726363e-67,1.0117367557862731e-57,2.2164845597241593e-48,3.9701557934619985e-41,5.380186246516449e-35,2.0499535181137685e-31,1.0563406050010801e-26,6.06123078973848e-24,8.851511027173456e-22,3.301191720248974e-17,2.8557551958152455e-14,9.679066807673776e-13,2.573924966323642e-10,3.434803450677653e-09,3.421681509341989e-08,4.485742664970159e-06,1.1756687006784815e-05,2.7709337170464873e-05,0.0006436265249972554,0.004033660959599062,0.02021902498676944,0.0734684117229872,0.04191627711825474,0.17673647296747708,0.47571470372980357,0.6759351450940401,0.8065672772070076,0.9096797387221327,0.9973187048353094,0.7660512015689741,0.8585827949364205,0.5016304032602463,0.5289376392600994,0.5617417547323997,0.9574964548492519,0.5922407513799188,0.5867629562526506,0.35525637485389494,0.34435953427795873,0.5494218489819944,0.3524017834491258,0.22817938335328705,0.14546626865786763,0.1321236975392782,0.06382191258578979,0.015286324711193303,0.0031633662650041054,0.004018375853825175,0.00710912982469058,0.011531080829180949,0.030636715384291194,0.06874245018317036,0.19303800205312294,0.1098313178591082,0.22140655291139347,0.5284890646690016,0.48875668989052456,0.1683642430744676,0.196934754264412,0.24824403534813227,0.36589714734246737,0.665389631117886,0.2608614021613878,0.6536653066480421,0.6542709456330777,0.8131942393990376,0.965524180455486,0.44103136547197697,0.873461419041634,0.5652652531426879,0.5366607127874556,0.4611159573995743,0.8822301781878793,0.4437570501740318,0.2562076850273015,0.1754612782555627,0.0791968605420548,0.4256623745831289,0.20539925207733456,0.18711680527694433,0.10748904869751735,0.10008440122611291,0.3936672450742413,0.0901961885250072,0.08429547981134669,0.09345048752001418,0.11262859339117355,0.47491145737401097,0.38208239368890856,0.5019557851934049,0.4412122152342622,0.6921666185865181,0.9824933858039614,0.9403917889072418
10.299999999999926,0.23389860169792892,0.30068553674754256,0.2482780875577859,0.1441153727779111,0.03960418172545598,0.0035818845896100735,0.000997873793499084,0.0003615139624860348,0.0012471425117592976,0.001245428658913166,0.001081119126577991,0.0006470132290933981,0.00227608283591677,0.0024474513539121732,0.0006625155976766782,0.00036621157812913524,0.00019258904715156947,0.00017258078946294972,0.0006008553649560734,0.00020832596537183847,0.0002630025417270297,0.0017270025647665313,0.011401329295857883,0.030333132187911067,0.043053345503778394,0.10684925093331188,0.061509745046497484,0.09466647419233044,0.051239941696337055,0.20144877795893282,0.4155068959537934,0.35740787337344054,0.4133100453100321,0.5430331743033313,0.5521573129228406,0.33604689604905147,0.36622018737117706,0.3906860204890026,0.40728896745406246,0.5641464078534526,0.35809316812711506,0.22377410423443947,0.10116859784392929,0.07102436791352053,0.03572810657708409,0.009677601912761014,0.01193267524662525,0.01104734336419451,0.020053426174399414,0.02670122766743024,0.04815927866701496,0.03563222691930494,0.01413271674594376,0.00685164260424968,0.010267142084756329,0.007061448687896665,0.015176096224335807,0.029438614625357643,0.025643639589796298,0.019943474990043654,0.006484962729180694,0.015000936925492005,0.03568676160122077,0.02046255855935344,0.04197413702478501,0.00635223938823624,0.01163474775524171,0.008679942720940005,0.007960110908814159,0.0011141270690744377,0.0015175557666742313,0.00029101581082659965,0.0012174006319560626,0.0014226942563581632,0.000919517194233583,0.002504667758747993,0.0015531522353365403,0.003205559087238378,0.0012672130617018182,0.0014318753387065077,0.0007130876255671191,0.0036645097181944642,0.0038126722644194265,0.0011847238007839473,0.00029092908548481773,6.596243026696724e-05,0.0004708444339697677,0.0007458059200998935,0.0004384325475619147,8.535540632623454e-05,1.765501052736344e-05,2.9572143438254554e-05,3.3588370717341676e-05,6.7191205745401885e-06,7.661190752860823e-07,6.524179214528e-07,1.295607656338077e-05,1.787747012398929e-05,1.174036029416855e-06,2.5240867144157356e-06,1.8076543705904384e-06,1.8990753009027272e-06,1.2098656382864444e-06,1.4922998917919883e-06,2.205495110241857e-07,5.817517042797467e-07,2.9036663674661094e-07,1.5142947975924726e-06,1.1060721811164774e-05,1.4965717412730276e-05,2.7038137401826165e-05,0.00016585174762413977,0.0003439166732700216,0.001672846204419355,0.00018811422533227185,0.0003519788502232935,0.00032473106851657813,0.0008778640222039856,0.005263069285349951,0.004546650758171133,0.002120785085680427,0.0008673156550049218,0.0004291367960159741,6.432445811379644e-05,0.0001461810096432467,0.001152530457081275,0.00014740301304784674,0.0001755859376718936,0.0010327162238410001,0.002567738715548767,0.002745008133249829,0.0002953356178584599,0.00018358837926243563,0.00019279697941801144,0.0013292183712129335,0.0006131778739090424,8.281753816259462e-05,3.6756820765867263e-05,0.00011362213532416533,1.7293858614484133e-05,0.00015120125107677553,3.0259131873649678e-05,0.00015819121133931906,0.001966074137422806,0.0007117407439363521,0.0005346228380937934,0.00032207233549706244,0.00043687284110948527,0.0013136577406565038,0.000304032293169453,0.0008051104183024624,0.0003119399926680908,0.0006589030360257527,0.004856827089433466,0.0093455635008383,0.019423492188138554,0.017290492124516162,0.008085905354142818,0.005973077972095106,0.0076258390760493375,0.023653712413787983,0.060636476575748804,0.1452541369181331,0.1822396925829273,0.2931601099979,0.6199856501562534,0.8006745718000805,0.4054481036035583,0.20354225319157138,0.1687166578466678,0.22665634201660334,0.06471628031224552,0.05883960078402498,0.02978738523593083,0.01568858455932312,0.01167508128790776,0.0032769274943390734,0.0004625085486788008,0.00023334153957237314,7.052145344662966e-05,2.3464801070131102e-06,5.9581631293352625e-08,1.5300976573570254e-08,4.85362807007382e-09,1.3434516966112917e-09,2.6090359772284853e-11,7.717975307575006e-13,4.378091878255672e-16,1.9035067245439937e-18,3.465709808864012e-21,1.9350590490111167e-21,2.432429326783134e-24,2.772093948113382e-26,3.9668237253960176e-31,1.3249129226014144e-34,4.473025067424641e-38,5.770188418387061e-44,2.5792516960775143e-54,1.344200992099213e-62,3.4833395896910756e-72,1.8242757707722316e-83,3.493783578660265e-110,2.6148906326414238e-141,0.0,1.2895669234204157e-140,5.541305537651869e-94,1.0470948832321922e-78,2.3924860055474476e-65,7.534435560611707e-55,3.871469837751496e-45,1.7420289900864887e-38,1.125755556103384e-34,1.4109158038070478e-28,1.2936763867601775e-25,1.7596833120280967e-22,1.8188397774338997e-17,1.3970606748302394e-14,5.536349604784082e-13,1.8506537319415252e-10,1.9148211291077555e-09,2.9766704374587618e-08,6.902062178651567e-06,1.0775970540444598e-05,3.194563370840402e-05,0.0008305422434289199,0.004801913684217077,0.028816733249747283,0.09630754838381175,0.07063160105562502,0.2961357079581543,0.6339010214972834,0.8219549567541764,0.9688475839166991,0.9939071567627813,0.8463772827565508,0.6175779916791663,0.748499978632298,0.44964393895574517,0.47787982152979996,0.4513564216326674,0.6497426815909687,0.8938409527801371,0.8481100963711786,0.5485446631171739,0.4198079665737252,0.636242340976251,0.3582883871039983,0.20974494945585068,0.12694124975652338,0.12935726250926802,0.09088249900143103,0.01757352463970641,0.003404681292353848,0.004128897421030406,0.00806364757635636,0.016075982268854306,0.028923793201105004,0.05843775313130513,0.16018170286519595,0.08270953578257983,0.16604103927958508,0.40879298284148746,0.386617619853217,0.13913834736373684,0.1764693652582098,0.18083498596116682,0.25088362740687276,0.536465838874266,0.18141912975824823,0.54255442630363,0.6452466880509592,0.7499125603972362,0.9651788741226802,0.3592429622978046,0.969995262280743,0.6639365365244534,0.6448375271954953,0.5324660742325341,0.9577352079638353,0.5034446474322312,0.3184472582071108,0.20972137139044567,0.07268769241076656,0.4072755718779507,0.1699831990292917,0.18469948494953353,0.11550088592527957,0.12195178621217981,0.5439790768005479,0.1328788290243812,0.14037537036693162,0.1667585987938695,0.17820798320214312,0.5974312888588238,0.4328523398298138,0.5175131608728699,0.5220131941100441,0.7819679609023152,0.9209818983236651,0.9519509420678988
10.399999999999928,0.10774104950258677,0.11612753922801011,0.09569500170349231,0.053343618798864484,0.014032159733936917,0.0010219868394747077,0.00023094393548357084,0.00010279575047385806,0.0004825907026575307,0.0004386392362451117,0.0004824065239872509,0.00017743434033987057,0.0006012314203745833,0.0006309122271809352,0.0001411344827114801,0.0001263199872750564,6.487105327210836e-05,4.5959218282461616e-05,0.00013225233286953694,7.00950980051569e-05,7.229191624146997e-05,0.0007719139769404012,0.007246442006489023,0.01576702917304752,0.019658798961120626,0.058774695449628725,0.03781974155782277,0.06987046689242189,0.04540200599869995,0.2122817677469714,0.43198937051520453,0.3225873117650359,0.2924322790577351,0.43456696773448916,0.3939282429814189,0.1816148718361036,0.2576356833585734,0.3018476616681206,0.27449264344912483,0.3714723143297138,0.23953016561121845,0.1639595906141333,0.09759442459389266,0.058888354266642635,0.039642799891747,0.008369424389991276,0.012489117648783897,0.014268728047030289,0.01656356762686676,0.023219819059437753,0.05184677078128213,0.06017964218313488,0.02163618772615575,0.01043338570397881,0.01337624532967313,0.007490927812036492,0.013760743647964358,0.034181465926693605,0.024125816599598175,0.022269397626300542,0.012214950481523443,0.023144199861856538,0.04611707563452914,0.01931740663671054,0.029063376100832296,0.004474831833710783,0.005757788473878171,0.0022013234589196963,0.0017053517483418463,0.00018871242618005393,0.0003169133633920322,6.568327316794074e-05,0.00011488252154610611,8.024633706958854e-05,4.247731269671321e-05,0.00015205752083442676,6.315823159218924e-05,0.0001031761571655425,3.962459495119153e-05,3.32603546849081e-05,1.7985229040932594e-05,0.00013826960557782506,0.00016247477900630238,3.431365400610611e-05,1.0463991982347745e-05,1.7722624042294512e-06,1.6630774726906686e-05,4.4675602132189976e-05,2.2315994904714222e-05,2.7301497678102786e-06,5.84272707930866e-07,6.053286281203113e-07,8.566206858013014e-07,2.2690714703917523e-07,4.962349182797117e-08,2.9901797648201396e-08,1.1937633967279032e-06,3.722835743119389e-06,2.535757845566955e-07,1.0075767922334709e-06,5.251863190807053e-07,3.7448147848830143e-07,1.829597652655299e-07,2.3188859799618792e-07,5.636588773378564e-08,1.2314039698219464e-07,8.548638015973606e-08,2.981474030266234e-07,1.6228466244938849e-06,4.370987391645764e-06,9.3577793866764e-06,6.658443157792497e-05,6.674169852452748e-05,0.0003906424117334075,3.787041466965626e-05,5.183830558115209e-05,8.117711765850028e-05,0.00019878887982262747,0.0013525121029456888,0.0012549408061200294,0.0005292290829441383,0.0001942363012640688,8.617041589654104e-05,1.4618017872732482e-05,4.243591748984997e-05,0.0004708944451980098,5.5565472989484975e-05,8.380316522879955e-05,0.0003228003395332348,0.0008331980890899541,0.000981755089895656,0.00016280665365135406,0.00012030735801362043,0.00014925014548350176,0.0011269275411042849,0.0005387981178147121,8.708361700361303e-05,4.9743558701579414e-05,0.00014071707999898967,2.9511182163875953e-05,0.0003066042656009696,5.3252195271302266e-05,0.00019524942290807554,0.0016566006629908814,0.000800580645346255,0.0007097611307602942,0.0004258821141078096,0.0005943242283021219,0.0016215439568918516,0.0004884807057344699,0.001433937840194265,0.0005779024297173575,0.001724707812992565,0.012968581932769962,0.032945928216746724,0.06358953463573878,0.0614497716271628,0.030487973263606468,0.025793015639531083,0.027064168502229608,0.06901551678986456,0.12346164005791692,0.26326359377404973,0.30492099601626127,0.44682480255534485,0.748807669699001,0.6431889612473695,0.29600402991385905,0.1557013382612714,0.1226860127286339,0.14055338123010214,0.03850565927609528,0.027500988273388337,0.009476762242393891,0.0035013053917958303,0.0020734468335449575,0.000577202401677402,8.057773525900828e-05,3.0151466771702402e-05,8.196175412057556e-06,2.2345550938182681e-07,9.007144224625444e-09,2.1616265082764448e-09,8.343840416439427e-10,2.829291967725771e-10,7.12234157616938e-12,3.0148565621965945e-13,6.757555414706408e-16,2.738052247789234e-17,6.192250730725533e-20,1.7551752035347381e-19,5.120601132098865e-22,2.69473304314052e-24,1.452073834219863e-28,2.385238767236193e-31,1.8762054662916628e-34,2.7350590202479486e-39,1.7445846949405445e-48,4.997479878477172e-56,2.4864325042416076e-64,2.800709990292775e-72,3.501941351727248e-90,8.336736586200783e-112,1.2895669234204157e-140,0.0,3.3132873259405356e-125,5.9413830266430075e-99,6.322870659477474e-80,7.485324271191494e-66,8.002358853645033e-54,1.4251100861223224e-45,1.362856597181701e-41,1.594997450581123e-35,1.107742098734304e-31,1.0166776472339065e-27,1.0205244480788083e-21,7.035568853464451e-19,4.018171408238971e-17,1.4706760382199522e-13,3.8037000431479275e-12,6.887539498683631e-11,4.4056773328037794e-08,8.528661024252745e-08,3.0146002423664166e-07,2.644215033071967e-05,0.00016993032660865984,0.0012991096595753164,0.008304822986848124,0.006159460621409823,0.06412192800033333,0.21593967889974425,0.28738197957305595,0.43156070533295365,0.4978297551386014,0.7158306433292573,0.9935820783508184,0.8500667324598719,0.8370185250926296,0.6914175233559429,0.6334307856663692,0.8630763928624926,0.6870396876981446,0.6339972127210529,0.44756972107543,0.3435952317944125,0.48648436855391386,0.2643846276899527,0.1382213679315025,0.07100910418215148,0.07350454939432632,0.05880841961957872,0.016381423075629783,0.004599307435442503,0.0077340047854003256,0.013458699361648365,0.03367138623858568,0.05822463425085922,0.14714025671626157,0.31579980821327747,0.16555518795337423,0.2653246353011334,0.5211640375281598,0.4473465420263278,0.14844991995803206,0.20722327596821216,0.2220695426804674,0.2720430456564904,0.5651242376253282,0.14844313425033995,0.569359157976672,0.6704130071672034,0.7242085377112404,0.8279590835656855,0.3043658761546882,0.9326273126877117,0.7037519677217113,0.7971253841379288,0.7219893006688914,0.7404230292517651,0.8189409606485109,0.49243057664718937,0.43373405916230806,0.1709042475959739,0.7755892188807806,0.4201166371055488,0.42688792861151775,0.2791873363310681,0.27902914094077663,0.9837715076420496,0.2877646335531746,0.2859819975738223,0.3255959820163973,0.3239123425212123,0.9099113550038284,0.5959431538065492,0.6565123585107697,0.537511677647739,0.7785174857602877,0.9078624793463059,0.9498261201502726
10.499999999999929,0.14127368431431425,0.09221394177489403,0.07114567855180254,0.031163384995910603,0.010489019999188888,0.0024542229585253813,0.0006567054720778038,0.00043389256767953387,0.0006190935299365838,0.0007512771708966104,0.0006353617725057222,0.0002836775563268716,0.0012813988765772936,0.0007176554764660134,0.00035089273213760857,0.0002608120005148368,0.00017613348937895978,0.00014957729646275267,0.00034822289286115966,8.921634138388016e-05,5.5981523529935676e-05,0.0009167309307759162,0.009384153059328673,0.026570918024023137,0.050511096266232104,0.12816063562533295,0.09581366432254033,0.14675368454644644,0.08195202893408565,0.38703631065822314,0.6839595640089282,0.6355938783880288,0.6182459294108503,0.8448279505005784,0.6914137089060769,0.37844479070420706,0.5562259177268373,0.7869385556019058,0.7336250952331854,0.7045605401289897,0.3664949966298323,0.22216018135856533,0.11067172475468387,0.044929397186274936,0.03507776066318607,0.007422499315289341,0.01328440922116624,0.01169414078269348,0.008987800453351426,0.02429883085862586,0.04250330652268403,0.054350645382220605,0.022894052425254868,0.009438640125350672,0.009988761743132723,0.007692191225128756,0.010827203201988144,0.027730020691816036,0.019822772156929926,0.014913873978055731,0.01119851428439155,0.02162556382253428,0.05363578763972385,0.03380505977915903,0.046023614282506634,0.010600874252881335,0.013361527237302901,0.006335636703618555,0.004758651040158629,0.0005643781675079793,0.0011186536881777592,0.000589769937158341,0.0005973314069763242,0.0008494126524867705,0.0005799252074703201,0.0021323520753421545,0.0014861150923011423,0.001730919265306368,0.000812547470791527,0.000899319003231017,0.0005341058088098915,0.0024295717471888903,0.002696654537006224,0.0007403286776348216,0.00027975920362798245,5.587633187500642e-05,0.0001552762941695001,0.00022906060146337052,8.310397073657108e-05,1.3499808407219923e-05,3.420043051838076e-06,3.934949790653173e-06,3.64002910249106e-06,1.7996853900073288e-07,6.722241810353147e-08,1.1618112799455818e-07,7.980451256687942e-07,2.113365189599452e-06,3.435929822677521e-07,1.1655305680015317e-06,1.0554489881243255e-06,6.945105208437349e-07,5.057396284277875e-07,4.65594900909775e-07,1.8353642657853313e-07,4.729720066353763e-07,3.347949282368342e-07,2.30551746947673e-06,2.1396054750613924e-05,6.791369077745291e-05,0.0001605454780624493,0.0007924653985391256,0.00034226084484751426,0.0007265561690904071,0.00011764840384392665,0.0001257153027982743,0.0002358640840098908,0.00043527782538362573,0.002267388815219248,0.0020942070950245506,0.0006729352639140166,0.0004200907169012051,0.00015533731324983676,4.429576491985827e-05,0.00020225971574272994,0.0012201317833849955,0.00038869963135253004,0.0003082142250602039,0.0010846008943551188,0.0028485006569447125,0.002168554438756765,0.0003104886873823597,0.00019644586055842547,0.00029490018626784225,0.0020132150143133912,0.0010037766117541311,0.00015748999968420656,0.00010233161185327832,0.00012546717675059754,2.3551506303804344e-05,0.0003371001634878407,6.0199695165972296e-05,0.00026616622881086926,0.0016275504356651129,0.0008661265568369975,0.0011661204460462122,0.001136530595020634,0.0011508684459482757,0.0018945362038440435,0.0006427527152229946,0.0024158414049205317,0.0009457487779787831,0.0026627892576292444,0.011293525964865566,0.06427327958829557,0.11681126097557287,0.10019097414628057,0.0447732701986127,0.03248841285485709,0.047457482017795795,0.10409510582128673,0.14100966653437122,0.2776499313501647,0.24087654806071218,0.34759702618061483,0.5133867295127538,0.7417570829582212,0.41771651871488313,0.29825744643051383,0.24754672192271632,0.2665811189392123,0.07760694982362457,0.06480823338840072,0.025119457587345136,0.01725667243354899,0.008216447995476116,0.0017615535382247412,0.0004006099261492695,0.00010137863096674077,0.00011800283100932465,9.728151708741309e-06,1.838724341129973e-07,1.486387410446154e-07,5.259330479763532e-08,2.0225463280705775e-08,3.9326665897397815e-09,2.083686134770544e-10,1.8877704599105636e-12,2.068651134907367e-13,1.0107921507783667e-15,6.75499462636836e-15,2.3230641024487016e-17,1.21501648370172e-19,3.174134804667604e-23,2.667414226799642e-26,3.0282009543912934e-29,5.5987942755346504e-33,2.161066185772898e-39,1.4433262363205573e-45,4.847335232986326e-51,2.402072467545224e-55,1.4618737727491101e-65,3.7035996161966427e-79,5.541305537651869e-94,3.3132873259405356e-125,0.0,8.12004799977568e-130,2.806531573705411e-100,1.3136130264054389e-80,1.1829293344934325e-63,4.9014691105551256e-54,2.324458832198694e-47,2.3131588024514287e-38,5.430694641237734e-34,4.009539973634704e-30,1.2756202356693709e-23,1.4350947354787882e-20,3.501960400850565e-18,5.931356712261633e-14,6.766629471837074e-12,2.844907467814221e-10,1.327153597566082e-07,2.2382362689009454e-07,8.855536464123416e-07,3.583305823389939e-05,0.00022323174089252065,0.001335946798052961,0.010804745648954051,0.009054857183380791,0.08524146802384866,0.2412011983404674,0.25443912466465973,0.41395715918575704,0.5135326942584205,0.8770176188620438,0.8104020454983154,0.9149493047992789,0.7375375756533349,0.5380476904615772,0.54289915922249,0.7978123182816973,0.8697427055013699,0.7738095973871933,0.6310037900873944,0.3670528838986561,0.4727452589547423,0.20978650747958283,0.09604111488712054,0.06297845184836791,0.06514905135981065,0.07197805142572264,0.03328132241218344,0.017869653497992685,0.03543606278845685,0.040451297658235824,0.10424983003741824,0.14571329506447653,0.3181765699167085,0.7046743250728682,0.4671259245533752,0.6935631558133505,0.9723720338963289,0.8918567756345531,0.4247880797262807,0.4555307608367299,0.3339879536386241,0.2639614482631892,0.47332044147221475,0.12261204689203682,0.574795449340589,0.6823574730600057,0.6970847631577168,0.784619733435524,0.28802651199384666,0.9431050239902873,0.6572432360815544,0.7236752693649589,0.6182460368619929,0.8036558551357428,0.8640283189908862,0.5233108210404012,0.5130891558990754,0.18218035356813267,0.763750433008425,0.40385919329064995,0.4190075257014674,0.27856614341255004,0.19930548859601535,0.8541343686786534,0.19587830702445383,0.15784873073835415,0.18957491163780454,0.1660350922003468,0.6530455165203756,0.4979193254837488,0.5261400397171004,0.36174789476231434,0.5051912533668087,0.854443555258192,0.7360342186706027
10.599999999999927,0.047384370375793176,0.02100935473351572,0.014173239544513688,0.008786358380174768,0.0015983840093019184,0.00024522440934051916,7.862403641379819e-05,0.00010454621333087252,0.000423109165194032,0.0002503196046316191,0.0002147844486062776,5.290038577946707e-05,0.0002888998079739615,0.0002811029294903959,2.9475229327415603e-05,1.2384323171345315e-05,8.792718277900955e-06,4.21626451034315e-06,9.012257809218263e-06,3.0716825898031846e-06,2.983373536539024e-06,0.00010569832663530453,0.002025086131462187,0.005978277473801359,0.01344305588263783,0.03755106028614389,0.028609429963297867,0.06790357559165552,0.04310608793795513,0.18872795372157558,0.38568202859974615,0.3363762219125957,0.3638659185955407,0.436500866227304,0.4119974693777353,0.1930490717633169,0.3961551817288563,0.5741634764082261,0.5016280865947269,0.48342870281258,0.18114744193270238,0.11971398138943466,0.041618237704243694,0.0214770128992416,0.008821336864250611,0.0014072049107720908,0.0018548558961754796,0.002222201604092153,0.002873289122851728,0.0059565766432301565,0.01642498854256545,0.0219583659436321,0.008045022663771901,0.0021737477167670352,0.002650470369224548,0.00119450304506111,0.0026605660383373624,0.010767761856857527,0.006857499331178715,0.009602409406849276,0.007640027910452257,0.017049578542722425,0.03592919526091373,0.017917034817177678,0.03152099106742811,0.006258698496254881,0.007961799371728336,0.003013957850647464,0.002045420713115879,0.0004453491982400237,0.0014781934217498042,0.0010274404113881116,0.0004470825710253,0.00029398304458997033,0.00028129953606732675,0.0009619126724132405,0.0006091206043794413,0.0003767147256051313,0.0001980396927322188,0.0001959088985080265,0.00015219877678380878,0.0007829734860627201,0.0013643032044685158,0.0004225081561875376,0.00015922892261194485,3.1262771583801266e-05,9.614700501168374e-05,0.0002359140237536616,7.07962708954479e-05,2.1462790915587637e-05,4.605216810962933e-06,1.914744614374943e-05,1.741258590209403e-05,2.373429156749948e-06,1.8884913995251565e-07,4.426524290455491e-08,3.701500205989947e-06,1.006881224735196e-05,1.4257377614688815e-06,3.964895088256171e-06,2.6060114106265767e-06,1.487875545568023e-06,9.851308242818842e-07,1.067718456516862e-06,5.089380258987231e-07,1.088069743890056e-06,6.923007973381498e-07,5.882905759811855e-06,3.7164789416451355e-05,7.966604254820169e-05,0.00016174541523935937,0.000669450277572937,0.0003074624346839572,0.0012350065748391226,0.00020893024606478196,0.00016547608789561368,0.00041640863801736247,0.0008802267076103973,0.008587918859932478,0.007737115515226867,0.0026874144983688266,0.002997053445182319,0.001307728902229003,0.00042565424819616975,0.0011952347353822777,0.004823336710732781,0.0020363032447154685,0.0018222715883176369,0.00531737092819431,0.010057339230217953,0.005583034660067869,0.0010322666804523444,0.00093688706628175,0.001228796226142177,0.0035309546087806142,0.0020203865247887687,0.00035882236143316,0.00024051033188282365,0.0004080265069952814,5.807654249697365e-05,0.00051659871502023,0.0001422060624668164,0.000594151739405057,0.005867246350744629,0.0013545256386421527,0.0010223817918955107,0.002443779685837858,0.003934895077274013,0.012703842485575063,0.0027333711703198876,0.0025536677610575394,0.0012074396940499816,0.002880316325871226,0.01603179523978852,0.0525358664396344,0.07762346452635738,0.0801214006217813,0.031868383295749696,0.0351492193940787,0.030501086992393324,0.05685865854928374,0.06005690370242372,0.12150678089968302,0.0937144951241995,0.1153173965171043,0.18410389002472993,0.5672177075449886,0.9363860729067659,0.8571105785810685,0.7868539993386365,0.7768785936907834,0.4610722492170912,0.33015473318509875,0.1330320946740458,0.07085669132050518,0.03296959525803689,0.0086769374451111,0.0018686485626763936,0.0008877563799517396,0.00017157506819076308,9.176411629676608e-06,1.0396351064510976e-06,9.035055278596908e-07,5.389184244397045e-07,1.5822795946678354e-07,6.639721180520057e-09,1.1193647149762607e-09,1.6129745472105946e-11,1.6804988304295938e-12,9.85217009371863e-15,3.4871612969829485e-14,2.7243166232485263e-16,1.979447362629836e-18,8.733431938533687e-22,1.3386129208076289e-25,5.287107969805094e-29,4.11046228136818e-33,3.33220446186785e-39,1.7996224819343933e-45,3.00289866061994e-49,3.947177958830877e-48,1.6179305997505308e-58,1.3004641419726363e-67,1.0470948832321922e-78,5.9413830266430075e-99,8.12004799977568e-130,0.0,2.0101848477942031e-143,1.825938811028881e-110,1.117583571167632e-86,2.470434343990661e-68,6.683718183506528e-60,9.186355835152867e-50,2.563853336985826e-43,1.9069445524535086e-39,5.4031071559087074e-31,3.5523647003783276e-27,3.684530303677007e-24,6.188771153048174e-19,4.980490995620887e-16,2.1474248444122193e-13,3.9317717737042275e-10,1.0656443480431913e-09,1.0095380757494515e-08,1.8652905119134322e-06,2.3381051126245824e-05,0.00016371267105791978,0.0028519514778118987,0.003227845271877731,0.05576186294010906,0.175975296818677,0.2636851883683489,0.4164194197021579,0.48007758219974783,0.9295381167254355,0.6952836949308834,0.8356492540637553,0.6700507011614084,0.4871672550107888,0.4673066629901882,0.7413758296921189,0.8518549667861763,0.6337680461589306,0.46647487919677183,0.24325912225529497,0.31033649164620203,0.16760648194730177,0.06475497662640127,0.03821478121839623,0.04450173054158711,0.04051691676838566,0.01596101095706201,0.009585673405108654,0.014561080242842877,0.019788076492347175,0.10162639377460263,0.14131387023601458,0.29159202637505155,0.5558277482373878,0.410944706340611,0.652637027288285,0.9231811279057266,0.8194415517934935,0.3599893156081536,0.3955602764011622,0.22722518488004909,0.15570354716191523,0.29509575817039907,0.06711172100369081,0.3559956057930816,0.4125615049119123,0.5028624194730801,0.6135945183824095,0.17773788321270184,0.8227871343737401,0.7017684702715099,0.7740029999174967,0.7998007264308864,0.7822013058645726,0.9079805302587024,0.5824856954644856,0.5459296695898063,0.23129803582864802,0.8066778400183403,0.5089960616371291,0.5346169152051955,0.3578069648313492,0.3077191336451569,0.986729960813043,0.353683552438399,0.33993906256355944,0.3305870488284385,0.28791126070908724,0.7441639515958721,0.5382239498014295,0.5334642767351568,0.3216611275713707,0.4146808061138717,0.7350642646780625,0.5788742439188364
10.699999999999925,0.039333440414288386,0.01874230417188006,0.01193115811661911,0.007702398786170896,0.0018158801889202785,0.0003344750358996603,9.74596562774008e-05,0.00016142572558677996,0.00037862222118946167,0.0003098351147989665,0.00037673781616998504,8.737517421803935e-05,0.0004095897931127074,0.0003577688270345276,5.125974400665534e-05,2.3828012509988003e-05,2.5741918302201085e-05,1.846732882380262e-05,3.1876796779308376e-05,1.708976252132524e-05,1.4179462553114413e-05,0.00043004314240632807,0.005312146476621361,0.011675514582056378,0.018490893993596803,0.04977811439128233,0.04384939492837967,0.0884998121615095,0.05181100437097381,0.18602556907735585,0.3966598522685352,0.30462535401931295,0.3502144007364788,0.43659139480957737,0.3932464444564103,0.20899576224877242,0.41413880583442747,0.5839383656813952,0.4966132159919748,0.49637340652186684,0.1676600176148583,0.10317445414511024,0.026108290185870443,0.012771153598531435,0.004709776827875163,0.000799548106938855,0.0011738575525602978,0.001669243053392512,0.002390967987158158,0.003759474437697376,0.009909744833710146,0.012598892371410974,0.004771183998205147,0.0010927319132503044,0.0010219216283084182,0.0006914786481292567,0.0010014086265965369,0.0040726695681675895,0.0015854324782650735,0.0023645614719610734,0.0018392079414126848,0.004052069743867743,0.01314108251687369,0.0054464266512905465,0.012164213134539185,0.0017211000371605844,0.0018725657353220386,0.0008786545898486675,0.000689373411725601,9.424987992866991e-05,0.0003797929676273854,0.0001872457509048604,0.0001416462454949039,0.00011373727935802499,9.885543366965501e-05,0.0003381935733734146,0.0001963399690005254,0.0001928793440740892,0.00013303512343831829,0.00014902771023677435,0.0001335898251285807,0.0007648231491531102,0.0014230772825330107,0.0004429071047769037,0.00013624027747188177,3.282958046522159e-05,9.918398408659286e-05,0.00030764483656642717,0.00012911336684525056,6.370699306709083e-05,1.1020397808678774e-05,9.784575445519523e-05,0.00010541488723362669,1.3783297442859883e-05,1.2507567392801505e-06,2.3834248114504434e-07,8.786136155292822e-06,1.8175493476363106e-05,3.5675552443266547e-06,8.891840604623762e-06,1.1781458196263604e-05,6.355371376388471e-06,7.201769156524339e-06,6.366997865402895e-06,6.087417727955562e-06,7.366170943693947e-06,3.822878503087419e-06,2.097047456090293e-05,0.00010078824416180874,0.00015263662151085439,0.0003025249107201148,0.0015004562232271543,0.00046588677307151207,0.0023385894639751854,0.0004411840507263413,0.0005568475321379213,0.0010994027722868915,0.0021038105435903427,0.019222009339431634,0.020531405600053954,0.008616385771369394,0.007870391898727212,0.004686854723099173,0.0016682670632301043,0.0038059129135490904,0.011743421882339783,0.004059930866214556,0.003087519552691733,0.006492228253942176,0.009885988078634425,0.003850622094509897,0.0007292510671663042,0.0006719942791034252,0.0012566582013139385,0.0037531366553556615,0.0017154490914194872,0.0003620039519463488,0.00012726986951749783,0.00017606619901539464,1.5165644078348221e-05,0.0001233547364324227,5.1263447528119936e-05,0.00035545309438584965,0.003539618989461475,0.0013072145030015726,0.0013015204349631328,0.002476851259182191,0.0050477663957360225,0.015535911076682996,0.004568613711571372,0.004635588424325515,0.00231998276849095,0.005575110497150174,0.03148516268895282,0.10592997350601578,0.15110636859631243,0.14172639045381966,0.05219359830874346,0.047058015101282866,0.04087109924781569,0.07549951813943252,0.0778298459139822,0.13145682241739792,0.09872964855193839,0.09444083717121583,0.13276740150052865,0.44653177121662135,0.7964001385849281,0.9811461822857108,0.976056490911043,0.9833969800224469,0.6471262909847323,0.5148807605161304,0.21156696716755033,0.14173150080025435,0.05937461555955621,0.01729807964909954,0.004137741050559905,0.0017414354717731181,0.00017327284261546428,8.323241382251233e-06,1.7044692696418923e-06,1.5276353717854779e-06,1.4041127919309796e-06,4.834863500966567e-07,2.2680954508973643e-08,3.134796379692771e-09,1.1638696524037345e-10,1.074340385927567e-11,8.299792122304635e-14,6.18398111877548e-13,3.8642146918646854e-15,9.003511337053214e-17,9.770508333573546e-20,2.871512932783857e-23,4.044940439302481e-26,2.7929769056142274e-30,5.522166331785536e-36,2.592613423795685e-41,1.3650037918801127e-43,1.0570855752623008e-42,2.3813170782971035e-51,1.0117367557862731e-57,2.3924860055474476e-65,6.322870659477474e-80,2.806531573705411e-100,2.0101848477942031e-143,0.0,1.995699458447849e-141,4.981559990320753e-103,2.988255651067085e-81,9.620887274563063e-70,5.427759267545398e-58,3.3166649192388435e-51,1.0458025286891702e-44,8.920174563746492e-36,2.090691136367446e-31,1.324737706743162e-28,8.241975089429738e-23,2.7467402646533394e-19,3.982845342501655e-16,2.4244407774116973e-12,8.908274820834103e-12,2.549801102615101e-10,1.2895686944290237e-07,2.0916348400953456e-06,3.5904302513083005e-05,0.0006891533201431745,0.0010096020557392163,0.030694934089856872,0.10446641060636218,0.15074672089043448,0.2687490700541336,0.4353686847557976,0.8272540996318088,0.8183804098818949,0.9850286783953924,0.8146362697549276,0.5115129739879789,0.48018576605079527,0.8092305927942032,0.7877997742062224,0.7153815264653127,0.5463407034764566,0.25331328009977067,0.3832277722531735,0.20918836066836466,0.08031529931880257,0.06441488638716072,0.08633197135265291,0.07385878573700085,0.03596867856988735,0.02416104950292397,0.03630412861189749,0.038647361678353156,0.16014690004111487,0.22705509988067518,0.42152026776354273,0.8004942399915389,0.497504255761056,0.6567917290553795,0.9289854988546311,0.876709606665892,0.4182232799328458,0.5041683521670068,0.35163791687796075,0.23866260061531666,0.40337253400173806,0.11915538076994403,0.5313095608404005,0.5495685659980568,0.7142461417819335,0.7584915604748192,0.21113658922524567,0.9010441381115979,0.6023849171564668,0.5846534868364355,0.6185236736072932,0.9995491497703235,0.7795955662026784,0.5379359168738417,0.48408419235391703,0.22002372871279893,0.7542587879857604,0.5272189122843108,0.5731029616345606,0.41739833438474727,0.32970534610123936,0.998409423044207,0.420144855561595,0.35133293719317443,0.34596975436679334,0.3051819965639608,0.7140158513067174,0.5327395418169734,0.5717890306414992,0.3719801440170034,0.46802555817109553,0.8382970995488992,0.7427125084443451
10.799999999999926,0.10428141085677223,0.042152311879611486,0.03553153135351726,0.020332547019443085,0.006161434513350227,0.0015147898550368453,0.00028037698663748725,0.0005164153779791071,0.0012965278031862118,0.0011175414645009294,0.001227846226404875,0.0002557292706177839,0.001264890816781571,0.00143379987977631,0.00030662345370242086,0.00019022832807983275,0.0001506395850181719,9.580992168316103e-05,0.00016896185571834397,0.00010973096108777471,9.165374354900973e-05,0.002012372210020263,0.02087322065885055,0.03788617226219785,0.0635506396940523,0.13228377041293515,0.10806122151134048,0.17514032586409395,0.11664481589398534,0.40870173578790137,0.6729404906212235,0.5197524165339512,0.5268184149128837,0.5256448530733986,0.4882006093841024,0.2707255458418162,0.5715762960854606,0.8377280071436363,0.7435260391295674,0.7370104296972144,0.22899958457410627,0.1828399275882026,0.05064102164202928,0.02739959522664813,0.011195776519354137,0.00201796668575782,0.00227529029420402,0.0033978612988927273,0.0033099197468798684,0.005984479264382662,0.01868155858260876,0.02452271506816207,0.010360962617629886,0.002195312227754495,0.0015830702696451556,0.0011891973908886772,0.0008369942754501829,0.003564805843190084,0.001075096200383435,0.0012632087071446898,0.001343480498315896,0.002348883758464029,0.006674566410463696,0.0028550260649395057,0.006633496184106527,0.0011324246530343535,0.0009118441255950327,0.00033560525462676677,0.00031001360153001556,4.115740332079984e-05,0.00030601974781315367,0.00017173193627337765,9.260273273483896e-05,6.3653536625401e-05,9.900872195331943e-05,0.0004508441943433523,0.00022296344379473868,0.0001442277400064967,8.004780154505276e-05,6.708032018346835e-05,7.003085420788533e-05,0.0002795449658051862,0.000643467786444475,0.00020750923090326725,7.738569925466131e-05,2.754059748064028e-05,3.071521104702932e-05,3.9860958023426555e-05,1.4784535184480148e-05,7.276563331626746e-06,1.1438809339266277e-06,1.8645246439881023e-05,2.7141769327080302e-05,5.642774583825947e-06,3.6182683415200436e-07,2.135575358998766e-07,7.729443782237265e-06,1.941458182860979e-05,1.948916910536786e-06,2.015486772971256e-06,5.630531543606955e-06,2.7010422238877016e-06,2.881584767793884e-06,2.266833243769494e-06,2.355154955373869e-06,3.005467373335772e-06,1.7424990736305967e-06,9.65182210171656e-06,8.323204966477363e-05,0.00011555322030136798,0.00022654688599190527,0.0008268437745684042,0.00016482362125690156,0.0010574528838445427,0.00025494130540405416,0.0005039664131414298,0.0008205693976255468,0.0009709102474580512,0.008366355861419879,0.009263475004825963,0.0038964308761831514,0.004477667282408477,0.002622407798335063,0.0017194095635533998,0.0040588132884111705,0.00941120574060624,0.0030430279072622625,0.0013323144719512494,0.0036975021083965574,0.005154167754394747,0.0013116119556128457,0.00025407254688578567,0.00019271753515879254,0.00030394000652311104,0.0009907669393640925,0.0005910867388610331,0.0001237891484112628,5.315648708542377e-05,8.641852818268208e-05,1.1911509390681232e-05,0.00014092903627691453,0.00011701893103674162,0.001048142224014288,0.007859093770204734,0.0035657672985417396,0.0038046423728186787,0.009292621956686113,0.021245753986743814,0.03949913989545417,0.011184272196438706,0.0062145787791543965,0.0020926721267938682,0.002803668744288642,0.014927173922978777,0.061407562444372614,0.10953083019932978,0.12143593309007696,0.04627644590626872,0.04774394508481987,0.04113352636303308,0.052236872352233676,0.059931782124559456,0.08713367784562236,0.06411636974355127,0.05508129460935937,0.0753666615939455,0.2732227073018416,0.5453742011230588,0.745083896540575,0.6733783309624896,0.6716949363651499,0.991608524166606,0.8121004215947087,0.410307308896767,0.29732744560688357,0.1389009035868615,0.05709176655693132,0.018043683138190672,0.00593858480764523,0.0006515754329714339,2.824264781157602e-05,6.392737107327926e-06,7.2728420819699964e-06,5.584719073069848e-06,1.037117534554899e-06,4.397263213434365e-08,7.339693527427357e-09,3.2677228724449224e-10,5.723561935853173e-11,1.979486625778811e-12,1.5225862210629224e-11,8.014486159806447e-14,5.554257798123549e-15,1.8453782727651134e-17,2.0462900576514533e-20,2.824965315286344e-23,5.6947234958707234e-27,2.3536067607113504e-31,9.777668405280654e-36,8.765253387661088e-37,7.360594233066428e-36,3.5011326380774605e-43,2.2164845597241593e-48,7.534435560611707e-55,7.485324271191494e-66,1.3136130264054389e-80,1.825938811028881e-110,1.995699458447849e-141,0.0,3.199997510032545e-140,3.094452175100521e-105,6.360090611413521e-85,1.2934021028100286e-68,8.117724968409932e-56,2.6518066967145298e-48,1.8857742771701153e-38,2.512217120075562e-33,4.709481857562716e-30,4.3288672142678235e-24,5.32989478022497e-21,9.556976347233566e-18,1.6784857718245725e-13,7.420888614244303e-13,1.6210533079425684e-11,2.3937134976654334e-08,3.442537260379749e-07,6.053605663963661e-06,0.0001530107164903333,0.00023070641895051153,0.008197419888011623,0.03308687174100372,0.05248959320251616,0.08660352962410094,0.15809480722201424,0.4349543414165835,0.7626088316602656,0.6206036798540698,0.7028740648718229,0.9429993802003913,0.878858300105057,0.7514074897483388,0.44846026029668135,0.4092357340361666,0.31246729940871987,0.12454462329238906,0.21204059513910775,0.10808578635023307,0.05923049677861581,0.062275981596585324,0.10325619226143593,0.0998143625974597,0.05284883654676858,0.03450297946556341,0.04247223506102816,0.03558763676788724,0.13110909381534966,0.18908313433064947,0.4196290764844721,0.7342295111490192,0.4333383849454978,0.6204597663059271,0.9002839970358707,0.8797306628646666,0.48111721616829994,0.6464434963368493,0.4641348750510849,0.2768204209951865,0.4116415092233081,0.1423756404941238,0.5575098826912356,0.5315539818767319,0.668736952779502,0.6445042000234616,0.17305733402153345,0.6818434520428719,0.8513161465130891,0.8055744950972329,0.8606288359549701,0.8349043771094473,0.9443734444311179,0.7854198564571001,0.5798548052103797,0.30578171064752024,0.8043609908159017,0.5932354073738758,0.6012173844674333,0.49373876654795656,0.3861156066844208,0.9883882684151553,0.403297541756949,0.26599950790619425,0.256234354051501,0.22278080854668378,0.5242695040435481,0.42422519690788985,0.48262885497401,0.31483507256689924,0.40658160286913547,0.7125716812830755,0.6388422000121722
10.899999999999928,0.033210467163833,0.012658538571457607,0.011030274689764048,0.005298448821881588,0.0010172268913496787,0.00016893971051146962,4.0284774644181994e-05,0.00010858199048248239,0.0003129723866020765,0.00020405385419890054,0.00023024168036644277,4.579401111091221e-05,0.00021266194918952944,0.00030945188704347587,5.889076727152801e-05,6.01486388059253e-05,3.1934368514094e-05,1.0876007127940794e-05,2.3640367178048207e-05,9.95010344611245e-06,1.1072282254350021e-05,0.00032644193959986353,0.005165027386704694,0.008070837278659542,0.01200235754922646,0.030236578509443106,0.022957626304798705,0.055923143496622724,0.026164288947145297,0.12949274619830572,0.3145603918951623,0.24230605051630963,0.24634340105993202,0.20963311961681297,0.21265143945652043,0.08740237969435347,0.2507425884536971,0.5021696390238534,0.3403941959000243,0.3751592047267938,0.08800478354025387,0.0780132343359004,0.02037489213498799,0.011171804123995321,0.0043309443861938145,0.0010387072707873448,0.0009514255298233245,0.0013454041027042016,0.001317600653856439,0.0015286478969548335,0.004012110695240695,0.003904333562817083,0.0014444960761609003,0.0001998132279895951,0.00014758697212489575,9.572459493544393e-05,0.000130175908174644,0.0011397850787147575,0.00035562158389434344,0.0005759965193766793,0.0006441795660931502,0.0014510331625118725,0.004594791201671933,0.0018234116340336288,0.006053464909107078,0.001089185509016728,0.0007719831843527562,0.0002208216995312632,0.0004904067172346142,7.196879484555331e-05,0.0006220694152766064,0.0004125877591498182,0.00023165802664716251,0.00011982393578578898,0.00017219477943882563,0.0011257967193172517,0.0004449139046633858,0.00015172814529112473,7.711959441313988e-05,3.293215470866856e-05,2.8555330241336983e-05,0.0001368016518260074,0.0002758101933562431,0.00013183786120376687,3.23938341839575e-05,1.1407176063498617e-05,1.627900878115275e-05,1.9588898529617768e-05,2.767887469907847e-06,2.3984457323096105e-06,5.399253707675442e-07,6.744226472497241e-06,1.0298134269187169e-05,3.061686977190245e-06,1.8416165580713401e-07,1.5502004495600963e-07,4.240951870868876e-06,1.0992680498125139e-05,1.4724475926902945e-06,1.6136789357105014e-06,3.2506885274823383e-06,2.123865872587771e-06,2.560739320465333e-06,1.9502568139294193e-06,2.9284733282911284e-06,5.8054149788431834e-06,4.75431673570263e-06,1.676517335243531e-05,0.00024480660540657093,0.00019186199634613132,0.00042395256234337473,0.0008778511431052745,0.00025452405098553107,0.0016566974501951788,0.00024195867086082123,0.0005741000936312461,0.0013452487163603131,0.0016433676638069278,0.011971569882650215,0.007308179396226559,0.002714252140749583,0.002628167064949155,0.0016612422122327319,0.0009858324224765746,0.0022143578744870263,0.00989012316983438,0.0034933048550215926,0.001510150387182596,0.004449204239083014,0.0037058710609342745,0.0007437957020157442,0.00022184172466705585,0.0001493048295827391,0.00020354422850465934,0.000548879536479418,0.00022712978582962846,7.396506189557062e-05,5.357530408263171e-05,0.00013818369369881722,2.4378469389689863e-05,0.0002454142786854655,0.0002757180779910347,0.0023883102753112363,0.01787222558883702,0.008259771769970337,0.007715769549898277,0.01726067762236542,0.03576256389187292,0.07376229641543999,0.020699872003848523,0.015027576352974994,0.00378110151982158,0.0043357915624129455,0.020905459964927396,0.05300048304162736,0.11826499145109323,0.14309701465011407,0.0721325498192984,0.07070687233674931,0.06393729151638032,0.09807775041045874,0.09690021489210766,0.12513610884335216,0.09816120804678774,0.06504228067547592,0.07197989980082346,0.21959400178331373,0.42719715162681504,0.6377953778442479,0.48183238193610284,0.49890794709742403,0.84496768157922,0.9976505060339879,0.5984327216322136,0.3879953923516661,0.2022571593182129,0.13496699293207295,0.04639798801167111,0.017878843277624686,0.0013480221641395517,6.086249432503208e-05,2.1317190549123585e-05,2.215031314270966e-05,1.2976293120790519e-05,2.4721676315230333e-06,1.0588222260868061e-07,4.423052309748257e-08,5.156561225726766e-09,1.2958209276465682e-09,1.1284939420781821e-10,6.587886972773702e-10,1.598091711762504e-11,2.4719392341968913e-12,2.0459911035905265e-14,1.2455151886128564e-16,2.4325683309618293e-19,1.40929404043203e-22,1.0619131075700941e-26,3.283290598224294e-30,1.1854902034191498e-31,2.239333011089704e-30,1.636735352629656e-36,3.9701557934619985e-41,3.871469837751496e-45,8.002358853645033e-54,1.1829293344934325e-63,1.117583571167632e-86,4.981559990320753e-103,3.199997510032545e-140,0.0,1.639128300875728e-147,4.724222455278165e-106,3.370360040480783e-83,5.109369938387672e-64,9.799361408787535e-56,1.4010861817951042e-44,2.128159547579082e-38,9.261102041141136e-34,9.31997613849705e-28,1.1625325711125903e-24,7.353330284378233e-21,4.660599136544312e-16,6.340961724166474e-15,3.165013385771216e-13,1.0400438291954045e-09,1.3205252451376673e-08,2.8971776307236e-07,1.302638831857035e-05,1.9612496465708616e-05,0.0017439833578953314,0.008553838640770825,0.0139756603586279,0.02393673936328319,0.06967900587039785,0.22965575227961024,0.46842445024472307,0.34849486266957064,0.3762713654276672,0.571229885327881,0.5794822561402558,0.3296445436578654,0.16523770738701268,0.1473335520292248,0.10262207139275327,0.032747134051490726,0.0796810183248981,0.034595204150011424,0.02456396500460827,0.02763009805495205,0.05380181891232922,0.07611149667874906,0.04010089229112173,0.027795609733655705,0.02957049232733738,0.027048440717802054,0.09478781855213943,0.1469310063335733,0.34430589922876037,0.5944737140773269,0.35621313074312,0.46770091406835346,0.7001731836528846,0.6851470775212856,0.33237869887813276,0.39933089741778455,0.27765227057255815,0.16557865315748285,0.3365003528794631,0.0892664342922101,0.43504778055875803,0.44011163786843155,0.5639477913914345,0.4839606067693582,0.08646140918146361,0.49081242586674956,0.9292066517524616,0.9719936490116333,0.7837067314627911,0.5360830177237407,0.6721784966544972,0.9763146684017667,0.8536888634969133,0.5250349646735203,0.865781967787527,0.9498808197965386,0.974042786012715,0.8772331406731394,0.8694938173402221,0.5271650985429743,0.8524820341017585,0.6993626351883483,0.5914140402242585,0.5614289242536691,0.9268469253075229,0.9565775486714606,0.9887794914311238,0.781073591042647,0.8808890727717785,0.738291439157035,0.9182268155179216
10.999999999999925,0.034884260005138064,0.0250826753204934,0.021488155445552406,0.01284825571163194,0.0022249906284571097,0.00033854802405341273,0.00010580555677469263,0.0001961817547907927,0.0006014745712907151,0.00045663637555637496,0.0005242043929110861,0.00014717425766663374,0.00044560002773234153,0.0007684115713148077,0.00021328457528657763,0.00014237916955193988,8.207987611787565e-05,3.384161660380471e-05,6.210023572635524e-05,2.688264596457857e-05,3.617539760172054e-05,0.0008448963495894782,0.013076142605860454,0.018037498318670155,0.03736228640854008,0.0839737941354816,0.06110972801827194,0.11290054040560348,0.054148890811759165,0.23346453880860918,0.4059309210198656,0.35481594694523677,0.36974739225473907,0.2538517108124994,0.2374686580915021,0.10775494426742822,0.24097701576149563,0.5292941169466913,0.3404190075357863,0.4085704500774416,0.10875323594558173,0.0973807622218549,0.032643479665718164,0.01704127067396534,0.008863974366618716,0.0019115238471575427,0.0020266912462197553,0.0023665206597796476,0.0028937564546074068,0.002822861281475373,0.008100161837617232,0.010086526717354135,0.004819363861026078,0.000666550284868933,0.0004553788965942252,0.00032559638533420047,0.00037971598118735704,0.0031548864124046703,0.0011785647813074356,0.0009654640159729971,0.0014009327895008626,0.001986316232519688,0.008084150033407093,0.004966831774169763,0.0177404864154712,0.0029551961689934965,0.003199076528583567,0.0010005201143434598,0.0022733325749181845,0.0004241376223192638,0.003786452443743945,0.002296320072431415,0.0013314509953160105,0.0007705485661994075,0.0011704458910778404,0.006206340593754067,0.0018796094437786987,0.0005199403237272625,0.0003289947378366696,0.0001425686597972931,9.444162380476911e-05,0.0002825579631740788,0.0005271522947176812,0.00018572817233435495,6.581993132357234e-05,2.4680612411319018e-05,3.607246756248477e-05,6.971702740051963e-05,1.0745038329859233e-05,6.916666152057473e-06,2.4076254909303056e-06,7.799517401179348e-06,9.500948875331588e-06,4.29294232765895e-06,2.2997675218677484e-07,1.1316337695149157e-06,5.610892691082226e-06,8.833764639069694e-06,9.319323119685481e-07,6.611301789709923e-07,3.1635591470269892e-06,2.228928105433372e-06,3.2757825263155155e-06,3.1943939914305072e-06,6.47975838033502e-06,1.4747135474877194e-05,1.3012557625345435e-05,2.8164473930774186e-05,0.00038452531708592017,0.00022486272522945512,0.00033045064508935556,0.0003808930873308407,8.133395512611668e-05,0.000561163779628803,6.232186060108908e-05,0.00022569390912195814,0.0006739289990804327,0.0007945965659764403,0.0035048977746079276,0.0013635373431210105,0.0004893553604437991,0.0004343316137543949,0.00033548469715579754,0.0002573079914177926,0.0008595688171794116,0.004365643587169707,0.0014779962454919777,0.00039421495679247364,0.0013652328951538944,0.0009519312313355361,0.0001759129531424107,5.204598179285421e-05,2.742948029334115e-05,4.096534243153735e-05,9.042018686548484e-05,3.3563490707897205e-05,8.447986253527504e-06,5.7611028338095875e-06,1.1140486475215161e-05,1.9496668488076618e-06,2.1234140715650422e-05,2.562564261181156e-05,0.000573561288739739,0.0072356159108453375,0.003793503757707536,0.004544749889545167,0.010034786774813917,0.01607917082418242,0.028296323751032106,0.006760552283089113,0.006741345192581391,0.0009584955471784078,0.0010571694489079778,0.005861968306459978,0.01752840196909093,0.05051927232608134,0.04801688103921175,0.02294929255764638,0.019705482223728407,0.0231998932458409,0.04581783884197644,0.04371300584250257,0.06431370793830483,0.05854536458588484,0.03538658487563195,0.04791720000275644,0.19141014036294826,0.4227166925491961,0.626606236600617,0.4447384447112844,0.5055671157978446,0.8476057705211015,0.937669246827046,0.6657182403576533,0.517333891633197,0.31361788317802647,0.2790486335180077,0.14925777283876446,0.06385663444399607,0.005423996688042652,0.00022212548115784216,4.237657917181061e-05,3.393549250832954e-05,1.0479994175218065e-05,3.397843356068696e-06,3.058816210684602e-07,4.3075583529972177e-07,8.338486889415797e-08,1.5155436141996976e-08,3.035556343391579e-09,1.2569600382055405e-08,1.700759665635771e-10,1.8904508713716037e-11,1.330714842372835e-13,2.0876808917832255e-15,6.900217812964112e-18,4.907665170801206e-21,7.980925282962825e-24,4.8121872070560434e-26,6.175239745651844e-29,2.7797001330175476e-27,1.428233226327245e-31,5.380186246516449e-35,1.7420289900864887e-38,1.4251100861223224e-45,4.9014691105551256e-54,2.470434343990661e-68,2.988255651067085e-81,3.094452175100521e-105,1.639128300875728e-147,0.0,1.1354128987582664e-138,4.719592136953248e-100,1.159492558016727e-75,2.4511848000037865e-62,1.5115293560526422e-49,4.386912210951393e-42,4.069420046295758e-36,2.905155901521586e-29,4.937972878386436e-26,1.976300015115573e-21,1.5156043436565095e-16,2.118110941352136e-15,5.023946965407402e-14,1.321057227450143e-10,1.9334367308259853e-09,4.463399780816004e-08,2.62332121609142e-06,3.707027015351477e-06,0.0008815257423064979,0.003984884956149076,0.003856559907499996,0.01210648251602993,0.03053327841297945,0.12975379351093783,0.29453795034894553,0.1683901857665237,0.18827643181221182,0.34054064331517425,0.4121269239464671,0.20718232908949405,0.08988942912433222,0.08469223604388472,0.0626857307008275,0.017789858131100036,0.04830885045629748,0.01666026533559467,0.015250431893103118,0.023361542364076542,0.044633362757140006,0.07770014765088319,0.05181888391716568,0.042052539601267265,0.04265076042918758,0.028086402030238496,0.10359100165642057,0.13874397164102423,0.3248154991382709,0.5896090427127337,0.3149878641198384,0.4477555895766018,0.6583415443262502,0.5393087572286173,0.2449063579028819,0.28364197380319256,0.18911421256601438,0.07903749941080934,0.2323658443126428,0.03377113436917441,0.2935979895969317,0.2897068265046169,0.37702402626420556,0.39293495430414865,0.06516859061115907,0.4575510075897473,0.8239705513343807,0.8752428697238999,0.6071336505660314,0.3785299421946214,0.5113415115813543,0.7513661959385847,0.980087865431008,0.6303324469358711,0.8145630707396672,0.9671602953276585,0.997219071836202,0.8621216280072058,0.8460749879044653,0.485387768917098,0.8255603842560305,0.6108332771471521,0.5106491976178335,0.463580412750457,0.9958936301511855,0.8223486172750266,0.9340760841302207,0.6766220234603231,0.8096829563173797,0.718221035183737,0.9180935198136925
11.099999999999923,0.10168812054551504,0.09048117331311406,0.08202284854248545,0.06093299530032306,0.0188751019712047,0.002555672259229303,0.0010451974314043253,0.0018666281999959757,0.00507911895364964,0.005107505606178104,0.004212413288392333,0.001267296421106476,0.004075549503336125,0.004835232360857994,0.0013897906702237414,0.0009939573246176515,0.000955135142187812,0.000576867785565958,0.0011222650073127245,0.000687971392728392,0.0009524363379714449,0.012278076553271159,0.0696937877936137,0.06775524012525805,0.08891891013845098,0.1753667136902493,0.0992117128829771,0.1330470591121351,0.0645188681782881,0.26452222460198527,0.4691356645560396,0.32420507738324617,0.3430368567080041,0.22837830752090685,0.20636798423061758,0.0835385133439625,0.16065558200171343,0.34965015462964805,0.21403037209980494,0.25461635589345116,0.0734171802336292,0.06833168169089077,0.02154204058032042,0.007726223645179614,0.0036928326117717193,0.0009455495642196241,0.0006197114366667731,0.0008066308057976181,0.0011986179236177224,0.0009529480997528786,0.0029370889370593733,0.004561741656694289,0.0017419526687795061,0.0002964207515782448,0.0002252022369323932,0.00026266478676576627,0.00022090372734412305,0.0018785353588982826,0.0010062966950983446,0.0007737053855488105,0.0004913914772196498,0.0005979487066845751,0.0025895836671476703,0.0014533358573668182,0.00277780264808952,0.00042680809421115096,0.00041027931156891096,0.00024022172764363116,0.0005010633946270354,0.00014362187437355506,0.0012715124851288536,0.0014800631397030959,0.0012963838131177783,0.0007211501778354576,0.0006935323627917855,0.003259267701258779,0.0010988869279375765,0.0006875630952756884,0.0002748489201498765,8.703235848682595e-05,3.693751575757479e-05,0.00010222246196467714,0.00013154848201050594,2.032406639397929e-05,1.3085908601506895e-05,3.007709355698166e-06,8.589143051284453e-06,1.9901664005451715e-05,5.750329557074106e-06,1.0017229116717005e-05,2.603842319283529e-06,2.0431190128083214e-05,1.4272040782943071e-05,9.165543679531984e-06,4.034791772136163e-07,4.383883772836217e-07,3.88006386308981e-06,7.961205348692158e-06,4.0529383038460984e-07,9.177345872617446e-07,1.599671101565502e-06,5.092761913356923e-07,1.777501797846866e-06,1.3091639363380618e-06,6.119751941428356e-06,9.552728943005083e-06,5.561246864711465e-06,2.819151222248884e-05,0.00017566554428860267,0.00010048402802308511,0.0001731222061897308,0.00017213954320271024,6.575209304882473e-05,0.00035404089880859766,5.153621846148429e-05,0.00012985310397862503,0.0003977505611326801,0.0007998888248719975,0.002643443410540215,0.0014760566078238894,0.0007656938999475675,0.0005430211041249532,0.0002909299207574133,0.00027814980411940485,0.0008571452951952305,0.004004444233939502,0.0005397840224927483,0.0001420496812909673,0.00033971322995488836,0.00022643725861179456,5.042868769230642e-05,1.0293762469296942e-05,2.1360629017383582e-05,8.733554481878348e-06,2.6981943945574034e-05,1.6575414900272148e-05,2.641398068580972e-06,2.29338298850756e-06,4.149491983262631e-06,7.090419710691412e-07,8.206826174791852e-06,1.3007176140416161e-05,0.00030633040731800994,0.004000354278464584,0.0012779678590501132,0.0015049004994842421,0.0030793319154916537,0.00628356409486342,0.012204050524778244,0.0032940131467241274,0.0020186484333615507,0.00026890154598913194,0.000411546245076038,0.0023951871709061395,0.0069442638321089555,0.03334031631938309,0.0376211165462284,0.01742759507298836,0.015028404182251206,0.012132978916930033,0.021567337364582505,0.019797190093063275,0.022771166876688703,0.01845421287803427,0.0074948713217190465,0.010111408200797277,0.0464698096358195,0.18584329438153357,0.2939823826239098,0.2752728394224488,0.3273490800842965,0.5661602981688406,0.6042286371440384,0.8842007659016158,0.6788006262494012,0.3932214592351214,0.34951146116849036,0.17965667552770906,0.10534429701246573,0.015815348169952524,0.0007223831922803522,0.00017931318162785003,0.00010742840560676585,2.533026543728566e-05,8.151992123566922e-06,1.3613095960006728e-06,2.592043703081296e-06,1.0232709474573554e-06,3.21326656592488e-07,5.3358633449206805e-08,3.269610403735058e-07,6.907401002119584e-09,8.201202007433628e-10,4.729137389730286e-12,1.060279282728405e-13,1.0079226760297788e-15,1.6475982504273462e-18,2.034091650767991e-21,9.691740437475458e-23,8.06966414833103e-25,2.7144871244840822e-24,5.733273648293611e-29,2.0499535181137685e-31,1.125755556103384e-34,1.362856597181701e-41,2.324458832198694e-47,6.683718183506528e-60,9.620887274563063e-70,6.360090611413521e-85,4.724222455278165e-106,1.1354128987582664e-138,0.0,4.402098486041792e-141,8.186157495160216e-102,1.938456448455525e-83,3.622073594162533e-64,1.668045009391089e-55,6.017597690987151e-46,4.785442606458126e-37,7.748685247613537e-32,3.0931918914377925e-25,2.097635407909111e-20,7.394033536695527e-19,2.7029288884314817e-17,2.841025683185872e-13,1.3946233654018369e-11,3.2198852162297806e-10,2.6990002982486753e-08,2.881444035982877e-08,3.077854851207939e-05,0.0002542587260154153,0.00021291878846559632,0.0014625765604738398,0.005535760005161263,0.029806672009845037,0.11391096723405697,0.08517054656564543,0.12945075887717036,0.3158038441554924,0.5529238572377293,0.31340749867644163,0.16205671061810586,0.10553025288009439,0.08905913691413886,0.018671671952051085,0.04416200132305583,0.0157486029095588,0.010762751056324132,0.017303846238751548,0.027980499980042123,0.05560314472511705,0.040535424948394974,0.02776742004437111,0.02350641816701486,0.014483934917952206,0.08115809651562327,0.09064252065407892,0.24844782244474942,0.4524397123462324,0.23112862391781114,0.3220933380755226,0.518249625709285,0.4127153122049101,0.15815458942240604,0.1931235866074529,0.13135447942438194,0.06724073400514163,0.20501605232305473,0.015808993325899117,0.18013729771128842,0.15983718456519375,0.21858622921196963,0.26894332274634597,0.028772817910846522,0.30167415435494754,0.6050208989690729,0.5857839255924411,0.38098428702459003,0.2414759554170093,0.3649533007224501,0.5780477750362133,0.7635763466399994,0.7940827346599023,0.6066319352085096,0.9115237130346168,0.8094162030512615,0.9839621084380047,0.8103526461755136,0.4061764811758588,0.8863205227641691,0.7025316366142399,0.544873877898419,0.48857876766096575,0.9339910429981779,0.7634277121171155,0.8774592442637063,0.5680226359169992,0.6155715186748366,0.8991940886659442,0.9376441613463667
11.199999999999925,0.07770651339351335,0.08600249564877166,0.09238145382027951,0.08888452787504493,0.04098460062928046,0.007773499987311703,0.0039033019673918286,0.007463850089677726,0.020347786526538326,0.028263839603020008,0.02284181198004391,0.01043296718619179,0.02439342035224061,0.030161192313096965,0.009793352275756891,0.007452475684783497,0.00918995055202555,0.004610900282002697,0.006299250939931243,0.006113228303148245,0.005944837447906718,0.03755989772089777,0.14447553010627806,0.10582003197274586,0.1339043745389391,0.21004176004775463,0.07969180279702814,0.11124394532396258,0.06886809663641928,0.26334872958574423,0.4263010396601974,0.30390772954862655,0.2938636043768416,0.2064094964360277,0.15768743792319562,0.04967868320146685,0.07843535794345473,0.15075992256508228,0.0781846018571231,0.08991583678162339,0.02218204426102059,0.01821772118567676,0.00487463575597911,0.001157168273475695,0.00040727508321890986,8.395451627574034e-05,6.0852749508050635e-05,0.00010316728805425341,0.00026338999209066515,0.00011284898781593558,0.0005630494786479851,0.0010467512726160426,0.0003580210704143207,4.4161283372962024e-05,3.672607828117394e-05,5.501617875541501e-05,4.562664522169459e-05,0.00043083157254050894,0.0003211113140632958,0.00019808253511656844,9.52014317727741e-05,9.878884143593856e-05,0.0004298891635981222,0.0004401699607954389,0.0010605025693459424,0.00014385500698443777,0.00011886574907046125,8.253352462222861e-05,0.00010113655336899352,2.6304526936041646e-05,0.00022654921894355593,0.0003145723522296257,0.0003262130031611656,0.00019329336448725338,0.00012790192876445289,0.0004742709388907218,0.00019137259894996968,8.825752393402735e-05,3.271310742549981e-05,8.579543234785923e-06,2.8746867760072473e-06,5.696772488333269e-06,9.05667759690752e-06,1.8856014224746536e-06,2.417854833464832e-06,1.0254026101103382e-06,3.2900772047217804e-06,1.1609701042167497e-05,6.255100149861493e-06,1.6931634865318202e-05,5.6425012874446236e-06,5.489369272173924e-05,4.17711826457169e-05,6.158574637479907e-05,3.2376197317290627e-06,2.2575064963866822e-06,1.4309423570013507e-05,6.0942736907765644e-05,2.8155830152094514e-06,4.451368313985109e-06,1.0992419542511074e-05,3.6699931839337183e-06,5.3981280405660265e-06,2.7195176073280533e-06,1.7120392515310997e-05,1.5275809292603285e-05,1.1097637864492199e-05,6.44906178158418e-05,0.00023540426998749152,0.00016780715961697335,0.00037379195897177525,0.0004472904670734158,0.00020561373496222007,0.0009813175536866276,0.0001987591491804669,0.0005510487391980011,0.0014394178973923667,0.002721893396844368,0.005798264550561829,0.003943812037245538,0.001851708412872133,0.0010734245546800093,0.0005777538832877986,0.0005167628551834682,0.001313597415846179,0.004693511434558903,0.0007852827610062127,0.00027009333684446644,0.0004972686742336143,0.0004961712715628767,0.00011433226796751419,4.7596596152625186e-05,4.7602424482687406e-05,3.365843729869912e-05,9.449306041342359e-05,1.969706169604085e-05,1.726121383470179e-05,1.2851573265744192e-05,1.7347914633028347e-05,6.147182733785932e-06,5.497206120255666e-05,9.814211191006881e-05,0.0012950177691283388,0.013459665304628695,0.00476754345721099,0.003418249409164834,0.007486646699781983,0.012421141629947681,0.01847815701948554,0.006653375718669812,0.0032471054287451753,0.0006082290026626445,0.0011617251091573936,0.0037372919291326556,0.007230940974135122,0.024996823768016593,0.0387407011601624,0.016422257816223324,0.012631113558314401,0.0065729670287552,0.008633338027973178,0.004983550480217123,0.006259681830246317,0.0046723355941016625,0.0019069095506631841,0.0024899176718976962,0.013507135690750913,0.07042167761619313,0.10028603042036344,0.09476818804725262,0.14879109931860052,0.237563195695918,0.28907087168611617,0.6890488170928478,0.9165904410026462,0.7288823989349428,0.7166921572347459,0.4568285829627747,0.274752042540126,0.04722481081508458,0.0027094737348236113,0.0007821611700511279,0.0004965682681660402,0.0001437327426665963,4.8351455735806716e-05,1.1751919252407121e-05,1.9025086583966737e-05,8.499820795856048e-06,2.052888726964034e-06,3.164172178183696e-07,1.513736303585987e-06,2.4728584076015753e-08,4.315353683563195e-09,6.656450678322119e-11,4.306708928225015e-12,6.73075645346356e-14,3.522140886559955e-16,1.372715671045583e-18,1.1893927879342863e-19,3.2917165606658882e-21,2.0566177510766078e-20,1.5444264362789574e-24,1.0563406050010801e-26,1.4109158038070478e-28,1.594997450581123e-35,2.3131588024514287e-38,9.186355835152867e-50,5.427759267545398e-58,1.2934021028100286e-68,3.370360040480783e-83,4.719592136953248e-100,4.402098486041792e-141,0.0,6.330115885620944e-143,3.578007728434616e-109,4.916566821508111e-83,4.5559802982745684e-70,1.990284218394739e-57,7.727071093844525e-46,2.7934662333714082e-39,1.6113001696052556e-31,3.8926917745706596e-26,5.006836533241419e-24,8.635252991893456e-22,8.509528055178545e-17,3.1378106474748093e-14,1.1863892837774125e-12,2.8468245189261757e-10,5.948041821887885e-10,2.378611075029257e-06,5.3783041545140995e-05,8.257455882321287e-05,0.00032964539729955165,0.001255917514471548,0.005949340195087812,0.028529928714912754,0.02336528978966643,0.04511481249567277,0.14199236370515578,0.31812533933113707,0.1431000800871349,0.06111520180040638,0.049059817076052566,0.035503635048868325,0.008519504202724031,0.02348602415951626,0.010385771453524312,0.00815250242888814,0.015688951207961058,0.023951584417235352,0.05958767698940742,0.055150282501395094,0.033881458141919285,0.025959840845969293,0.015350424403620909,0.06531693760859292,0.05900772572134249,0.16929969072911893,0.33513054433092626,0.16552120935972212,0.23794938344899288,0.39414722973167976,0.2896770709616036,0.10027298175735598,0.1590284463262476,0.11150052250640759,0.05822758482332192,0.18931085026160557,0.015316861858609762,0.14609146327956424,0.09939875988700886,0.18430919326530823,0.23317274245935496,0.03415804202947732,0.3118824257742147,0.562166080261712,0.6271165399674765,0.38280218844906855,0.23810794733963578,0.31018389418265985,0.48613183389799275,0.7439872807539195,0.8715411623438701,0.5787686574812194,0.8811064122926392,0.7325941640326125,0.8078668862580287,0.9792100166563202,0.30798430595604315,0.9915710830166649,0.8566685297915295,0.6842298137165874,0.6387293140834654,0.7849400860124657,0.866530056995233,0.8896995008390517,0.5359370605491939,0.5456779869966132,0.9677206826258149,0.8728895503255628
11.299999999999926,0.09395828198926467,0.08945612696890277,0.0981830722848086,0.1300652079539776,0.049431457063447516,0.014600308274123345,0.006945453954661037,0.00838640739061244,0.0275016138649909,0.024615140648387608,0.023065529291281132,0.014739035896456032,0.03194564300076399,0.06533489882645019,0.01895188346242016,0.01415156986690423,0.018251681949158723,0.011658790741259003,0.027490419844734177,0.02466311915191339,0.01866793898910303,0.07863381256796347,0.22006788506107325,0.15649775334637417,0.19881632721179307,0.2515367664534992,0.10628995468155208,0.17204644492687415,0.08396562012112589,0.26884904768302553,0.4325244030797186,0.32499060883806563,0.3559275729968779,0.20239393482003426,0.1779435664079449,0.04684853364324177,0.07566727787160261,0.15831713774482445,0.0640822818717037,0.08022220458283762,0.017154434519618345,0.014924712835675195,0.0035527530403239673,0.0009021591754647712,0.00023689340283200607,3.7216334106948255e-05,1.9991927670944113e-05,3.3841002490176715e-05,0.00013057072453813591,6.122993550022985e-05,0.0002521912933619385,0.0004879966447045649,0.00015245340395293695,2.3234982582356372e-05,2.8640504214275004e-05,3.874991614772502e-05,5.402618578269213e-05,0.00048492239568574105,0.00039505336404354685,0.00015741990633395028,8.645134443150508e-05,5.8640586931391266e-05,0.00026905188231630094,0.0002823745936089117,0.0006677403742282211,0.00016525849121788676,0.00020357467531919172,0.00015888272029438376,0.00022794818302919272,5.9711269917548685e-05,0.0005595077772632762,0.0008473443401795299,0.000756114865190993,0.0005472757195454402,0.00031622054447568825,0.00080782039395713,0.00025655264405848244,0.00011712285480058313,3.0287746258489662e-05,6.323781099174617e-06,1.195039203384675e-06,1.5442471990983996e-06,1.9256107968488244e-06,7.14586355980807e-07,1.781504318342057e-06,1.4232252779003883e-06,6.916777265503127e-06,3.683239481062687e-05,4.259844786649104e-05,0.00010901971445442232,3.3586223362816924e-05,0.0003638540996804479,0.00023811027007591994,0.0003989317449672449,2.3197362367927343e-05,2.8127429541338957e-05,0.00011918786207485732,0.000511929732679455,4.33064609816712e-05,5.811457374216118e-05,0.00027919376437284807,8.847925262518995e-05,7.368488921477842e-05,5.465977928193926e-05,0.00018986608700573957,0.00019776771728247195,8.370450482424237e-05,0.0002653353563738389,0.0014155045451590702,0.00048676505783315,0.0016126663952386754,0.002675255717574522,0.0015067582726727856,0.005583501661219036,0.001343168930912091,0.0026391692167326876,0.004629463015110549,0.007262303866596036,0.019087083951760748,0.010305009667474328,0.0060177162344522105,0.0031758771258958898,0.0014111181740387672,0.001582645525004989,0.002226983080274188,0.00500135178596719,0.0009036242414505129,0.00022652180655561815,0.00030498104355723064,0.0002366832555719979,7.064466658321892e-05,2.1992616618782254e-05,2.6333811815805223e-05,3.058718987885114e-05,7.630580757258276e-05,2.2074544065116976e-05,1.8858170530395145e-05,1.3212518200356245e-05,1.569749842102743e-05,3.7438921254274158e-06,2.9306058602964878e-05,3.92810679043939e-05,0.0004176668361387549,0.007199931538939462,0.0018474722426684946,0.0008548213627462401,0.0018632675556367452,0.0024573861592259226,0.005982015379603897,0.0017980554651253757,0.0013145930566517004,0.00025002232471222724,0.0005264368798134355,0.0026876871586727666,0.0034045994431416045,0.009310912633376847,0.013257312144883529,0.005024396858409982,0.005440388360413348,0.002077273120425681,0.0021684482346211796,0.0007175680682600797,0.0012198467445175116,0.001193516428818549,0.00029827841078401793,0.0004120529605195238,0.002661179355312839,0.019375892771354705,0.038251578552155045,0.03983357957464603,0.0812944599215986,0.12010101923124225,0.14110107192282065,0.40595975774867304,0.5308054724199236,0.8583728511903154,0.8630304376772913,0.8372989052879906,0.6206219471538584,0.14031485765985824,0.01406009953076882,0.005727988290588849,0.0031244545829860306,0.0012097118143246405,0.0003809234405040589,7.473967513865083e-05,0.00024097619911075827,0.0001498821496437933,3.862097173842201e-05,6.2650544845086204e-06,1.67461807668822e-05,5.975451196683555e-07,1.1265116728364943e-07,5.268337787560696e-09,2.2468190457681717e-10,9.229781811306173e-12,7.012778431967039e-14,1.5406964797755672e-16,5.5740759935200304e-18,3.4814714669724336e-19,5.661183414926723e-19,1.8493525601531108e-22,6.06123078973848e-24,1.2936763867601775e-25,1.107742098734304e-31,5.430694641237734e-34,2.563853336985826e-43,3.3166649192388435e-51,8.117724968409932e-56,5.109369938387672e-64,1.159492558016727e-75,8.186157495160216e-102,6.330115885620944e-143,0.0,1.5219542356663551e-142,8.76094227079317e-102,8.01090090719904e-85,6.665492415692639e-67,1.70706041625047e-53,6.342473939513598e-44,1.665405072437108e-34,5.47209864349709e-29,2.425580574649483e-27,4.359335752278844e-25,8.953509855128344e-20,3.234385982118984e-16,3.160819785103901e-14,1.311542205006532e-11,3.61902952148407e-11,3.6594860222421807e-07,1.2179379068293409e-05,2.7756374065076016e-05,0.0001416203734940654,0.0005780588876403141,0.003194716926758068,0.021402252725855372,0.01703690598933362,0.04514021914821412,0.12719598839390261,0.3578804565841834,0.20783308477091794,0.09905764957151456,0.06220680048873691,0.05629789869148531,0.01783432023482282,0.0357417290119724,0.019925371367146467,0.014402214887324282,0.022564455714838973,0.03086809184173918,0.06109890299684119,0.07475188346100901,0.047195351036808525,0.034352423515770815,0.025476363960959376,0.06781303848713456,0.046846721807927906,0.12489183787100122,0.23068869388587523,0.14426434402150548,0.20289338816785785,0.30157503600376834,0.192163900998968,0.06046384761049776,0.08389149300561591,0.04281014326919881,0.02678719590788048,0.07273910536415533,0.0054656563627580495,0.0670462494668195,0.04624197860369321,0.10674659865824856,0.17155080254537755,0.029868708633765364,0.2996107040162006,0.5163818560619919,0.5985841266048426,0.3481487368205622,0.2433984357933913,0.31888237776133677,0.5184028303098867,0.7463604270092629,0.8729664353205805,0.7009527363665341,0.9857353074916323,0.8678399673393252,0.9054030487946971,0.9333257051164965,0.38061747346274233,0.9818568789980586,0.9429843683300072,0.7846648374387936,0.6806429763508444,0.7831379961888254,0.8646171592627131,0.844824180964917,0.4460160829981195,0.4212942378257301,0.7935097572936909,0.7619470644582769
11.399999999999924,0.02048663572063342,0.027419407140050586,0.03497971158651044,0.0640911509046757,0.025933394370514604,0.00823252679603791,0.003045115611934764,0.003230297610347901,0.014330128352641549,0.011301743225710833,0.009880893384798098,0.008783236096657609,0.01748979479569906,0.03941031532660327,0.00855169558346035,0.006786256592569208,0.011056324366878992,0.006796591727320971,0.018016888657886875,0.014868901986546596,0.011822447287142577,0.05373104130754945,0.14763208125349406,0.09821416704149688,0.13150025359416895,0.16452069419237006,0.07317286893453262,0.13985803676593328,0.08905040655203238,0.2900509263859813,0.4723561001578485,0.37934699358491997,0.4170826993767611,0.24964541002921098,0.21976004672862945,0.0616484122146589,0.09620632204704692,0.23945500211320753,0.10489307340150923,0.12190309683125723,0.02912465198218407,0.018721083850768937,0.005995770580322852,0.0016200636625991712,0.0003752820706301302,5.654580743905243e-05,2.1312422253145882e-05,2.3947574565844375e-05,7.224428988791812e-05,9.527723756721434e-06,4.215970154894592e-05,8.878627749546297e-05,2.873778928981028e-05,7.0309332211772095e-06,6.789239177545565e-06,8.497382692528593e-06,2.3181736230795953e-05,0.00037980817091383043,0.0002983143226904257,0.00016978998338487258,0.00011019696464104609,7.902031390788154e-05,0.00039199587113636353,0.000415976363561612,0.0012342334366658122,0.000333628755041872,0.0003395337297584137,0.000238480759739895,0.00030165779505335766,0.00015493268685695297,0.0015195753777724236,0.0031104223803824485,0.002567101023415751,0.0018533509616940798,0.001401960087813693,0.0024970961847874235,0.0011212620327795504,0.0006800902595678497,0.00012967965173838605,3.60309276224332e-05,1.1855560999975775e-05,1.9129571191699515e-05,2.2234736766966522e-05,7.961420769815024e-06,1.356691071424198e-05,1.3007716715405641e-05,6.81949312265033e-05,0.0003507773658099245,0.00030518464980874453,0.0006832835448290553,0.0001460126358881799,0.001151730916771416,0.0006492208167200949,0.00113607989991719,0.00010770309431829601,6.499313542533163e-05,0.0003191566541942957,0.0011018939099696457,0.00013389940517482125,0.00024226873798865263,0.000532203797996313,0.00024347999542608404,0.0002032814207114633,0.00021952836624435638,0.0012032768916345612,0.0010940390095410624,0.0007967011675613175,0.001207156561829328,0.005257757956465567,0.0016734453469111218,0.004687352238313469,0.008366073285415877,0.004960185918633123,0.016183898467395572,0.006835498747872808,0.007731602621298406,0.011087521871774164,0.020131376161322847,0.03540156046881001,0.022373699950011604,0.016104463557299525,0.007576803067864223,0.0029138850437259566,0.003109496107505952,0.004031122829746297,0.008184937707188632,0.0018361588424460464,0.0005411096588778991,0.0005250467196550422,0.00039892941904720786,0.00014245629285409325,5.033242501232303e-05,9.4446844860283e-05,5.427905903665675e-05,7.077029492109346e-05,3.4311200642154886e-05,1.621154083127563e-05,1.127899158780253e-05,1.5191659231464487e-05,2.2142307890374296e-06,1.6756912779050057e-05,2.5372703807666305e-05,0.0002751619588143133,0.007538296662153112,0.0024074201433574574,0.0010632461014738186,0.0033650764196589307,0.004203905930916108,0.00990434871618968,0.0032732200049570385,0.002081133305394885,0.0005777403816489524,0.000702508571944047,0.0034158186103891656,0.004902455125879201,0.012310536443523869,0.023689919742124126,0.007725296825247373,0.008148023794158377,0.005261257638952618,0.003729997734631395,0.0012584343149107612,0.0014139123199389443,0.0016192557554761703,0.00030316572488602495,0.00039684424559123944,0.0025356069866423895,0.019377199594345456,0.04468132744900691,0.05008803720926484,0.10632672942659335,0.12144133587630596,0.12897767450284114,0.3729484361669034,0.5206016170136569,0.7575924462617954,0.8046530350421786,0.8372893882843523,0.7707998714864293,0.19187056153535603,0.021488182283405873,0.011085939124654057,0.004610316847694117,0.001327079665666156,0.00023288981395058669,2.8127884872240338e-05,0.0001400663113081477,0.00014589497365179518,4.9881295246614645e-05,1.37153301021869e-05,3.5863254821687255e-05,2.796815577315001e-06,6.770983296624618e-07,2.491692897439773e-08,7.070421569624981e-10,1.949088126579154e-11,6.640404337907318e-13,2.2670627068144658e-15,2.0567515473130834e-16,1.861572984085534e-17,2.1070088753348812e-17,7.304077906463155e-21,8.851511027173456e-22,1.7596833120280967e-22,1.0166776472339065e-27,4.009539973634704e-30,1.9069445524535086e-39,1.0458025286891702e-44,2.6518066967145298e-48,9.799361408787535e-56,2.4511848000037865e-62,1.938456448455525e-83,3.578007728434616e-109,1.5219542356663551e-142,0.0,1.8010624414374597e-140,1.295060485602924e-112,5.608889760062409e-83,4.608081145853052e-64,1.6416435916342786e-51,4.5688410522742614e-39,3.2018799119033026e-33,3.868355519419486e-30,4.500547313668297e-27,1.2873504073145931e-21,1.0749845642563351e-17,3.581843538362355e-15,1.1217982127069158e-12,1.310415649727047e-12,3.861575016411709e-08,4.07845990534484e-06,1.0925864752037977e-05,5.887437975259723e-05,0.00027720038664914517,0.0016555805769808297,0.01198910803885157,0.00784382004766681,0.026420285373837324,0.07504266231862608,0.2292944487250238,0.1382335622887094,0.04953428013818738,0.027378568723774387,0.021245844926081125,0.006492839357241663,0.015455296341501666,0.010920102928046089,0.008606983317573846,0.017525920858540107,0.021623259365463766,0.06182947317420641,0.08374975509521314,0.052974209492819904,0.039933258312027424,0.02947482171229337,0.09978421296867913,0.05104125517913805,0.1382829798916687,0.28747480711183526,0.1741061999980848,0.21287976957638105,0.3844698568614568,0.29094232607911114,0.1099054323244515,0.13026655949069657,0.08198326603739962,0.04996224340209635,0.1275905329607923,0.01441922560301696,0.11187457528557461,0.07010947409778771,0.1544635865686083,0.29094659500910297,0.09879898885938117,0.5833061841653889,0.9249640396819164,0.8813628455463314,0.7839965325651115,0.6772833825210258,0.7514872664283803,0.9776603784368368,0.7747950682580605,0.49415311005796686,0.8366143469334496,0.6649551964441912,0.7756759950568984,0.7729317195490651,0.5922032925201556,0.7254531034478486,0.6120621917795639,0.6480579092863039,0.47487829057436465,0.3976238867628931,0.828233693421748,0.5035300672769829,0.46513579611829664,0.2103582069741772,0.18237572973560984,0.43044374159302495,0.41195054914207757
11.499999999999922,0.0407418065267539,0.05705633603928858,0.06391080766002995,0.10991455365456926,0.033587975949636466,0.012132265931433333,0.0062061770717332905,0.009775601244746399,0.03649582306586354,0.02758897947752276,0.02492961480453574,0.03318933526260039,0.056664604484787044,0.11453156710813432,0.030756507690206526,0.021245454996605146,0.032383075566323,0.022377983431972535,0.05222250445687472,0.04578275949191254,0.04475952306092603,0.1402476949935776,0.22301610812433986,0.11476915916448076,0.12713381045129032,0.13468388671284706,0.054203221319738384,0.10813653660546566,0.06563038088200031,0.18482413551221563,0.2981528400359066,0.24420725009815578,0.26540068976957293,0.16622338895136954,0.12168380489622056,0.048285683074109846,0.090508107777909,0.2845281373637929,0.11294270305073378,0.1354919920560156,0.046308498509630126,0.03939599394610455,0.01839725032656302,0.005839809687818236,0.0013782060995699281,0.00042522299076247955,0.00022923560320657496,0.00014504406522216864,0.00030517697644267974,6.273359005389585e-05,0.0001854110771971521,0.00037782198583948267,0.00011566320476251554,1.9652159466556914e-05,1.9163471920305964e-05,1.8626633251468323e-05,2.2564203577527526e-05,0.00022710600994777435,0.00014535081532869568,0.00015841790246000958,8.894524380899582e-05,3.3283493842092755e-05,0.00021398175672564232,0.00019116194016388204,0.0011783035432671868,0.0004126831417965561,0.0003454484308364171,0.0004176210193998299,0.0005116256351043126,0.00030761163550097173,0.0028683410056155787,0.006370974097029587,0.006077941387412616,0.005061005372556616,0.002567418375598339,0.005238503990533334,0.0018694999751264034,0.0010972619989825785,0.0001270964346595908,4.686460299012793e-05,2.046284195146379e-05,3.249092326545195e-05,6.524517735040181e-05,2.25150634342328e-05,3.7408558607317444e-05,2.808884347233859e-05,0.00010086982207598011,0.00040610063032917097,0.00031236154570721297,0.0008336593453359554,0.0003679501162258075,0.0017800544356203314,0.0012069662557280267,0.0020900810273893713,0.00020683456261636824,0.0001110554136410015,0.00055371019254623,0.0033431725583937086,0.0007402998359188819,0.0016607333457922227,0.003144247679724625,0.002064739607564832,0.0026552600753718685,0.002076883550684037,0.007370607513025675,0.005546008881882892,0.003400326086080348,0.0031720029285919587,0.009128935566636177,0.002647222438210734,0.006362807288450127,0.010384868059523595,0.007008091550351448,0.02072705035986558,0.012777138198886474,0.013572839797367668,0.015399746439389772,0.024367406381132106,0.03571689883327642,0.0218324184296876,0.016181354403060025,0.006385860259069867,0.002654377785894395,0.0018471766124915174,0.001723533884629764,0.0030408581055854688,0.0004948924433851891,0.0001269819566399153,8.547368251351332e-05,5.875765003806843e-05,2.3216587787163224e-05,6.234519380111603e-06,2.2613754385618147e-05,1.1799091406699599e-05,1.640857303726333e-05,1.8434727364844757e-05,6.1509380184605796e-06,3.282988287670073e-06,8.269031007443722e-06,1.2827700228979666e-06,8.264232798363395e-06,1.6794291798368944e-05,0.00010700005232135962,0.004636805514239655,0.0014011434229625047,0.0005105300853696791,0.0025307054225704837,0.002257667782801681,0.006624297331245649,0.00281532785478316,0.0021728549655493407,0.0005242356084308113,0.00044456958245577986,0.0027878039653479528,0.004303064328226707,0.012874895441323593,0.027935489057411486,0.007803466436031959,0.007437316062846896,0.004220038997332844,0.0017271148094977755,0.0003823548090760234,0.00030975560280112905,0.0005740443224142273,0.00011084996585099144,0.00020212589837692387,0.0009385906709901233,0.007641456139078245,0.022200575201501076,0.0307058424128051,0.07711965899791554,0.08789406812563276,0.09262764260539624,0.2580694069066976,0.44712582299058284,0.621643680731428,0.5138902048276193,0.8241911004273333,0.8595780001049184,0.38928480062912296,0.0705516989570052,0.05318632437482001,0.02988615445022371,0.014166449721947106,0.0035876048143012877,0.000732992174299173,0.0036620568384130203,0.0046658765960500975,0.0023445613931153478,0.0015086032361044598,0.0024205075579508757,0.00040748185835132145,0.00015823374412749576,1.3674476661803984e-05,7.282845542208402e-07,2.5632256165446707e-08,1.3518792000713882e-09,1.232706997204819e-11,9.741321837607531e-13,3.5977096022770567e-13,2.4122916326004327e-13,3.258477381230725e-16,3.301191720248974e-17,1.8188397774338997e-17,1.0205244480788083e-21,1.2756202356693709e-23,5.4031071559087074e-31,8.920174563746492e-36,1.8857742771701153e-38,1.4010861817951042e-44,1.5115293560526422e-49,3.622073594162533e-64,4.916566821508111e-83,8.76094227079317e-102,1.8010624414374597e-140,0.0,2.5472939591911935e-141,7.755872165592465e-106,5.322905583681696e-78,4.6164123624164364e-61,1.6548248046271074e-46,2.100774594948771e-39,1.7731644468237094e-35,2.2021196233828942e-31,8.206005084330727e-25,7.797256829916178e-21,5.9747255072150006e-18,5.802857625437383e-15,5.68573509743856e-15,5.195196714960284e-10,1.3446397995462644e-07,5.923544023415803e-07,4.0424356109673115e-06,3.529344626660463e-05,0.0002505619352809767,0.001900360922756105,0.001189310233324395,0.0065343100589721715,0.016397017403509725,0.08092124970794191,0.04737815320847897,0.013554559521972256,0.010043251585970001,0.01076748125500397,0.004995096933339515,0.012339804271436567,0.008565723846525205,0.005830227287463197,0.010889646756733897,0.012704816131035258,0.04823163629409202,0.07713603205045413,0.05444642046364447,0.043624813211954175,0.028866994960093508,0.10613665498268128,0.05387043618876078,0.17069668579592095,0.39393746973517824,0.23966506103074592,0.18312943991594835,0.3708874048678759,0.2905744187735529,0.12078824521372976,0.11520984800555543,0.05943118446431796,0.03884155325119097,0.10741520608453764,0.014502933969145705,0.08557516960357589,0.052498851708930504,0.14376210644931908,0.2636832529648706,0.10394615769688265,0.5404538134954224,0.8278254408124748,0.9876818357948876,0.6327297824440667,0.569194966032606,0.65480655442136,0.8921344473049724,0.8504099341207719,0.5460631947896373,0.7931399932468333,0.6240325413432306,0.7590012016695742,0.8971560701321827,0.7002475804681538,0.7069436048342586,0.6619014616022636,0.6660061988237944,0.5412850965984215,0.5050830121102527,0.9485488466779762,0.6176566936862348,0.5471954250535412,0.3098599360038713,0.23693004458682873,0.4767233622892561,0.46933087111499583
11.599999999999923,0.02985766542864354,0.04948355954744973,0.06507410954802989,0.16246415088384902,0.06389169668301518,0.03525022249376555,0.016468933493502258,0.026985065291394644,0.07174041510087124,0.04413297630824685,0.032424451166958024,0.04200336769923993,0.060280868573455014,0.10439201926880874,0.027094685503072792,0.017532213712654225,0.0337993563898224,0.020188463097446867,0.0646741389837749,0.04375483897441343,0.04220291138994015,0.11301776256061756,0.20579542760671962,0.1027067699168131,0.10967624812478476,0.12821231127309032,0.05595727366243062,0.11564570590311256,0.0781365672359128,0.232140643130185,0.3238476618986596,0.23599408091320925,0.25600693890941956,0.11847048380172083,0.07519892949948974,0.026043506403598992,0.03798273319324275,0.15272090229429364,0.04779012469816719,0.0783931515774326,0.029305223694214583,0.027063816621179956,0.02377035251696316,0.007493768270031032,0.0035094205887648494,0.0007824113427200996,0.00035541857725852275,0.00017213958860913095,0.00042081948690477183,7.134473523196804e-05,0.00027734106415759564,0.00034075695974924785,8.179066183231305e-05,2.486438171041404e-05,1.248881271650892e-05,2.0332034519399164e-05,2.0420116562476892e-05,0.00024874813015783766,8.63620823435178e-05,7.816761547742715e-05,4.8212047389703956e-05,2.6302996521581138e-05,0.0001792785728382383,0.00019901009530904468,0.0008359745256149418,0.0003633678539926083,0.00032892404553729726,0.00026867177167452577,0.0003433095566392725,0.00022252742699053804,0.0036874262742475888,0.008300438943399433,0.009853283689788375,0.005916884291062785,0.003545711486333882,0.006954078030114708,0.0036669243641085526,0.0016965270108334283,0.0003961687940852801,0.0002806298173480707,0.0001717847237123301,0.0002931242899705823,0.0007097117363811224,0.00027865595965093407,0.0006140036943006155,0.0005134020548481134,0.0016329332678736881,0.0030374750084002336,0.002937275546788365,0.0056719247830320585,0.0027000702133577314,0.009297868185921324,0.005105623830056482,0.01040312759848905,0.0010596977131104043,0.0009645476597588758,0.003158451804650961,0.011493531582563938,0.003809268820626301,0.006930559054916911,0.01626718880724153,0.006266425314241471,0.005096268491236246,0.0049556652699994765,0.02146729993159268,0.015300800944507796,0.01132578961753844,0.013205781282891701,0.030111727699050427,0.012439124807458386,0.0301080811084503,0.03142373047842996,0.02268131541108526,0.055630114545861906,0.044427369412699,0.06640539532828371,0.0892638783814382,0.08998340136625678,0.09851240380327039,0.053939110180246524,0.04392209904872587,0.017140095505035365,0.009666558507929397,0.005637126300670212,0.005540028967665266,0.009575489476671483,0.0014167094168222095,0.00044131936365383986,0.00031581970461998314,0.00023012175496058232,7.052149490405534e-05,2.6682406355449543e-05,4.169379284126101e-05,2.2409214720276707e-05,3.91389666488185e-05,2.0353573266944663e-05,1.0561874362350764e-05,4.269124317562773e-06,9.187273457914233e-06,2.356788265858926e-06,2.1903698451152593e-05,3.887465689265345e-05,0.00021991694684854614,0.00386211791141826,0.0011635234684773319,0.00025634606023362474,0.00136570309159632,0.0009790514658365535,0.002466993103797678,0.001121847863132126,0.001113452511074565,0.00019841546132792537,0.00016380327103947544,0.0009342904077396739,0.001219265780727876,0.004352619302818758,0.008045515769211477,0.0014792358951708417,0.0007734260826090149,0.0005069890093606471,0.00020691016478810277,3.0159302556149483e-05,2.1678101574772924e-05,4.445699768422975e-05,7.448486749014692e-06,1.9262085355789873e-05,0.00013134869199490576,0.0010590401196920016,0.002552532335928189,0.004533276624565855,0.013785874524227465,0.017045031605924254,0.02147640685506421,0.0695103907141494,0.14552894141124603,0.23034007842619328,0.23330114835234275,0.4907906311297466,0.5012124681435896,0.6305297439908061,0.1674798386193699,0.1161698069015637,0.05242656169595771,0.028690806592187732,0.008979299519346454,0.0012171138397476758,0.007728594921630278,0.009787836089591473,0.005602280844852214,0.003330405122954458,0.00389471575314416,0.0011439890080065412,0.00046910309685254303,5.74172043441524e-05,7.269170360018464e-06,2.9986391788700725e-07,1.523403468207932e-08,2.2613433122622873e-10,1.9697143852197274e-11,6.351215037103883e-12,5.361700656015729e-12,5.6226998772913604e-14,2.8557551958152455e-14,1.3970606748302394e-14,7.035568853464451e-19,1.4350947354787882e-20,3.5523647003783276e-27,2.090691136367446e-31,2.512217120075562e-33,2.128159547579082e-38,4.386912210951393e-42,1.668045009391089e-55,4.5559802982745684e-70,8.01090090719904e-85,1.295060485602924e-112,2.5472939591911935e-141,0.0,3.316183224062437e-134,6.643711146606932e-95,1.2546728269694163e-72,3.643864554197001e-54,9.391207311952606e-46,1.4985818855543043e-40,1.3555248544818108e-35,3.1393090109758106e-27,6.703789061074626e-22,1.0714424851915316e-18,8.990282176458754e-16,9.546863460682908e-16,1.597521983312124e-10,4.919028705001042e-08,1.0304864898944746e-07,7.596928671871549e-07,1.0854305017350204e-05,8.325094121092759e-05,0.0006148051480048656,0.00044935281899519624,0.0032240043768071696,0.011274922469109008,0.0543084129061977,0.02931504868916566,0.007295072639167764,0.0072496795639954825,0.012816675970635967,0.0072604012591814615,0.016737468412969775,0.018603714028170227,0.01109498077411811,0.018671065540176838,0.022978520073901585,0.09134613917210907,0.13131687733740105,0.12422239334816704,0.08452680864675349,0.0641652896408356,0.22547703248670542,0.09874256964068635,0.24652740007459886,0.5541755967115809,0.3509846707344678,0.2637255162224874,0.5108224891109066,0.42405545471135264,0.17325400341243755,0.1491131139523001,0.0767609904979824,0.05133163128329398,0.13610279669803688,0.021220990225572854,0.11455705663723542,0.08675784142968242,0.18459765851926663,0.2890494827875467,0.12188708313241674,0.5435381464294713,0.8300506276056867,0.97140586821458,0.6311561574176969,0.5356375787947637,0.5189038125739494,0.7674718273060513,0.9599901493094205,0.712575656623875,0.8517507082391977,0.7339679443768844,0.9567430797414397,0.9877921079007215,0.8204977254836775,0.6342355147985467,0.785092524052552,0.8464673925112397,0.6890145097498582,0.6563331914164794,0.9947708875881929,0.6404999456954871,0.646793379527972,0.39157848360844233,0.2562176654758457,0.47861575091346603,0.4827975742541251
11.699999999999925,0.021893341525996275,0.0474200448117767,0.054986900990711726,0.14495556177424362,0.05656583774074505,0.02514928088066671,0.014414977251075949,0.023982576512379204,0.07104178607289299,0.03410190523435514,0.04137278650904413,0.0539818734709701,0.08643240537201682,0.15739866185399198,0.03147276970228515,0.03157508913390543,0.0652098861129804,0.049101542779762676,0.1428889247495068,0.09667928073397099,0.08426972782069395,0.19351367566331779,0.35730837787134595,0.1581324855508679,0.15214405019096788,0.21090946429914964,0.07764008911718832,0.17494912566021042,0.1596802283925891,0.3802092196749518,0.5228357055672472,0.40952643716692005,0.4647645404633491,0.2514503896522881,0.16637724308638,0.07332330438170993,0.08225809881250973,0.2739318588344314,0.0759799887188968,0.13256419326408603,0.06457531591914076,0.03914601726462065,0.027500002266819867,0.008240794259609446,0.0028801110655567825,0.0005661191277727553,0.0005205787599664197,0.00048363210194466794,0.0007530403988548753,0.00018754943540861806,0.00027858814513191676,0.0004613502713938658,0.00010842891173837368,3.752533382478315e-05,1.581632729265251e-05,1.1846638951743016e-05,1.1749407943124631e-05,0.00011205153773200512,6.012303089758224e-05,4.483577213817459e-05,2.4067475048847775e-05,1.3973038712695965e-05,7.429097882181636e-05,9.422285226643487e-05,0.00025052090878132695,0.00010025133280019787,9.731934256414588e-05,0.00010728177938226198,0.00010304752716451624,5.630550525272824e-05,0.0013706079400368735,0.0026288910322602656,0.0028964380231863793,0.0021816099406301586,0.0012213737941065659,0.002395560835771653,0.0013306998559162958,0.0004851497704874428,6.282986115450883e-05,5.875326835534433e-05,4.1253307969398674e-05,0.00011679249469216801,0.0003873002929559725,0.00031694428314413595,0.00035449793412687313,0.0003977916829573734,0.0008519712477421721,0.0016213826022797107,0.0017634299790980266,0.0021101515735695514,0.0007042943292358409,0.0021454930822924056,0.0010250377362759423,0.00258341806988312,0.0001907844120757096,0.00021086394952189957,0.000842440400768356,0.004243747695537549,0.0018209678292990714,0.0017403039995975975,0.005538527363536409,0.0012881751794741791,0.0011699843163975742,0.0012482593910962938,0.008804705628324049,0.006155550785409962,0.007148264958263357,0.008373487980814357,0.03465472643263705,0.012932882005951642,0.03633959673433101,0.05725188043737369,0.04947019071305558,0.1260110794341589,0.08476792770067867,0.11159815470312963,0.13974550501789704,0.15153007510938976,0.17231806578382944,0.09043681072957457,0.07152390066975163,0.025363255789085944,0.01661450836972451,0.009028931408019908,0.0059402714604854905,0.009148934897471093,0.0008751345340134902,0.00022456270652098943,0.00011884544624732204,8.320605072614585e-05,3.4162097195582694e-05,8.027935558849175e-06,1.5289703997375504e-05,8.171309164825217e-06,1.4169159195882406e-05,1.883046218824699e-05,7.2489816325860865e-06,2.222811989246277e-06,5.181509465657837e-06,3.526079631727435e-06,1.2654481103060874e-05,1.938975961344642e-05,8.843091350990645e-05,0.0013571822286250043,0.0005168818432043019,9.177556065608218e-05,0.0005140392872873201,0.00038980501613336565,0.0013694826532436183,0.0009071294186381499,0.0013464289354377672,0.00037443268327224646,0.0002880475582458204,0.002160767801271628,0.002346256623907966,0.004294533743097992,0.0066061114510926455,0.0010309937733882538,0.000617602208558813,0.0006578465623204376,0.00024449259787637137,6.129798249511751e-05,6.686858574809938e-05,0.00015432376617156247,2.2559405676158724e-05,3.395076704091998e-05,0.0001561731624495251,0.001428553297981931,0.005436001091965573,0.010389677689641465,0.019728540425324077,0.02329330418324778,0.022344861262675077,0.06633748034989309,0.14840511446772287,0.1748983444786383,0.14596402694996213,0.27839512856660353,0.3556743474619895,0.8406646502255207,0.20186095807986593,0.18289735891422987,0.06987709323535907,0.03902002505029415,0.011554318608675545,0.001159072433142074,0.007555960576747729,0.01227969103003035,0.006012797297127181,0.008307313407688827,0.007977277692388011,0.002793200970000598,0.0016172812401828583,0.0001361743359822725,3.38194743314921e-05,2.9387639843671426e-06,1.5798268427829467e-07,2.8200370959025393e-09,1.7704454628943729e-10,8.807079651950506e-11,7.030535703308098e-11,1.4448447273740516e-12,9.679066807673776e-13,5.536349604784082e-13,4.018171408238971e-17,3.501960400850565e-18,3.684530303677007e-24,1.324737706743162e-28,4.709481857562716e-30,9.261102041141136e-34,4.069420046295758e-36,6.017597690987151e-46,1.990284218394739e-57,6.665492415692639e-67,5.608889760062409e-83,7.755872165592465e-106,3.316183224062437e-134,0.0,1.5661431750793772e-136,4.48137202769405e-101,5.252473856406665e-74,1.4670194802721176e-60,2.7593946432877044e-53,1.4903355932604973e-45,4.833787171500528e-35,5.540310618359102e-28,2.7978970206347443e-23,1.22917732266458e-19,1.90578990902879e-19,1.3002767669463097e-13,2.1536752909119593e-10,7.028605881672626e-10,6.2192898665247855e-09,1.6935904049486295e-07,3.937762841718402e-06,6.73962848890054e-05,4.15245309130271e-05,0.0007230002660346934,0.0034165902200210064,0.02926957333505987,0.02158935568403054,0.005700488833847812,0.0076472553655518635,0.01623047247172617,0.01216527293970085,0.024560941215282614,0.024433474356221497,0.013132409776654958,0.022086917560869793,0.02275734239821154,0.08810216584379713,0.12702430373978438,0.14247724713674972,0.11242516856709057,0.09230424966621094,0.3089234274160576,0.1308452832427763,0.3096091085497765,0.6522736656993225,0.3742645526170117,0.23356502295362414,0.42598264254915563,0.36379234786058245,0.18840636888076184,0.18931039566038296,0.10004375801318949,0.06271852002573396,0.16739049819328425,0.03659003113113661,0.14720710476626192,0.10798691493069924,0.26524614779917594,0.3130961554330781,0.11620181027394748,0.5291264335554595,0.7532716491914516,0.9836725605727763,0.6559442924580843,0.593228199998053,0.5755908453550541,0.7621384435075494,0.9410029940746143,0.786762096958778,0.9879342667352481,0.8404417772515059,0.9145885903082875,0.8036997246055876,0.9588682431459493,0.45066180287203766,0.9928771795590532,0.9463738989205319,0.8158105876269558,0.8370793005615834,0.8666765613662547,0.7635088660589148,0.718536624193393,0.44721018257477957,0.26752893280213474,0.4652791504870514,0.46771394231959834
11.799999999999923,0.04145196040741148,0.09102692831838936,0.12068103155414966,0.25123759050724537,0.13994594667880292,0.06778732256538432,0.04196928652051656,0.04798441889888984,0.10542436882208824,0.0412436450171438,0.06727371947446531,0.08872149891945404,0.14289946704142242,0.2663392422188923,0.06670984664843808,0.06878176362605665,0.12289229878836837,0.07842300103392652,0.202270584343438,0.1612773549295372,0.12370907327214596,0.21531010505196413,0.38333427515374163,0.1728438553344267,0.15530259694313578,0.21385626927619014,0.0692009291979441,0.12999066653058264,0.1135233420478497,0.23434245928611883,0.28783612409447057,0.2867064290662677,0.3189867374622854,0.16156257336681248,0.12006907162342305,0.036737852618692425,0.04396220924367337,0.1342531530931084,0.031360217027310636,0.06934880250171437,0.03949127052270414,0.02346640568573987,0.013632844118307156,0.004013060573976973,0.0015484037174749246,0.00040460974382147685,0.0005045911926486945,0.0003534524667717618,0.00062406368679523,0.00017148806632794037,0.00012060248392890953,0.00021772216947185745,6.457326350744943e-05,2.624750650738201e-05,1.1445840038478138e-05,1.5661235606063794e-05,1.8534787818397926e-05,0.00020838103796154208,0.00010982164669281625,5.0055753441932936e-05,3.208191623038287e-05,1.4240885193875372e-05,4.755552317151546e-05,5.391156213289147e-05,0.00014160018545542532,5.1738654693565614e-05,5.604914949290026e-05,6.180263788427302e-05,5.841165633879078e-05,1.8825673168899208e-05,0.0006080657072547014,0.001247399126408933,0.0016791647100286816,0.0013134824960583805,0.0009947253973637189,0.002621817569422332,0.0007742768687176924,0.00024112361672325408,3.217537338697611e-05,4.315509184433457e-05,2.583250698589965e-05,7.756202956626361e-05,0.00020068978792797017,0.00014037671494037516,0.00019880572011167665,0.00036010800825646733,0.0008173002466690283,0.0014681536891583047,0.0022700664608299092,0.0024933432814067177,0.0008272679716685005,0.0020121345654906127,0.001879493413986234,0.005884456468961891,0.0006801082157030156,0.0009208065936201421,0.0026490002338420363,0.009722554699812648,0.00671729510897008,0.0035616685729125295,0.00879616595857715,0.002274102847667209,0.0017481000158196022,0.00210153575295711,0.013433779197948196,0.009630070762472593,0.017755604846041505,0.025949528763933756,0.09901377287012693,0.038584273112985575,0.08692921338742299,0.14707310478189675,0.16445672867411812,0.23688708313865073,0.17022116290036388,0.21933057226693892,0.28127680269634386,0.23827416527199166,0.2385463257589094,0.11757605542575215,0.09488833899091566,0.03696090130236087,0.024299081125678065,0.013062713593025011,0.008075881081262245,0.01696139646465974,0.0019936535884006773,0.0004394527665464764,0.00020310387655020847,8.952446447343613e-05,6.738027799274331e-05,1.2480492200139469e-05,1.908710746267863e-05,8.849499478745898e-06,1.4040829690207024e-05,2.306477276370599e-05,1.1202064907445999e-05,3.1106171499417268e-06,4.670203598050778e-06,7.1117220424101945e-06,1.7146931539913283e-05,8.475250385720192e-05,0.0002734914265419309,0.0035891498214750644,0.0016645004354825486,0.000288743857933656,0.0007199216189114125,0.0006065927437003809,0.0016794521688475272,0.0010035847173631319,0.001922815856273097,0.0007486144965014105,0.0006765472623579231,0.0038803327400178645,0.003134259452578385,0.006353173112446376,0.008212807505806245,0.0013444921297681798,0.0009372469910391097,0.0012572281630101277,0.0002945499253931771,3.860032577479518e-05,2.9694616380467548e-05,6.872089690544277e-05,1.3255563251315573e-05,2.253917880303692e-05,8.634885113752196e-05,0.0008269604345842444,0.002138518401606513,0.004928783335494835,0.008810350653936214,0.010104523871501493,0.009473097808289616,0.02623902134222228,0.06190786939768382,0.08975527336690335,0.06094690280045211,0.09097444339178251,0.15301087755459591,0.836970060496946,0.4161116355995202,0.5159006509163625,0.2222275447168287,0.12578025555930736,0.04179952603046118,0.004699792383359119,0.025034729512836616,0.03587260145791038,0.02377361515975037,0.03438805987048288,0.028279666934152063,0.010981793652486445,0.00762043684137273,0.0016240944052776202,0.0005661601051494318,9.420148693076288e-05,9.441622363035206e-06,3.852942559089743e-07,2.7419989521692383e-08,1.0438775251165397e-08,1.2005171291965385e-08,3.201459584524572e-10,2.573924966323642e-10,1.8506537319415252e-10,1.4706760382199522e-13,5.931356712261633e-14,6.188771153048174e-19,8.241975089429738e-23,4.3288672142678235e-24,9.31997613849705e-28,2.905155901521586e-29,4.785442606458126e-37,7.727071093844525e-46,1.70706041625047e-53,4.608081145853052e-64,5.322905583681696e-78,6.643711146606932e-95,1.5661431750793772e-136,0.0,6.0473100565300784e-139,2.257233677304507e-97,3.084681200235399e-78,4.1907035534150404e-67,1.1126836060166336e-57,1.4057985622074269e-43,5.093029861502585e-34,2.256746608992095e-28,6.460027614142214e-23,2.1094304667122836e-22,1.401889375587008e-15,5.221970279202495e-12,2.727429086189226e-11,8.678216109308372e-11,5.111579912461102e-09,3.8908096095524636e-07,5.9152138948863475e-06,3.914094404299816e-06,0.00020009429681937165,0.0005212157449268865,0.007045807644513633,0.0028958798081560066,0.0005567876296681462,0.0018741183832203258,0.006118270980974081,0.0045835244663331555,0.007458236047397731,0.007068407994811315,0.004339875481239502,0.00827291736217398,0.012392417664282535,0.048665690582345204,0.059014188328501194,0.0766821292519071,0.04683050468057195,0.0391935651917928,0.15480326868530897,0.05980288636485423,0.19444016620806664,0.41738837124394157,0.2526129186115783,0.16754104629665797,0.2655055981045124,0.22551037399727142,0.09354119043149957,0.10028155414954834,0.048065485249269936,0.03098965087071759,0.07410240194277788,0.017141639619678177,0.06400292763485552,0.052005219278866525,0.20839631189961813,0.35242009887080095,0.15089208405397408,0.5101861543298198,0.6709817664785713,0.9937185400090569,0.6357623776015285,0.5844227297523394,0.5503898085871742,0.7400304905879044,0.9915188831648063,0.616438888107873,0.7552764836681012,0.6911515190367479,0.9292812184211533,0.9110553710898739,0.9488581195575743,0.5362688618899778,0.9279691134318606,0.9702088135775742,0.8041556385218489,0.8817037783712969,0.9526564439716984,0.6419367557115231,0.573774714852064,0.3419896632678608,0.2172229953122559,0.36895500930815384,0.4106721150960278
11.89999999999992,0.0242661228979649,0.06412053629974514,0.09969973674435266,0.1657337445529705,0.10439694078050443,0.052135863399534264,0.027373354704043906,0.0346315973666746,0.09160264759494507,0.054598855570415945,0.08735877665978142,0.10194842111212622,0.17423990507371218,0.360957465260488,0.11376886594854792,0.10657571561101575,0.16294802692632432,0.08457392087006314,0.18493464856257666,0.13992222575209676,0.12538217322882086,0.20944073429072776,0.3565246674076372,0.1195882626946808,0.08560995458063472,0.12275359681518737,0.057381031501538234,0.10892176332754963,0.10281481739606473,0.24509401032209405,0.265826636966337,0.26076530027398487,0.23882644677731246,0.09070496574355245,0.04664129201260559,0.013588515643044983,0.013684661564793421,0.05212257569892714,0.009553489440828298,0.020828640425697213,0.01018124127586803,0.005510341852246902,0.0031854846175770036,0.001098922670161418,0.0005788753740106414,0.0001281152665864887,0.00030934879612203844,0.0004903831914286046,0.0009158964668258268,0.0003203093405723094,0.00023846176387011834,0.0003649307874859043,0.00014291908937974078,5.5336830888058484e-05,3.807996797248362e-05,6.295252506888708e-05,4.9757933708846715e-05,0.0006593845325800239,0.0005224558810209759,0.00017262215226771289,7.592313098859113e-05,2.3644884209735228e-05,6.342297393276911e-05,5.867757314883256e-05,0.0001603689308146052,9.488118113628811e-05,7.520392937705733e-05,6.122080254694711e-05,7.213724722847348e-05,1.5079809803287248e-05,0.00046835001022746734,0.000489069655605602,0.00046993725019987034,0.000247138070134657,0.00036033350081743316,0.000935337141977043,0.0001946980703311077,9.942104724153548e-05,9.291845849935093e-06,1.670321670705693e-05,1.345916821070079e-05,5.160153475984863e-05,0.00016724931697683962,0.00013110578916782553,0.00011268711785552373,0.0003265544856419763,0.0007314261168727575,0.0008086166558165053,0.0014950966532039057,0.001348233387308864,0.0005306127141109118,0.00100382429859803,0.0007349553064852373,0.0024143247137669173,0.0003270242475040744,0.0008579256540358216,0.0038189739570346428,0.013673522763270224,0.0042404340067548835,0.0024657529609383067,0.009696291682775502,0.00395358588101194,0.0028206112300340007,0.003529896257549023,0.016515183080499967,0.014665671579608627,0.031680229676376154,0.031417915415927394,0.13025678918015218,0.046029621201088215,0.10983386547500884,0.2090762486513552,0.23870891210362066,0.36274751240888414,0.29226410621485854,0.39931086055242093,0.4378273484515578,0.2809167681288364,0.3188541090742836,0.17311946294394928,0.1625037968180828,0.07980608700586879,0.07578760074902588,0.05544128626172471,0.03060871707445309,0.05899824986037441,0.008087384318610715,0.0026192676101739996,0.0016441793303862587,0.0008065586067578404,0.0007477120269948604,0.0002758613452431591,0.00018178576281549272,8.349302314552526e-05,8.384724388824642e-05,7.953094700784364e-05,4.6440136622601296e-05,2.1970689581190013e-05,3.43917389590225e-05,9.766877581094293e-05,8.93226173229487e-05,0.00025178877388686553,0.0007302077823721115,0.0052036618214309615,0.0059053990710676695,0.0006941841323418037,0.0017503271974393397,0.001314248264411219,0.001688878183527978,0.0008873225282147825,0.001616415154466989,0.0003871482282626567,0.0002130283014264931,0.0016505165305079467,0.002310059068150187,0.005667305832079681,0.00594772014891516,0.0011508055559015264,0.0008945998768284678,0.0010754860999102529,0.00019738181991946042,6.830520098722245e-05,5.6817021836492e-05,0.00015334524780436285,4.6409295428801e-05,4.045438206306348e-05,9.914562487213905e-05,0.0007710012046591416,0.0022639976735469728,0.005476661815080229,0.009348414065099736,0.009330839322940305,0.008471134396916363,0.014017216860819444,0.030541479934033774,0.05901416878540614,0.03124173954389397,0.04368974897874959,0.1282570943093723,0.5890282906512023,0.6174802918547927,0.7575252771220149,0.405744245404395,0.2695961572860836,0.1528795860580005,0.03261327048355516,0.09290475768833707,0.12136239029610611,0.07278550478105235,0.10666996016926612,0.08642003757383938,0.026050121485207228,0.022909497346281425,0.004650256379113134,0.0025296960915279667,0.0006885019541512983,8.722047060054514e-05,2.9169964884318764e-06,2.525142366341168e-07,6.076267880487758e-08,8.994884500332979e-08,3.176828078319402e-09,3.434803450677653e-09,1.9148211291077555e-09,3.8037000431479275e-12,6.766629471837074e-12,4.980490995620887e-16,2.7467402646533394e-19,5.32989478022497e-21,1.1625325711125903e-24,4.937972878386436e-26,7.748685247613537e-32,2.7934662333714082e-39,6.342473939513598e-44,1.6416435916342786e-51,4.6164123624164364e-61,1.2546728269694163e-72,4.48137202769405e-101,6.0473100565300784e-139,0.0,1.8528802076520526e-130,1.1786334385867545e-99,2.516748693554089e-84,6.52206842745398e-70,5.052851208723569e-53,3.65698326588471e-42,1.2723734287402466e-34,4.657905688193653e-28,2.4614738359463314e-27,5.467087364837008e-19,5.380096506451937e-15,2.436932275498671e-14,7.503294013486011e-14,4.642947539481626e-12,3.393727699533733e-09,7.204900381229643e-08,4.009347350647735e-08,2.0605002112640977e-06,6.449053293079276e-06,0.00022339414170322207,9.975331705309205e-05,9.408699438372003e-06,4.251264065681828e-05,0.00027560782591390913,0.0003125589230774644,0.0009366133687824813,0.0012018707970893009,0.0018317590430796669,0.005061147601863871,0.01048671976679379,0.05055096579280426,0.06262779402459469,0.08188382782879958,0.06074069257440143,0.04892982212352725,0.1862509073414597,0.0722907718009191,0.22514673811440433,0.4675590689527737,0.331780681088012,0.2451045869690971,0.3826684102395948,0.35403266714395415,0.1930770987334939,0.19449707221141466,0.13838689515116387,0.09703517668841594,0.2009967281748947,0.06630131804344407,0.18389906310491547,0.1472765623509268,0.42999722336071455,0.5176418089526096,0.25960652926252537,0.7366053080649098,0.8772204193231209,0.8550470607896313,0.763879305648857,0.6128965404294343,0.5218455651066516,0.6000529558247363,0.7896537566058364,0.8320909084164736,0.979721055201739,0.895381724963664,0.8824095204720267,0.7643685576542291,0.9398454892945292,0.42449886016591476,0.9412190016384859,0.9679874347248464,0.7205596784668155,0.8306180757552022,0.8864659556147283,0.5363600602870207,0.5419140469537181,0.33137996673995057,0.23182504270114065,0.37883134068472707,0.4048694441074427
11.999999999999922,0.008965699050367653,0.03732234219225604,0.07584390635941382,0.12152426371068978,0.07679373148064206,0.04400823668320465,0.027393478716956375,0.03219075049391467,0.09593720196111688,0.06433268705196749,0.09278883796930361,0.12153680501798171,0.2148168242952024,0.3953419641271484,0.14716058396456685,0.11868975930561305,0.21783358407698636,0.13029659495518003,0.2729940070951511,0.22545645599848868,0.1467204419146003,0.22480483834056306,0.37026422206411164,0.1035658577984484,0.11142065272580379,0.11247832563740687,0.049692937509420436,0.07376460295770466,0.03371143184536151,0.08321204277626783,0.05420416135967136,0.06389705868629864,0.047620662945233413,0.017757649625007973,0.006150963548414222,0.0015451150854699567,0.0019481346954518773,0.009606621189715258,0.001324110204845474,0.0037901101072700277,0.003615790066756088,0.0026853628346164187,0.0023584290710352107,0.0010587905571294472,0.0008647358839063003,0.0003097318461497304,0.0007398422961162446,0.0010214787328445712,0.0020646963057261974,0.0009849563863031235,0.0006957082194479912,0.0007135298421013988,0.0003612409262821001,0.00016818820388814687,9.431997685216852e-05,0.00022114004257876705,0.00010919082663712289,0.0006616273442846116,0.0006769987334441235,0.00016456717181742968,9.759693447441383e-05,2.707369984624462e-05,4.195989702618883e-05,4.846581446956433e-05,9.093491649356091e-05,4.1001185222815814e-05,1.3566374626339046e-05,1.2464189698949406e-05,8.976307752082687e-06,1.4975926916973607e-06,5.517379030337657e-05,3.7357328049584386e-05,4.085877743879586e-05,2.3123557369418006e-05,3.439089561908378e-05,9.306807756753166e-05,1.1874341501352613e-05,6.972682824438858e-06,5.302428166103877e-07,7.370157800423795e-07,4.6025138084295203e-07,3.4969548955403686e-06,2.150238961521241e-05,3.0068637840057265e-05,2.066177186866338e-05,7.559399861351362e-05,0.00013919859916745154,0.00012349346459511508,0.0001459534682412693,0.0001405586389375293,6.487772556170548e-05,8.723755124518133e-05,0.00016150541020559762,0.0008214913310568775,0.00013067729736084612,0.0004172072858864777,0.0016689861603281088,0.008641641580580272,0.006569915397564708,0.003362991432003782,0.013951256166278823,0.008170695544514564,0.004725710042724347,0.007405934759625111,0.021428735868533205,0.01369911395193774,0.02917630734867627,0.029412117585905874,0.10045746037542816,0.029814344026195004,0.06192695152582467,0.11291434721836807,0.13681318639140233,0.21332237869114037,0.1621525178690256,0.2077453454566927,0.23818960394644298,0.1263890368838506,0.14614164350704797,0.05853122022038505,0.06846811766906272,0.03311347788167125,0.02674334917273129,0.017305286872301817,0.008045815726201553,0.02088694827666532,0.0027542995798596056,0.0009842812778484054,0.0009730926627320918,0.00032064818470095775,0.0004448567261891574,0.00023010762451339617,9.821516449221703e-05,5.579517033973144e-05,6.534248496631236e-05,3.942954474755508e-05,4.533384034545959e-05,2.2471437489514327e-05,8.825870749833828e-05,0.00033261284756088197,0.0002585093399933379,0.0008969301778064653,0.002200259755518669,0.010635797645075292,0.01142614980089409,0.001999040002892499,0.004520383337781778,0.004027122202912856,0.005861193233909706,0.002480860155167746,0.007280030197526063,0.0019052146700720054,0.0014044708326230455,0.007135838342295617,0.00952685934317993,0.022714247097200747,0.0199610065170394,0.0033884627640803954,0.0035611783964593145,0.003696467150141697,0.0008550825013528625,0.00028310818976366633,0.0001742218008834655,0.0005718804906359238,0.0001391243293935895,0.00014910288892021803,0.0003173266970926739,0.001482874321530082,0.0034584564246288507,0.008393388506918382,0.012410179093135671,0.012259600143263237,0.012771753366389275,0.016636992257138404,0.039435960319528486,0.07502996603978998,0.03833930320787735,0.05736523044626074,0.1863271939453085,0.6902138605819431,0.5638596950437325,0.68749080224782,0.4027961233136343,0.3243962430757268,0.22449675151244924,0.045896353387104905,0.1066754111220631,0.12864057186121014,0.07882300289387525,0.11863933580449358,0.09049654087917924,0.024201410329416,0.021269457907644788,0.00597344005862166,0.005486493499228253,0.0013696618981654963,0.0003453999489207563,1.5852490808849804e-05,1.1460896969587664e-06,4.971299995656414e-07,6.429340141454034e-07,5.2894188635955114e-08,3.421681509341989e-08,2.9766704374587618e-08,6.887539498683631e-11,2.844907467814221e-10,2.1474248444122193e-13,3.982845342501655e-16,9.556976347233566e-18,7.353330284378233e-21,1.976300015115573e-21,3.0931918914377925e-25,1.6113001696052556e-31,1.665405072437108e-34,4.5688410522742614e-39,1.6548248046271074e-46,3.643864554197001e-54,5.252473856406665e-74,2.257233677304507e-97,1.8528802076520526e-130,0.0,2.229130817444026e-141,4.356947093386401e-113,4.488720841383143e-92,1.0990575950514739e-67,2.742535243570577e-53,2.1074933602630727e-44,4.404535775922035e-36,1.0198462142644913e-34,5.010562627943855e-25,1.883538874553483e-19,1.6795033340828313e-18,6.214353657977757e-18,6.358010512911693e-15,9.628827475377412e-12,4.769349139891123e-10,3.5927235585384647e-10,7.287124042325601e-08,3.5753645612897206e-07,1.984593447348847e-05,1.002894165639627e-05,4.83007003667917e-07,6.331134170138788e-06,3.781729246046877e-05,4.345421164960046e-05,0.00015279105757567965,0.00033283369893739043,0.0010821072368409664,0.003098816824413302,0.0072189793562383135,0.034731236080394565,0.04165474934808752,0.06437750485526542,0.04593680134842654,0.053790972382157014,0.1931191791454513,0.09423201416105813,0.29089742988318357,0.6520656602237981,0.4397437501323234,0.3043374824294725,0.41158476245224107,0.41757758825496705,0.27503670296386523,0.2424801842482351,0.1599140997687668,0.11931963755034795,0.18178772466012227,0.05368593369243516,0.1174315277079546,0.09108031166997971,0.29982028131181865,0.30692324209089583,0.1573977311377934,0.46259741710037816,0.5282005990171306,0.7234607072832885,0.40674098108229784,0.2763631544083392,0.21102011819137464,0.3070837002705765,0.4058749524240323,0.7081405427414027,0.5506397918638577,0.5844081563439929,0.45707988612281736,0.3898516494527512,0.5144963653154111,0.1681535042750355,0.5414747449891515,0.621890206794444,0.8552717861499257,0.8179917910815967,0.8325713514774071,0.842317214371238,0.8947544840823268,0.644109785042678,0.4474631507011588,0.5920295052168455,0.6447071125377439
12.099999999999923,0.01746074453485785,0.046665769190412244,0.0883357882466533,0.10119798211148723,0.07634489563467195,0.06159361536723237,0.03963088185219839,0.05506896116450239,0.12048617566074543,0.10189365261983462,0.19546464677244813,0.2421909834400015,0.41279884669156286,0.5607855730746427,0.26768968242185726,0.28508575936206676,0.439365579616457,0.3244028591864773,0.5681013238000783,0.4850910392516888,0.33330659195311313,0.38092655849910906,0.6127832780713988,0.2515229606632438,0.20190137869274016,0.21826943534438084,0.08197428925817854,0.1326671590933111,0.05834814028185666,0.10702310719743377,0.06412532883739383,0.0708319951944948,0.0609273456663331,0.02054575449363686,0.008050253135124323,0.001980770289842541,0.001649363950368219,0.009365748875526768,0.0013195370355333518,0.003305377058659772,0.004261754834782733,0.004340041209392789,0.005426107041560605,0.0018419416269061433,0.002384068330681981,0.0010084104198842894,0.001605107778711105,0.002080979376553043,0.0035279933881222957,0.0011612916354063378,0.0007943578885776704,0.001049978388820885,0.0006774658364257472,0.0004926764783493427,0.00048081947571251724,0.001792731242692534,0.0006925780539880464,0.003102495206496283,0.005184957995119082,0.001847806709020136,0.0006451786695057972,0.00010753918248358627,0.00015034162584202254,0.0003513071546476897,0.00022151232063863756,0.00013315146583361406,4.213036906428005e-05,2.948511728413296e-05,1.636832437378465e-05,2.66218200148135e-06,8.615394632198242e-05,8.154985625927572e-05,9.214307590630555e-05,8.02129622068108e-05,4.561928980173688e-05,7.873718972536644e-05,7.868220328026968e-06,6.099886463321696e-06,6.637250190805841e-07,6.48815991388492e-07,7.041778136724547e-07,3.597611952974025e-06,2.6105140883711254e-05,3.826794754395092e-05,4.7951090277079576e-05,0.00016332207612691492,0.00023465943919874808,0.00025812808225800774,0.000565194018565904,0.000636146852791989,0.00017454037540854872,0.0003702840085055005,0.0005014163874915132,0.0020227543941361893,0.0005951038479047712,0.0006647561210827545,0.0010083418378904658,0.004327325769048779,0.006763618590452786,0.004196300175704376,0.01443493569445907,0.006387858170921961,0.004095015144608915,0.0056651898115816675,0.029154695772769572,0.018093689660805427,0.03373346591874854,0.02523529710585188,0.10750469015258418,0.029336426141784343,0.06360267430823427,0.11453362460062289,0.15850254897001734,0.2024470226043634,0.13510167290879208,0.17149438598063232,0.20200312114352195,0.12603124769077495,0.11488067577612819,0.044102418439074344,0.04917843815072222,0.028451923228683295,0.02538071532029533,0.020431132298112272,0.01648695542943754,0.04003338489489177,0.010513872796429298,0.007065427030189949,0.007214314428568318,0.0036223315911766856,0.004509252536336136,0.0019775530059350918,0.000907930328697638,0.0007213189913031105,0.0010309944566494417,0.000717298564913191,0.0007548692132558593,0.0003199796294980618,0.0007400071649994449,0.0029821531719666414,0.002264432252420427,0.006426837764263597,0.010291210667885721,0.022710370369247987,0.03249126646089109,0.005719305172364657,0.008075359264263397,0.007701113736060169,0.008698856118718136,0.00619746170275613,0.02051496837252708,0.0048557670548744864,0.00337921221056827,0.01196375754449214,0.012021592982300742,0.02412612663919605,0.02630374281992533,0.005462465935938103,0.0051892640880511496,0.004858813919667318,0.0028697153557333704,0.0006056349038984594,0.00022568068194318166,0.0006152100316438284,0.00021401780185268822,0.0003051488120745995,0.0005984762749217389,0.002290941205601624,0.002175263203603097,0.005292073457209395,0.006741282934449643,0.007829761526679965,0.00951947458678156,0.012090978810094466,0.01790910408190166,0.034246268994742195,0.03458531219640186,0.047899705085532915,0.1381277754814048,0.5499379064246516,0.7238951872300947,0.7998135458796756,0.48025849556581746,0.3674122729573851,0.285109098159154,0.10644286070559791,0.16479623070237903,0.2217651256822391,0.12618585503164395,0.19602831827838463,0.19959684955895474,0.07949591275950375,0.08273163058013627,0.02932569150272567,0.02824086752188674,0.009788352892376695,0.003988762476435074,0.00045455498218766385,7.499695054525613e-05,5.714714168179212e-05,4.1990058046928744e-05,6.588657404624741e-06,4.485742664970159e-06,6.902062178651567e-06,4.4056773328037794e-08,1.327153597566082e-07,3.9317717737042275e-10,2.4244407774116973e-12,1.6784857718245725e-13,4.660599136544312e-16,1.5156043436565095e-16,2.097635407909111e-20,3.8926917745706596e-26,5.47209864349709e-29,3.2018799119033026e-33,2.100774594948771e-39,9.391207311952606e-46,1.4670194802721176e-60,3.084681200235399e-78,1.1786334385867545e-99,2.229130817444026e-141,0.0,2.4075153897869754e-146,1.601806156824419e-113,2.407759488406875e-81,1.1695655147979147e-61,1.0580291321704189e-50,7.654147918918774e-41,1.3764013274970397e-39,1.5267392653367904e-28,1.9286314615916523e-22,6.175894296658296e-21,1.2952143778942947e-20,7.093314802072264e-17,1.372008232543205e-13,9.127468429561804e-12,2.5660627754550874e-11,4.16105482029081e-09,7.64885596680911e-08,7.125836075575374e-06,5.504229584543409e-06,9.141107979335818e-07,8.127693802856851e-06,4.90869419514378e-05,4.104024669686773e-05,0.00010552790033652618,0.0001748508524579245,0.00038427381903964353,0.0014789444799455415,0.004573441202346226,0.027055576231069,0.05591383111624153,0.08657612089851231,0.0735093658321143,0.09489935490528996,0.30242126475844266,0.18388091727371192,0.49004263484218963,0.9021422912203529,0.7416515454315368,0.6890316762298206,0.8301718214518503,0.7610688359045017,0.5359958165478906,0.440178850343087,0.2685390631012113,0.22382630861297265,0.2178956589829989,0.06310849957906917,0.10039695549233636,0.08467689692076937,0.33377618378751506,0.44900991866258966,0.3716483612283802,0.7748350996820085,0.8109668648204647,0.9694366280271576,0.6282213135646734,0.5386005348890085,0.45986171657108327,0.6508514261512881,0.6472073520371645,0.9967341789838186,0.8539995829350292,0.7254134491413226,0.6107445958066174,0.4697959122439864,0.5845671134158796,0.34249462248987894,0.8542804456182547,0.9332527269388008,0.8962101166412292,0.9760442436803236,0.9734231567254921,0.6804887794938669,0.594004825363329,0.44708041832110484,0.3125996470129539,0.41471709904388143,0.566780296065166
12.199999999999921,0.06740162160255916,0.14268697568680572,0.231270217342365,0.2635569712151069,0.18277294758997423,0.1510139853427824,0.09829860368067975,0.11008277026335984,0.24335158747384836,0.20082478741530838,0.33488393933365396,0.3606163400189017,0.6397614896652751,0.813678088399903,0.4372955528647326,0.43714709082490566,0.6844606737116348,0.5488202824017574,0.8257323606383561,0.7123073716597826,0.5009861010391747,0.47435921068574216,0.582971220452477,0.23853116197676982,0.18556780547763335,0.22251229030304867,0.07688429850127992,0.13223717765991158,0.04821409830753623,0.05922597168142037,0.040088716856175634,0.04638589767631763,0.0385986962715947,0.009541239612626082,0.0036535619434774833,0.0009573817884885877,0.0008590814797317914,0.005644927091701897,0.0007846726071591728,0.0021209490662025482,0.0021309500817007316,0.003821650884342858,0.0048326867339875375,0.0011324857625783266,0.0012784652082251855,0.0004016895754950957,0.0006059666922742248,0.0010011949761702674,0.001252928538414286,0.0005098951333074457,0.0005099982406844551,0.0007461018869304602,0.0004698836957435773,0.00026261336437736034,0.00031460072652308074,0.0013289034329890604,0.0006877460125842099,0.0032768099333154617,0.0076062418676294775,0.0037409671019310907,0.0013451656436753053,0.0003665348698182632,0.000406084151424114,0.0007340491320541958,0.00024582854076348387,0.00014045455512411075,6.770886398338472e-05,8.192118740698207e-05,3.666804799949284e-05,5.790504590825364e-06,0.00010192501432321745,8.178796977966114e-05,7.73460326934847e-05,7.384869528243756e-05,3.3527313273899436e-05,5.4200932632507256e-05,2.731633337077503e-06,2.8799220833493074e-06,1.8612697995858823e-07,2.1191569077842727e-07,2.531502711778682e-07,2.745001442486573e-06,2.4439016175750627e-05,9.706983990194671e-05,6.851014125434995e-05,0.00031512059904663527,0.00034383263048262897,0.00017546306282837813,0.000544561560038862,0.0006896542728812108,0.00020307008105363038,0.0004481701761503999,0.0006322348562887544,0.0029736672890957726,0.0005314027230842326,0.0010159242943968713,0.0007702228994409552,0.004269991622507193,0.00697102526162871,0.004799286372600106,0.020010524648868055,0.010558900027067839,0.007277647373893888,0.013733009170179887,0.05010859511408574,0.035069743682128916,0.07243785290381657,0.05744477118692483,0.1930076220938174,0.05494424826149977,0.12250251575279457,0.19638572218363104,0.22943381955027262,0.22610699788403377,0.12039353635256785,0.13664135023278903,0.15015765247802815,0.0899404581089576,0.09398566010791068,0.029256437371949117,0.02661249633670573,0.01947968009211158,0.019611518847481642,0.013503569558197663,0.01317505949643008,0.02818359841289079,0.00619000470630421,0.005076503042549542,0.005686973770898168,0.0032246087105785534,0.004385641853634119,0.001925727164794451,0.00066904737223075,0.0008360290960328447,0.0015163265496420768,0.0006147792662866951,0.0009506306211637395,0.0005286011708101689,0.00146968196367478,0.004864782368010683,0.002391314348603906,0.008660247448597292,0.01530204470468914,0.038196094030110275,0.04572522777589611,0.009978070238859415,0.016428081808076846,0.020919047453177107,0.02218106159623377,0.011456116185717262,0.03577238850258524,0.008567126085975402,0.007908725272755514,0.01855484089690965,0.019165451036394034,0.040555781606001096,0.033674961156280686,0.007501398508277834,0.0056866358599392455,0.0036232572973461073,0.0022058970597456187,0.00032440851637381295,0.00013526930548638007,0.00041002011715662835,0.000162174353557424,0.0003999552625523245,0.0006220082202211224,0.0022170598255348206,0.002281670506498444,0.004424732252918367,0.005015655301015112,0.003964011495920263,0.005117502451512845,0.006365502433790104,0.008454079337483215,0.016841346056382628,0.008285537072322368,0.014032150204925918,0.061543383568741276,0.3067859387565739,0.8221353550156237,0.7607053058550494,0.9628319815747197,0.9262850094145639,0.8255647370841641,0.46227500533254284,0.6377858132601913,0.7687478549550744,0.5403690514116505,0.6193828571263779,0.5895697105400504,0.32386477851296547,0.32094321398930853,0.15195264481091847,0.12917394864550502,0.051837074823334814,0.019536976933850297,0.0017294958280893542,0.0003002299585403973,0.00025343343194059246,0.0001228200018137935,1.4878115592908804e-05,1.1756687006784815e-05,1.0775970540444598e-05,8.528661024252745e-08,2.2382362689009454e-07,1.0656443480431913e-09,8.908274820834103e-12,7.420888614244303e-13,6.340961724166474e-15,2.118110941352136e-15,7.394033536695527e-19,5.006836533241419e-24,2.425580574649483e-27,3.868355519419486e-30,1.7731644468237094e-35,1.4985818855543043e-40,2.7593946432877044e-53,4.1907035534150404e-67,2.516748693554089e-84,4.356947093386401e-113,2.4075153897869754e-146,0.0,9.729193167407721e-153,1.357622293579361e-104,7.23762078468682e-78,2.799415393765742e-62,1.5732908061233884e-49,3.070525964151738e-46,1.1764687995366893e-33,2.1338235951564e-26,4.8130164050161295e-24,3.3692050716743214e-23,1.0725891283408967e-18,5.3255827274723875e-15,8.781853163103157e-13,2.7877596782150435e-12,5.445464926563667e-10,1.5975983832178578e-08,2.816732966883755e-06,4.0630844687722544e-06,1.037876929609561e-06,1.023155167295199e-05,4.877714103437719e-05,5.248984974558198e-05,0.0001569517752074957,0.000295590320020337,0.0005366142872008786,0.0025055261360460066,0.005850858855924999,0.026450603845426718,0.04165970855443264,0.07254234079924651,0.07777827939229566,0.08753984738147814,0.32665934429531557,0.2085068754881158,0.5420202779004769,0.9548140094398792,0.7948503819505837,0.7072765326553089,0.8489516507370657,0.8146936692263621,0.5635173469613273,0.4005009217517867,0.2179826069762767,0.17544938068357802,0.21532619988564566,0.04991580740912698,0.0891162953886027,0.07052889899431816,0.28198783543576333,0.383043689719246,0.2591247869660442,0.6477789690990075,0.7487578167033702,0.9279804382423237,0.5298448438320038,0.4493925791840934,0.3955542692627752,0.4916280545102155,0.4981621112963363,0.7976264543301617,0.6469674883561072,0.6308988648771519,0.5031698851041793,0.37132438442271776,0.45561010532802104,0.22505915158621786,0.6903257166304771,0.8049215204632975,0.9868233841491676,0.8950062830007873,0.9321761818153718,0.7737884193895328,0.7079130180697979,0.6095596345242676,0.471692692052245,0.6076405103916169,0.7570811672673976
12.299999999999919,0.054646022100475186,0.1283655679004295,0.20597789393169608,0.2011647667032761,0.14216995780572647,0.10618268182110911,0.07718075931862269,0.07594820147963503,0.16369559109440657,0.14278800820618925,0.20571642285620148,0.24857039252394694,0.4669817167850754,0.5845551459306529,0.27898773003000643,0.3066787528289807,0.46185875875815086,0.35746068801278286,0.6277836877145955,0.605611954511447,0.43186857419935376,0.37590237109372476,0.4886952689082299,0.17557176476846706,0.15889729273999573,0.24275286489980394,0.07686161326856397,0.1288518664368427,0.05118712760720094,0.05019870196568467,0.04084471672041374,0.04657324209741656,0.03898530668844631,0.011710201040904764,0.0033290027147439365,0.0015772186994929339,0.0011927295435822916,0.007665502063806766,0.0013809470850846444,0.004004977328923569,0.004725123811898374,0.005584843959728652,0.0073702872031699545,0.0017722983356658402,0.003525708867120857,0.0012360165071799779,0.001763397027405348,0.0026396437594260365,0.002614253858649829,0.002096226553365002,0.0012194906100918969,0.0022035102029865166,0.0018929815301075988,0.0008566698722938405,0.0011488042545192048,0.00406853752239379,0.002198177965348857,0.007285380786171486,0.016617901442188675,0.008844664272234721,0.003432478354508967,0.000715964460991642,0.0006015651653996672,0.0011070846744566038,0.00023191437680440645,0.0001447591197207377,9.272836889268387e-05,0.00010506937984279272,5.348728499648624e-05,4.7567588684690185e-06,6.883588923239933e-05,5.3064215328095305e-05,4.214522351810307e-05,2.749563250080577e-05,7.2317203041102935e-06,1.4322014558096647e-05,4.1314163187998406e-07,4.114710487185238e-07,4.0899447894479155e-08,8.35462863156128e-08,1.3161400585053638e-07,8.212048630039442e-07,9.41841389933819e-06,3.717597410239507e-05,4.410182442955969e-05,0.0002905611531475614,0.0002736268746962534,0.00013830741445914745,0.0002923846907878475,0.00032468347878803177,0.00010799917372056573,0.00020629099501646446,0.0003857659256759766,0.001991655552762226,0.00044816889941139934,0.001097500543756225,0.0008810652548267388,0.0052796213911900335,0.010742681293877851,0.006085919502626095,0.02061709539793825,0.01299127860818284,0.007607768722945232,0.013633552515172466,0.0555667235776977,0.040630216916073485,0.0852926001340768,0.05995644722345684,0.2562419304039572,0.07516834919349442,0.1476217561604157,0.2142456188044087,0.27230230727476207,0.231249073264601,0.11487834716390265,0.13572932791260303,0.13391436566391618,0.07384313592774291,0.07526173609950859,0.022429334224824665,0.02234913650759526,0.019249155210088766,0.01759825778796822,0.012894745499066522,0.012106114484381135,0.027377047567271016,0.008608008068436644,0.007071325271832566,0.007321360540987421,0.003844754766993402,0.007260948094533944,0.00370711318543087,0.0011901357973991976,0.001078917075481063,0.001391509311908295,0.0004935732737161041,0.0008510221518495841,0.00040881380653449225,0.0009457368988650625,0.00527613220285503,0.0026476440022480553,0.012275429408300585,0.022940986809506497,0.04696104538012804,0.062223382457379434,0.01616898633903008,0.028158857514089163,0.041684817445316664,0.03153749704603152,0.01369307476632826,0.045389240571430206,0.009897351443979182,0.00925610698379048,0.016289521071585506,0.014440902525960938,0.029797165064278812,0.0196812083943327,0.004686983771668748,0.004171802819225556,0.003910573785965189,0.0034459847520228533,0.00042917814187915865,0.00014536946296392993,0.0006028469315102476,0.000240574599632931,0.000573768103988271,0.0008355843388013292,0.002850385290294821,0.0028034419724865443,0.004759435410615013,0.0054067808868816505,0.005030824520916605,0.007797864295806944,0.00809918445199666,0.008077141401693085,0.01757453414488232,0.008328694367306834,0.016111061147378158,0.07185174662714794,0.32967618975903207,0.9111581050788894,0.8281041826848731,0.7936628656916378,0.7588634496811768,0.6957580802971698,0.38074866794670836,0.5635722215105061,0.6987340318642933,0.4653855562677274,0.5847665907295159,0.6222519406972113,0.4080512653127974,0.4059460273820995,0.22619936101811283,0.16943642117378652,0.06160420857296616,0.0318218358601318,0.003920899052227152,0.0006817641157924734,0.0005713155517590088,0.0001787548091978018,3.462739112769773e-05,2.7709337170464873e-05,3.194563370840402e-05,3.0146002423664166e-07,8.855536464123416e-07,1.0095380757494515e-08,2.549801102615101e-10,1.6210533079425684e-11,3.165013385771216e-13,5.023946965407402e-14,2.7029288884314817e-17,8.635252991893456e-22,4.359335752278844e-25,4.500547313668297e-27,2.2021196233828942e-31,1.3555248544818108e-35,1.4903355932604973e-45,1.1126836060166336e-57,6.52206842745398e-70,4.488720841383143e-92,1.601806156824419e-113,9.729193167407721e-153,0.0,2.4798792432290624e-137,8.015390204944236e-99,3.030119957073662e-76,4.0484554216266104e-57,5.1204213138655146e-52,2.5009918669396865e-38,8.766950935210566e-30,3.353087880368036e-27,4.5358732352117567e-26,2.4761302304218702e-21,3.3075473013439064e-17,2.5327357924144792e-14,1.0405846677623005e-13,6.009159817412209e-11,1.525205473273006e-09,4.727068805144277e-07,1.0153308472510875e-06,3.140053388426172e-07,7.554560151792172e-06,4.007332442575549e-05,5.73619035181784e-05,0.00010462946068604573,0.00016230760577943146,0.00031538898325918593,0.0014510975859999863,0.0035912158952821965,0.01897923454656631,0.02607297176274327,0.050494464399167265,0.06844157643855672,0.08274203391667437,0.3155174403862617,0.22331079015650895,0.5628442844058025,0.9778174204670218,0.7569976759920792,0.6792497743631186,0.7764038436716364,0.71386153650505,0.44168711734484684,0.34761856386563866,0.2099160058213704,0.22293928216859343,0.3259015039677504,0.0792550341914214,0.1297795889033627,0.10254368542786876,0.3449915409106032,0.468400948581382,0.3339026484291613,0.720828693402266,0.840396048910078,0.9822897981921395,0.5939120258952877,0.48982583175548466,0.46582534906662854,0.580899775954341,0.5797102670501544,0.8467372201485972,0.6047633662439225,0.5633780972364228,0.5118716606070367,0.31443500613656056,0.39750426542124856,0.19288007271040497,0.6435575828218094,0.7715729072208846,0.9414328292440693,0.8512053362603343,0.8753963438287471,0.7746946333961172,0.6729948600267325,0.5758241017290061,0.4668787204670683,0.5450923195607305,0.7100612434052793
12.39999999999992,0.15990967098661546,0.30767484793938543,0.48173855823528616,0.40787024531446275,0.3423945214786338,0.2694082873959609,0.1943796818248291,0.19664731699177396,0.2793695142429036,0.3285623323992748,0.37453563195470635,0.45163148827308286,0.6747998910361757,0.7158039257737814,0.5257425376345126,0.4514030204010758,0.6689221658573496,0.589467830461173,0.8357963323705524,0.9065612559904327,0.6213882370087741,0.49792764208089935,0.49948801370812873,0.19088517185828632,0.18878699405585325,0.3114101670601934,0.1464322361749921,0.23568566287382245,0.07676734092397511,0.06341091570525233,0.04524976351141675,0.0674270116188771,0.052588850419597884,0.016486409194451126,0.004683926521329598,0.0034878297984381195,0.001779180968836929,0.007971865120241003,0.0012702737700507735,0.0020040843291646787,0.0017648926117605846,0.0020402040747954124,0.0014705531752482901,0.0002561194094234917,0.0009255845353610343,0.0002919399258030348,0.0005755302848172043,0.0009504872602305901,0.0006055088629449257,0.0012713634663473613,0.0008947268033582023,0.0017551831899287548,0.002068489629299017,0.0005915586051999767,0.001122241662809899,0.0027676599160101597,0.0027380302522312964,0.006845463226090755,0.019685116029962684,0.011977258301520745,0.00399219995444441,0.001333845951561783,0.001017013920368121,0.0030417360633430376,0.00033782922727358704,0.0001809941040331209,0.0001541836414996351,0.0001495998161377258,8.04307918254031e-05,6.125037737642528e-06,6.240768294606008e-05,4.770272927423471e-05,2.8878854376211245e-05,2.279574897390245e-05,4.531054298034408e-06,1.54483724479033e-05,2.044696645971247e-07,4.524443711432958e-07,6.008517889988821e-08,1.1932529872657426e-07,7.769800821938107e-08,3.542161912210356e-07,1.900652969132836e-06,9.99728830380628e-06,7.553371937551839e-06,7.035465431773903e-05,6.841066581766872e-05,5.4553288823824284e-05,6.810988371049072e-05,0.00011100608194657657,3.829323826415361e-05,5.6860280594894455e-05,0.00017548629163264675,0.0010755058291938332,0.0003617343361078157,0.0007115357950944375,0.0008806925819481756,0.0036542972450878857,0.006197097946311148,0.0037899795589567404,0.015203311078054874,0.017960587135401312,0.01287133672367639,0.02206753845465204,0.056296763450144546,0.03237815593812479,0.09471522775490429,0.06302575158184638,0.22496658688852902,0.07167523257705716,0.14590137852749982,0.2582098566115403,0.3267419494700004,0.26416355652738094,0.1593973617104846,0.1084264042765221,0.11910326937662935,0.05418701317526053,0.06590621410740784,0.01997714740392819,0.020480608781050343,0.030022063925477745,0.025673304248594278,0.024436908514476448,0.026931751108699303,0.04671159360537258,0.025308939282564776,0.021305894974492545,0.017198157308821984,0.012996870310182589,0.0260133138529061,0.012079399225603867,0.004624494335160061,0.0038505053248388274,0.0047018890936689935,0.0019513973433803887,0.0028973032619454726,0.001771054184504074,0.0030577377659624086,0.017612204832117194,0.007695566688262089,0.027202811221606452,0.045364908683569426,0.07844862537575113,0.1358308300626189,0.051433470379320015,0.102431722874911,0.16799346230152543,0.10361096702597664,0.05452638143621218,0.1493930569036938,0.05342876383170869,0.0480490451635426,0.061626840691924825,0.06696855585498186,0.10835953871627327,0.07679526283733369,0.033234759414929885,0.0260372136577456,0.029868774598527693,0.026028632099995938,0.0035749276860732597,0.0016471522061288469,0.0031963666510424495,0.0012016798035700746,0.0013004991756063301,0.0011006065785516817,0.0027874239518148425,0.0024322386394041865,0.005036338688137231,0.0067889399204663645,0.00513933921445334,0.006517984736470491,0.009035894084850208,0.0099314239625186,0.01853076191557491,0.005278775282309231,0.0067714948034483455,0.04827321342603373,0.12378743353703339,0.4974228878842346,0.40141951411827376,0.5216869878470932,0.5569692150719077,0.5691926750713223,0.8036653380031288,0.6213660489093211,0.47521606146978906,0.7901968093206738,0.626595069363888,0.5458020007788618,0.8558239071371198,0.8764079808902105,0.7879759619455811,0.6419770040486057,0.2880584235162508,0.19513236376596937,0.045731920239970525,0.013892143439092723,0.012651322707731746,0.002884843475394547,0.0007228826380415944,0.0006436265249972554,0.0008305422434289199,2.644215033071967e-05,3.583305823389939e-05,1.8652905119134322e-06,1.2895686944290237e-07,2.3937134976654334e-08,1.0400438291954045e-09,1.321057227450143e-10,2.841025683185872e-13,8.509528055178545e-17,8.953509855128344e-20,1.2873504073145931e-21,8.206005084330727e-25,3.1393090109758106e-27,4.833787171500528e-35,1.4057985622074269e-43,5.052851208723569e-53,1.0990575950514739e-67,2.407759488406875e-81,1.357622293579361e-104,2.4798792432290624e-137,0.0,1.4926669654288026e-139,4.6678226495528694e-102,2.766463037117598e-75,1.1239580051553583e-63,1.2625006282206396e-49,3.0932192496508955e-37,2.146856454343382e-33,4.152393252104245e-30,1.1584336535229018e-25,6.804398133648568e-21,1.2771487733078322e-17,1.5594948193945195e-16,3.1090284023162967e-13,2.9699837117473225e-11,1.470234873850024e-08,6.308469297163298e-08,2.356246065585367e-08,4.2705029693558e-07,2.867315919128272e-06,7.179258096066372e-06,2.9059509178954673e-05,7.822543218418612e-05,0.00016321475768716427,0.0012904904250328436,0.001436362065096737,0.006354386297119291,0.01094689712791452,0.02779863319122209,0.04828167033050347,0.06052447857894867,0.29214403928738303,0.2291310665168679,0.5009507638945451,0.8812674463363754,0.7021333970444794,0.6920339839688715,0.742381324361516,0.6804957557318708,0.47526426841292424,0.39669292743634926,0.24103385132615746,0.2554478751505862,0.3524905900590494,0.08000220955689936,0.11844179709111502,0.08970264609401192,0.304062881831842,0.39162355605370563,0.24573091313903198,0.6231259605407538,0.727646862655181,0.861602506096327,0.5319137713195267,0.48095743477392805,0.45906903632705215,0.5523379997654994,0.504511199075574,0.6678824409131173,0.3849693530625758,0.33193755795473345,0.3330112822738432,0.16800367765139834,0.2686657815115439,0.09270636382396549,0.4064571054142085,0.5371647197237412,0.6638632207471515,0.6625185960006063,0.706991562653451,0.9844642009794479,0.9485898241276254,0.8944758791443864,0.8773569920139962,0.9408963656644831,0.8671554853707438
12.499999999999922,0.15641001292120993,0.2761285718039211,0.4094865211184313,0.2596670040896438,0.19238892355986936,0.1273397837448372,0.08661483617312074,0.08260248395163346,0.10080489466928379,0.14278219790480132,0.1721311917898216,0.1945834400613527,0.3233367558555127,0.36428165130211326,0.27902826597359065,0.251900676681683,0.48451772857689973,0.4732219909330701,0.6530836888407326,0.7372339931866279,0.521781990878357,0.3908182457869321,0.3656817393477921,0.1553430298565018,0.11484936911563685,0.22354133363444006,0.11477999646238973,0.1894092769688566,0.06950023568288413,0.04191313423313558,0.03615540998940627,0.055749123913961335,0.03917951214676036,0.01009774585273006,0.0022687614582102525,0.002104410847876027,0.001112357557173257,0.00803135247528838,0.0012708138528288587,0.0015710229914454221,0.0017946401992837981,0.0030737697724239864,0.0022250160097809415,0.00055875904665613,0.0019813000248350403,0.0006205105703963946,0.00102990922024958,0.0016715217691457313,0.0006034803711776143,0.0019233999960956525,0.0014278756878534243,0.0038508076552028685,0.0064335240527966546,0.0014508963468186987,0.00388252039666833,0.006833526591297685,0.005389859207990073,0.011814272157037977,0.03937377132149647,0.027712861533168532,0.015056872741121769,0.006243426941978282,0.005268095450383753,0.0066052600591640824,0.000616782787447962,0.00036670650844960285,0.0002853999344593523,0.00014999785919093898,0.00012944458390141392,7.433245124666923e-06,5.8654947110778074e-05,4.3325441626090734e-05,1.412621783191403e-05,6.583253406808805e-06,5.226316188185569e-07,2.66956044097697e-06,1.255966569178971e-08,2.2308874152733693e-08,3.8094404979250466e-09,8.767080345200232e-09,7.627889191660653e-09,5.022252652495564e-08,3.6725806703260785e-07,4.246419512580876e-06,2.7468545137578395e-06,3.587145330187551e-05,5.006644488818756e-05,3.228234513156175e-05,3.387683142355091e-05,6.315361841459198e-05,4.806745452941638e-05,6.103592268512384e-05,0.00034376999783062104,0.0023183703480140873,0.0010694682247453988,0.002172498944145184,0.0069816262774538675,0.017893162971506924,0.02211454558990117,0.01706381601893449,0.03638801899300862,0.04054849975080168,0.03715898315360217,0.053658769929654335,0.09292352341734911,0.05171245188147757,0.14399797375820983,0.0704420703872039,0.2694398278427643,0.08747382758598375,0.14086731062028887,0.26868239472064503,0.28718661828130654,0.22250526535119344,0.12662291979219809,0.07574526642497308,0.06356086803403405,0.02099976863830633,0.028817674803707883,0.009770270132199391,0.007985944985295857,0.01595883030347901,0.019659161098239192,0.019069361376803623,0.029368091018498275,0.04383562403102157,0.03315325201075412,0.026047045878358037,0.02148623299086497,0.019069572550925052,0.04125579032015796,0.028171226070920277,0.010511535156085397,0.01189432613195939,0.01431493616947024,0.005036994280962872,0.009365462678657455,0.008908374158799456,0.017660357972138083,0.06993367839796386,0.034007533255055296,0.11439650936544137,0.16842284940830626,0.22323847553370676,0.36544867427107086,0.15869585390814406,0.25377533241099226,0.39849495910245636,0.2746492632935491,0.16924768870008555,0.36282525438402374,0.14875302072923785,0.1269878898482668,0.15832171531414377,0.2027527263138092,0.27262131962864816,0.2132248606551602,0.10801921529434944,0.07876996462996205,0.09262135181095561,0.0736028111010471,0.013765843045828029,0.007677858582332613,0.016041213303511083,0.008599650037899947,0.00823846490053191,0.008976109153884288,0.019209622643115133,0.01755603966964857,0.024298879652535157,0.028434934658645942,0.024062970246557482,0.03078457753740305,0.03584713878319384,0.03665603849518974,0.0591953235318386,0.018676297070661887,0.020766962013529365,0.10858322438193037,0.1962126137728525,0.5882327090140029,0.3664498722644516,0.44372067292462924,0.4304016553814,0.40157500927331163,0.5936240735081915,0.4275745164634542,0.27444333001382587,0.5529093526264158,0.3885345637452638,0.32466554676925924,0.5317128266605526,0.502223410531186,0.7782082329981572,0.9318688952309091,0.6236108067993096,0.4648195919760452,0.1618502440926143,0.0637756959132396,0.05759701840576784,0.014204946401580478,0.0057015724633666205,0.004033660959599062,0.004801913684217077,0.00016993032660865984,0.00022323174089252065,2.3381051126245824e-05,2.0916348400953456e-06,3.442537260379749e-07,1.3205252451376673e-08,1.9334367308259853e-09,1.3946233654018369e-11,3.1378106474748093e-14,3.234385982118984e-16,1.0749845642563351e-17,7.797256829916178e-21,6.703789061074626e-22,5.540310618359102e-28,5.093029861502585e-34,3.65698326588471e-42,2.742535243570577e-53,1.1695655147979147e-61,7.23762078468682e-78,8.015390204944236e-99,1.4926669654288026e-139,0.0,1.628649889539737e-136,1.3795119202267367e-96,7.159653739826891e-80,1.0080390683361034e-61,1.0820304018436766e-47,1.8413847111242828e-41,4.0004869213035264e-36,4.858322866602851e-31,3.271623288013732e-25,3.780354773885307e-21,1.773898644408559e-19,1.2867382166359626e-15,5.675187459268902e-13,6.644445796106406e-10,3.297812862960985e-09,1.5156428126603664e-09,3.4469825775375744e-08,4.229306692327531e-07,1.5595072684936925e-06,1.0217190701343216e-05,1.9475698176997382e-05,5.6487431309802275e-05,0.0008400585912961082,0.0012060290935267653,0.007098188401308531,0.011785098665746242,0.0315378583371063,0.07623719777546038,0.08278195283651703,0.4095552198468919,0.3624207152774624,0.6764259135453677,0.9230590547779803,0.8320216601912506,0.7040723039088588,0.8296534705172981,0.8129135261699506,0.6174991892339106,0.6150904737181724,0.5039643526034925,0.536821862822397,0.6989700949224739,0.25503958653613595,0.34070596508750617,0.2908589942348317,0.6579919847391663,0.7008339918342619,0.48541159258046784,0.9928512108914759,0.9829792013679806,0.9035800489457058,0.6963622585351469,0.5854042083908544,0.5452474524948508,0.5105641711073715,0.44485568957248345,0.5342241939540749,0.27420457605152876,0.252340705149022,0.2687099705078067,0.14746377435355512,0.2080623323567435,0.05950462567260285,0.33007641121175035,0.46474535395331007,0.5574965474319182,0.5749135054326711,0.611891344819312,0.8211906421989098,0.8407521203449593,0.9484351450152568,0.9943953981215736,0.9866848559370702,0.8649361393204534
12.59999999999992,0.2877744394811246,0.41504225280399965,0.5289580787169582,0.36372141830251226,0.2698677409447117,0.23171258492886715,0.19732106967929994,0.20780975043534713,0.29305420235875185,0.4806883064021866,0.5794642152038522,0.5282082366186515,0.6733529577853717,0.7052057359627233,0.6438201495664938,0.6942509774560928,0.8820048493513718,0.9005189234482018,0.9889641756807197,0.9129982928725756,0.8646411470446417,0.7961066329487807,0.7679073916476373,0.26929865960182386,0.19704116573265787,0.28650045271140134,0.1378084398285495,0.1757195379921971,0.05808528787899277,0.05038188647635603,0.03533056195502859,0.055878477644116735,0.031176132973833814,0.0066824178667611416,0.0010552250572715461,0.000866583305154896,0.00061775111016395,0.004561899620897054,0.0007342229652931365,0.0006913779848729735,0.00111616813229449,0.0014722529195426786,0.002031595522543797,0.0005720041990143813,0.0035771089740129717,0.001512984988956689,0.0021852668177642777,0.0019001487307279488,0.0009233013501771618,0.003629165000331234,0.004130378663124283,0.008480361189867329,0.008101777786395693,0.000991046712707473,0.003473830917868997,0.006499524304696051,0.0027059272573427824,0.004790944184874698,0.02057298722126131,0.01596124578674328,0.014179818020256073,0.004635913723655345,0.00355304492737173,0.0028427238581241253,0.00019908906704934018,0.00015293076873682768,0.00010163430659926413,4.071491442209878e-05,3.081584528378245e-05,3.1891052165851053e-06,1.4555065502665477e-05,1.7941723619425217e-05,4.836545224689465e-06,2.1440995118752463e-06,1.9031662868461348e-07,1.202850967134093e-06,3.127381766845154e-08,6.294388084091913e-08,5.57895260548189e-09,6.712971085127676e-09,5.781482577182838e-09,1.899992462971433e-08,1.9526736783794757e-07,2.928134249641663e-06,2.4129519140719286e-06,5.879813063723835e-05,0.00010625856856593507,6.280607639545002e-05,5.283892686944162e-05,9.52835571720399e-05,6.230753976668199e-05,3.121874233687489e-05,0.00013654053485965528,0.0010105906437161182,0.0004140472189548794,0.0008526231724620419,0.003270592000542606,0.01408179872749115,0.02492606625608046,0.02160340170777621,0.0295758923149563,0.027949606527747795,0.02847758395620662,0.035824178342077725,0.09559160860401913,0.06071709608389942,0.19322215931549575,0.11545518905214709,0.15952900881344295,0.1307931397890539,0.23193587521313233,0.35599512777249803,0.3835313133638189,0.39300743433566715,0.26601223867010093,0.15743586635504664,0.18359320184067393,0.07334578074755678,0.08570713274000731,0.028810913683112997,0.01568018014153868,0.02830980745601745,0.026998657193766384,0.04227111541504947,0.05762283338154744,0.07026002647938927,0.04919565201700732,0.037726459875020824,0.026912648851279586,0.027567778106475132,0.04195398420602255,0.02241811776046716,0.011586115233813563,0.009945973781811005,0.010446731625977607,0.003208260075374454,0.0058220200390045615,0.005798689996861114,0.01145594779543151,0.04246052810713385,0.018555736178148704,0.06211523602738672,0.09172817407143143,0.14180903651705548,0.22510052586351198,0.10905341526996659,0.19505335817441877,0.3307018472595259,0.2154751020411293,0.12769168690139127,0.29754618285478135,0.1672137511063081,0.16627060904994084,0.23774566075179712,0.2880436839267539,0.35224920520445163,0.24026529606238828,0.08086288717717725,0.044417068507133055,0.05730917344513087,0.0563224809880945,0.009154546284494726,0.005131101569830316,0.010631193632849253,0.009778586337335955,0.008371560042132922,0.015583439698213701,0.04412289333773645,0.04384239176532657,0.06023194165042885,0.05954403604179241,0.041754585254186155,0.05604863013518125,0.05229247674239654,0.03926184646232851,0.05546786118925546,0.014213532968027548,0.013737193044008248,0.06323976799810259,0.10992885435106689,0.3343068793443091,0.21864913094022712,0.27596049579235316,0.2746178119541132,0.22781425832448962,0.3588139281342991,0.2735974127682613,0.22303484088112688,0.25294906502292497,0.11954052499795398,0.08035146696842274,0.1588981404820072,0.15152824225109945,0.3050183998609353,0.45204004233837236,0.8971632578944386,0.9768105492261241,0.49597299482156465,0.2296119849500905,0.23475769643571828,0.08774426479309515,0.03705226672679147,0.02021902498676944,0.028816733249747283,0.0012991096595753164,0.001335946798052961,0.00016371267105791978,3.5904302513083005e-05,6.053605663963661e-06,2.8971776307236e-07,4.463399780816004e-08,3.2198852162297806e-10,1.1863892837774125e-12,3.160819785103901e-14,3.581843538362355e-15,5.9747255072150006e-18,1.0714424851915316e-18,2.7978970206347443e-23,2.256746608992095e-28,1.2723734287402466e-34,2.1074933602630727e-44,1.0580291321704189e-50,2.799415393765742e-62,3.030119957073662e-76,4.6678226495528694e-102,1.628649889539737e-136,0.0,2.1748876269251058e-132,3.890649112914568e-99,5.741110920842819e-73,4.6581968750517257e-54,2.3698350566483806e-47,2.0509871376918835e-41,7.327017052933874e-35,8.589771509500608e-27,2.398023507077839e-22,2.1155236278439877e-20,1.2479354238441507e-16,1.536875865477509e-13,2.15690293532135e-10,1.390765863693265e-09,8.524259903962659e-10,2.4538862786275494e-08,4.0787741815347514e-07,2.6058737939922983e-06,3.075775558229098e-05,1.751585139718045e-05,3.9701598499265235e-05,0.0007611746846436227,0.0014250772022397485,0.005530139687711908,0.007825754761019137,0.021648733763381604,0.03288555052377102,0.020513883640475124,0.1625533422041917,0.12269807252717303,0.34932926759672367,0.690199585805089,0.6517720506711862,0.543038623845744,0.6727189604560947,0.7464792561228101,0.5165097105268902,0.5751310178162014,0.48073616135525127,0.4794581452552687,0.6693642550913692,0.2497014203435049,0.3279666162084664,0.26851353778306813,0.652940916151819,0.5885860420857926,0.40895861654836313,0.9880032654549206,0.9181046380446805,0.914561888337913,0.5715171905971907,0.44728838617081784,0.38212063582340633,0.33191236090309983,0.22874071807404342,0.28524106237936026,0.10237849894310344,0.09155760591861876,0.09268277311647667,0.05078271643941669,0.10803623384442095,0.03087105527242736,0.22213774912594084,0.342650007242306,0.4968898806223664,0.42786276586703964,0.47386346724183154,0.6406402623965041,0.6196621917525035,0.753758299222725,0.8334852886413477,0.8980055128779117,0.7290135138020508
12.699999999999918,0.6275435384529591,0.92091755471162,0.9736728880482673,0.6935701399360977,0.5511451713731073,0.4142912668116886,0.3742810234668462,0.3730960116395197,0.4432105105873503,0.7436637120763455,0.8271551342040495,0.8702453758370917,0.964520813247613,0.9926824396771167,0.8991473707452527,0.8587314773121307,0.67903418932419,0.6265086832387721,0.49270387750465783,0.3939054626740356,0.50278071877889,0.5746080310168163,0.7065696661822308,0.6506529205604986,0.39998019145007646,0.4681668657878281,0.2739607508983885,0.32648326994730725,0.11018930218814353,0.10464451329311451,0.06333183801342093,0.08595078302929159,0.06269738471031785,0.009737488867186745,0.0018071167399640712,0.0010910627533828562,0.0004051030265558822,0.0035178671144884704,0.00042073060805477815,0.00035135410849847974,0.0007183562750352908,0.0011871496504600467,0.0011184767363642135,0.00028457529399909034,0.0019934515948589796,0.0008749739617957495,0.0006889120090480661,0.0006035294558390316,0.00028604105379016417,0.0011360607348499486,0.0020129476534976576,0.0035971741664037296,0.003961961244749236,0.00030460654929881446,0.0014261620629365185,0.002553732432348242,0.0005165824428644706,0.0007906909568589985,0.0062938314222412564,0.00442839127625409,0.007010393403019437,0.0020435397320388965,0.001803651807462355,0.002689558642420874,0.0001671968858674268,9.135253452673177e-05,7.294763342345802e-05,3.5090417478345714e-05,3.960733065278094e-05,2.899810244854214e-06,1.50731598195335e-05,1.8768563213253857e-05,3.041617421088134e-06,1.578898247259304e-06,6.60056199965699e-08,1.3143526825879104e-07,7.4456815552233895e-09,2.1373635258916918e-08,1.1319347382562082e-09,6.781818986935076e-10,1.963024536148887e-09,3.065055158245954e-09,4.1508340950070633e-08,4.942001828898494e-07,4.367455729338325e-07,1.4998745715727837e-05,5.269533392787869e-05,2.0998205763860128e-05,2.0487911953539396e-05,3.793682521180702e-05,3.1718210576558154e-05,1.830144769600121e-05,0.00010023714707531113,0.0006351950633464301,0.0003168742194924111,0.000704719586020663,0.0030567051149431703,0.012590915651378737,0.023378029337251006,0.019418776800435265,0.024020779968500206,0.01915406137579689,0.02276134060551489,0.031026793255856357,0.08862907135500357,0.06058732042052669,0.1611611300671437,0.09793693779136683,0.13294721373240634,0.09953232842213056,0.1662497878512348,0.24213859276279995,0.2672845552327929,0.2781111531205112,0.24305513239937657,0.13382254499103213,0.1718997045855419,0.07330281591218482,0.08576880853941463,0.033413863089985896,0.019171376284569195,0.03135631174413102,0.03453978406553416,0.03965832088537362,0.049303694382639505,0.061443824274459144,0.038374402794526426,0.02600879272037161,0.015023676137064767,0.01698391682123755,0.038058323862462246,0.017418924561694523,0.006653040125144077,0.007114619470584401,0.011914454967058575,0.0033168376530278926,0.008506948384223756,0.01140936594933658,0.01728580334235924,0.05332396145514179,0.02207603985890285,0.06192882991651621,0.07180834321295267,0.08339840863185784,0.15460506982587022,0.07466492862713058,0.15192132032913538,0.30836417279558664,0.21035664148752756,0.15190688338670993,0.3406966971169842,0.20176978289901762,0.24808033039516145,0.33248936205656354,0.43213138934728795,0.5188929391948726,0.3893657460520017,0.13698022802917414,0.05985468482714354,0.07582310756134854,0.08416244093957924,0.024803860814184658,0.011364799162135446,0.020517404524591453,0.019788717404696777,0.02346815897890151,0.03298599840777495,0.0852178607119023,0.09295072162763689,0.11469791834842279,0.09536322907308348,0.06637752122678045,0.06486139128623102,0.055472028826247945,0.05597391003210547,0.0743329166546476,0.01979911582546531,0.024029159283703642,0.09753797903664592,0.15898231916239988,0.4218555189541546,0.3192602734158406,0.3875324307028137,0.3376515226060579,0.32220554577385363,0.5570305912493562,0.5040170536129545,0.3217573163067347,0.28565952716800647,0.12047267791151119,0.06660369795861341,0.12363128357385259,0.1000947994432789,0.20310377438184196,0.2857172742875592,0.5680635470772969,0.6597771262002141,0.8511100630354279,0.48009144418030203,0.4911022481361916,0.15598959445506858,0.09273472738000399,0.0734684117229872,0.09630754838381175,0.008304822986848124,0.010804745648954051,0.0028519514778118987,0.0006891533201431745,0.0001530107164903333,1.302638831857035e-05,2.62332121609142e-06,2.6990002982486753e-08,2.8468245189261757e-10,1.311542205006532e-11,1.1217982127069158e-12,5.802857625437383e-15,8.990282176458754e-16,1.22917732266458e-19,6.460027614142214e-23,4.657905688193653e-28,4.404535775922035e-36,7.654147918918774e-41,1.5732908061233884e-49,4.0484554216266104e-57,2.766463037117598e-75,1.3795119202267367e-96,2.1748876269251058e-132,0.0,4.357541099365204e-142,7.627115465148642e-100,5.3812787909196905e-73,1.9284499209318892e-60,1.0695471583302187e-50,2.8167694280365063e-42,4.2883384256338e-34,1.3323539330248356e-28,6.840729274308759e-26,9.138463960871333e-21,5.942727754930261e-17,1.328034491566208e-12,2.3324030892609206e-11,3.762797209337388e-11,1.860727331751765e-09,3.167456470465797e-08,2.5388996635238994e-07,5.696338373562227e-06,6.180538128878816e-06,1.807613868595723e-05,0.0004148021138426198,0.0006440118117289568,0.0023269021561931652,0.002968049736431184,0.011748292411629368,0.015577759196308221,0.01004585818560476,0.09475580490612853,0.08621780607885877,0.27732175596291736,0.734729323403073,0.6988956866355726,0.5805743832046026,0.7790037589817022,0.9954616136932999,0.7955288610256341,0.8174568186484131,0.7786221064772754,0.8408407458438414,0.9153678975698645,0.49652599701625955,0.6320265238408938,0.5665330246563867,0.842464119651296,0.710647686616001,0.42700369974941355,0.9225619777083559,0.784989842603557,0.8023902727812295,0.4798576435644873,0.4254738611361453,0.40507854196668636,0.30835119875637973,0.19399130038845772,0.19078988951684508,0.06708256263818888,0.06549141067296868,0.06107083909820413,0.04327920048037355,0.09326824047781314,0.026661329123532744,0.18266500454050089,0.30231083019309324,0.5059699642463353,0.4716597848222362,0.5466897328671025,0.6440551363938516,0.5981525637754539,0.7140455813250091,0.8600388421554798,0.9048871221347138,0.7834215245421683
12.799999999999919,0.6411429188589173,0.9346990398965827,0.8030538275043876,0.8149103612579875,0.6326041311118834,0.42286483557502175,0.3834070364887162,0.37021927266536236,0.4705229055111484,0.6541846418319661,0.7328902341794743,0.757823871709381,0.7861458133256872,0.8913607301763311,0.9953967441647579,0.9990953990909496,0.728674044368485,0.7010748877253231,0.4572854255133116,0.40416867582037597,0.45353230998750943,0.6351462366763109,0.7327124190255586,0.8102191340538657,0.5496043470189003,0.7441378451260576,0.411401743932888,0.4931102543945876,0.18099481715765034,0.13314727766616072,0.10359312393413264,0.10559484473229667,0.06776395100878456,0.010719298893559683,0.0025816642840735243,0.0013698109575921852,0.0004770492093333848,0.005643989488018982,0.0012762422434982922,0.0012202920768493767,0.003379447337030392,0.007682112999410331,0.008120797633315262,0.0023910645963478396,0.007399945120786869,0.003420059157351047,0.0021582383359147602,0.0031110228695241946,0.0011899747145149352,0.0025020292195195803,0.005650076088608942,0.008241439103081654,0.011687761947787232,0.0009454285455441016,0.0035484266937516502,0.010060733440135281,0.0027907016251262173,0.002774036473989747,0.017961074131242497,0.01565899134060913,0.022231917642320576,0.005331883223913954,0.004466089997160564,0.008357448024567091,0.0005893177937661072,0.00030454492285886676,0.0002138755894778317,0.0001718976236677983,0.00023169968941565096,8.659865264216648e-06,4.2150367494557864e-05,5.507655509900404e-05,9.559729598832802e-06,6.190996511580094e-06,2.624460392373925e-07,2.6578887828674284e-07,8.503620956163862e-09,2.1360718353874908e-08,1.1130491946532689e-09,7.980513621187911e-10,3.1864536916454326e-09,7.383509618651778e-09,4.393327970061614e-08,2.9283835900696425e-07,5.161091991843164e-07,5.213614909456373e-06,1.2583346460451675e-05,3.2006649634692e-06,5.261112578890791e-06,6.0515412228300154e-06,7.223223528997818e-06,4.572284411088335e-06,3.615050127925463e-05,0.00044400512741841434,0.0001943498685461806,0.0004792554499605654,0.0013564951982375857,0.0056103930722285825,0.01287791960730399,0.012588978708372195,0.014310834131870682,0.0131157940581221,0.016610775379169492,0.02492722617816639,0.05775447342555225,0.02049196303728228,0.07189011200285403,0.04208130842552638,0.13250799147991715,0.039410939480084256,0.052806996331594726,0.114784752338259,0.1339320497377,0.16019001197143895,0.1433548191328401,0.060720493103301965,0.08159879450150855,0.050334514023239754,0.059197045887776925,0.02178052465570447,0.015458024683787151,0.02586586389543727,0.030019517810040048,0.034394142752871455,0.050047225789746165,0.05622075021878526,0.03269945745928127,0.018881026961911754,0.010369732025414528,0.010712755665663131,0.027603520844444,0.01445717222598959,0.005049658220693327,0.00966236790027983,0.01987329946235249,0.010260219050049871,0.022491591419636726,0.03633538916545661,0.06274337306033337,0.13989790120856876,0.07591761885349509,0.1548332103030332,0.11819964466142244,0.13108479345087595,0.15042239817737085,0.07045348766062563,0.12377599340050038,0.23124012676893796,0.14538511495921297,0.08797024141427959,0.16844130559490675,0.0658336387370752,0.09555735063010812,0.1472730048933536,0.2013806256978746,0.24652368285904325,0.21247942842093753,0.07424573616032762,0.0385432885991426,0.04494884491212482,0.046388381669647656,0.017813582662859886,0.010265690433329875,0.019873669079332048,0.015502894566598936,0.018845667240783116,0.02379560176049388,0.06035436846849775,0.06671348292608155,0.08884097287262738,0.06646303875760226,0.058474786533079005,0.05483239788259339,0.051832472743664995,0.07092541536561997,0.0899648225122208,0.029223820680234013,0.040406917144894576,0.11166179729324675,0.18452620970236597,0.4523489705231796,0.29601779099182535,0.3454556978286441,0.33103097319390423,0.411430929373775,0.6425168548785983,0.6517955614459305,0.2773710080461065,0.3854082295907818,0.17947658991967533,0.10370809743305112,0.15935098390365357,0.1422464986154632,0.30150725538628326,0.46839506757149935,0.8376383720286341,0.9414036173598869,0.5137809760307801,0.2738487823062959,0.27893429447701185,0.07241814664952188,0.052283696720572086,0.04191627711825474,0.07063160105562502,0.006159460621409823,0.009054857183380791,0.003227845271877731,0.0010096020557392163,0.00023070641895051153,1.9612496465708616e-05,3.707027015351477e-06,2.881444035982877e-08,5.948041821887885e-10,3.61902952148407e-11,1.310415649727047e-12,5.68573509743856e-15,9.546863460682908e-16,1.90578990902879e-19,2.1094304667122836e-22,2.4614738359463314e-27,1.0198462142644913e-34,1.3764013274970397e-39,3.070525964151738e-46,5.1204213138655146e-52,1.1239580051553583e-63,7.159653739826891e-80,3.890649112914568e-99,4.357541099365204e-142,0.0,2.0422477833470365e-134,2.540901077137346e-92,6.8898535267251625e-74,1.3254482038669928e-61,4.448970958257669e-50,1.1024559337086242e-40,4.706126115091962e-34,4.251422335106578e-31,4.596943739756322e-25,8.003059962763328e-20,8.600866862314169e-15,8.960722795595591e-13,6.7933867720975914e-12,5.537648593061453e-10,3.0275894065343694e-08,1.8595680946889332e-07,4.077979434690157e-06,7.5842878765188035e-06,3.3459468427629604e-05,0.0006414016748556083,0.0013812607150744747,0.0052948866855206545,0.0072429814023174995,0.030675676365949586,0.05265139647475475,0.055504677612480915,0.24624148335658802,0.2410941885482342,0.5401978100630557,0.869201254808272,0.8698966341668891,0.8306181319926045,0.9995462123991814,0.7710179559713933,0.919054238145089,0.9168822509025291,0.9238431110130673,0.9289241204768502,0.8195711762665987,0.5926064076276427,0.7323377099060455,0.6428414867324527,0.9532121061399715,0.9997305288610124,0.7066238869736385,0.8497995431402109,0.994377888880857,0.9894220876945565,0.6307236048893703,0.5343285678024411,0.5545541687799564,0.4293297617198534,0.3512650000054565,0.3063037143077306,0.159597855310362,0.18953376429488253,0.14628782356504103,0.1074031472876979,0.16159431577304167,0.05919086781009756,0.29570170889865605,0.4562711820844318,0.6780251320120612,0.6729095906862614,0.7305330117976329,0.8060026019108903,0.7050975319001763,0.7760494730583932,0.9517301400283424,0.9857481408718916,0.9055558333568682
12.89999999999992,0.9680892447260288,0.627312401690314,0.5432714026593113,0.9683067485053679,0.9247155847632701,0.6268058212228215,0.6487770242527827,0.7139462934251543,0.7041669786026438,0.9685456410683738,0.9925239804177305,0.9586875441740854,0.9572812478512781,0.8450288844631687,0.6345874432944587,0.6638844990085607,0.4166183837359968,0.34791870665023283,0.1779726778880299,0.12041604439139145,0.13173015885544334,0.29158182764281865,0.43463539379451477,0.7924700423203932,0.8557780797017099,0.921615198518278,0.7375376362022845,0.7958128716421399,0.31252098595077854,0.175529919364145,0.14208349720962693,0.13508522898901157,0.09014331534484202,0.016850615425855423,0.005035242714145001,0.006223812958442944,0.0016676620885787456,0.012812622998005771,0.003972137761962655,0.0017613523367760121,0.0024333865253513107,0.005933670554171222,0.006781530259768991,0.002398542827281231,0.010530686807122153,0.004946558407047512,0.0047751660863205175,0.006748089354611254,0.0015247730512805663,0.006373686413064122,0.014090951132991518,0.019324272297677487,0.02652206066941332,0.00293496782761688,0.007104191823337062,0.02269658123346513,0.005746996000353641,0.0037693576073882266,0.024952968126489526,0.016415155319221483,0.04849404149526031,0.018453424226961286,0.01265839503920958,0.018280106765005504,0.0006376863315886829,0.0003956042981201411,0.00043293412439076147,0.00028670050370201703,0.0005557615877552851,2.152188939015841e-05,9.396479192011334e-05,0.0001530555830055878,2.967803113377201e-05,1.8740822825923276e-05,1.1122160321810633e-06,1.3681963930031832e-06,6.234474734132044e-08,5.234490512101135e-08,8.431547825855132e-09,5.906648876142659e-09,1.6447117135808577e-08,4.4039559998539114e-08,1.686716986017547e-07,1.5514129251020555e-06,1.0740243781616532e-06,4.128796038440018e-06,7.510731058871092e-06,9.262476758686214e-07,1.8556442043727154e-06,2.521973655084232e-06,4.4119771885530415e-06,5.644789839133454e-06,6.17662059594667e-05,0.0005709395907064262,0.0004601186579294216,0.0014559997918055768,0.002326124596392125,0.006668166301511685,0.01281674319108156,0.008273431553367634,0.012443565094869683,0.012813011406851477,0.02213172101606729,0.04236059856431434,0.07900149256647129,0.04418112099080179,0.13504321565871583,0.05935055573943024,0.16590493913171786,0.0487710021533331,0.07424523555844194,0.10529364360826396,0.14221830339045616,0.18393849900207182,0.19445873829965477,0.08306593195465295,0.07967555815666165,0.04646525156259455,0.05190273560321434,0.024539037354841087,0.02023478954930428,0.023005027068396966,0.030557449999201902,0.0346266723875411,0.05387679935168222,0.049203369037658366,0.024834834831853534,0.015269427527907489,0.008539588619358775,0.008919556622840509,0.027063488695223965,0.01327494784967245,0.002970607165467977,0.003215403318687607,0.008130166701139791,0.00571203270342586,0.013794495300975054,0.03369875909010573,0.06205900124771833,0.1541578591560682,0.07397905694897164,0.13359042508839658,0.10884708516488412,0.0842154824290061,0.12770118959578633,0.05660784537633853,0.12191565274585557,0.2606158360616115,0.14571451873398283,0.11182281525776912,0.2353377079089192,0.12810106352465028,0.16605790309899057,0.23481108025799666,0.30719454332191265,0.3993718598498003,0.37567754748735005,0.1574025068515232,0.11119659950153563,0.12188387585401513,0.1041585603912168,0.046782401959459693,0.026990010181505496,0.05744510450248945,0.034604924268511486,0.028274438032338776,0.028283046706594223,0.04776763533456646,0.07264547735554681,0.10481098352777142,0.07381689375535586,0.07401023267387911,0.06558260798322114,0.0814405305576212,0.1360428211287254,0.13351542624480045,0.052444976217218456,0.06808052324007512,0.1495506468447568,0.17343777779810313,0.40115047023062966,0.2235000713622222,0.219196855827839,0.18859392538169298,0.24633821825292118,0.4174988286184103,0.4179468090580655,0.12094544373859169,0.1977760658453294,0.07336294709525142,0.03408709500456499,0.05652563466408749,0.059926400014934704,0.15245506516830074,0.2822316883622419,0.6288533273031894,0.7645735617393731,0.8381402561782418,0.5231920634761745,0.5728060164452876,0.19244266338073523,0.19644689473120167,0.17673647296747708,0.2961357079581543,0.06412192800033333,0.08524146802384866,0.05576186294010906,0.030694934089856872,0.008197419888011623,0.0017439833578953314,0.0008815257423064979,3.077854851207939e-05,2.378611075029257e-06,3.6594860222421807e-07,3.861575016411709e-08,5.195196714960284e-10,1.597521983312124e-10,1.3002767669463097e-13,1.401889375587008e-15,5.467087364837008e-19,5.010562627943855e-25,1.5267392653367904e-28,1.1764687995366893e-33,2.5009918669396865e-38,1.2625006282206396e-49,1.0080390683361034e-61,5.741110920842819e-73,7.627115465148642e-100,2.0422477833470365e-134,0.0,3.9024244528537456e-132,3.955133857910981e-100,2.6954090551451855e-77,1.7486160129526699e-62,6.520326566853437e-50,1.4815758880769534e-40,2.631573772385728e-35,1.6852522553075137e-28,1.734916826401983e-21,3.353264884868972e-16,1.2919424746385923e-13,3.957608506588333e-12,1.292152630269801e-10,8.267018726472976e-09,1.7743115892824248e-07,5.35804484618986e-06,1.1379281918281172e-05,7.631091915610528e-05,0.0016845706312769925,0.004012421473829455,0.008175509914552587,0.008446772561943695,0.03500209262415943,0.0723121954967974,0.09168028118271923,0.3223599996971885,0.36066608276187007,0.6506446669414324,0.8392864397177868,0.784587984356464,0.6971379948515809,0.9089376325092124,0.83140472861497,0.9979250971145096,0.8117207824936216,0.8619469043356777,0.8854705869123831,0.7665791863753084,0.6193541782322501,0.7490211398842221,0.6793056178571817,0.9904660263315983,0.925945673891414,0.6688834650133586,0.8877809939737277,0.8950065807553997,0.9040112293383352,0.5187374449680363,0.45971213953974427,0.4641176060292266,0.3179093986138181,0.29276925996229786,0.20843232302349635,0.09704858240052691,0.1352053991221956,0.12340120517787434,0.10026976566124968,0.1497265912844951,0.060875417517798104,0.2921435193786969,0.4128938920561681,0.5807658437870341,0.6382684181301701,0.6851624559052497,0.7287664226921876,0.5049239783073868,0.6013004503426057,0.772041377551202,0.8474744709771401,0.7849632845640756
12.999999999999918,0.6235209959482167,0.3200624032379678,0.31922819262543906,0.8054097879998025,0.8109757445174435,0.8978429817749564,0.9068504822303856,0.9630993214950662,0.8568755169619423,0.9338166660711198,0.8911898485559939,0.8909976572088513,0.9513194527883605,0.7517066631472498,0.49360757715474396,0.44146264961697257,0.24664838081333193,0.251514418762135,0.1171617685488415,0.09870164818032859,0.10685222913958654,0.3044971860815355,0.567720984383803,0.9672650752576892,0.6902153740621791,0.8317326625978263,0.5061615731752351,0.6247055909650769,0.18888882210672647,0.07790215948120584,0.05784152696678014,0.05054251507021187,0.029001544327975512,0.0028613741939393514,0.0009889605330691419,0.0008902553180012313,0.00038401623178388884,0.004048847944839925,0.001269093904257822,0.0006783590031287983,0.0008482063315164645,0.00509893065255931,0.008514346249593902,0.0039487010467723705,0.015318223080209404,0.007342321175153992,0.006587012733040746,0.007890245485672574,0.001070730811757305,0.004064336783883352,0.007393746726754873,0.013460811862189075,0.02040023166657215,0.0023685776211430217,0.006428677646661554,0.021194119541155885,0.005646949967082228,0.0027655268986848274,0.014443669205414005,0.013184166090231658,0.04907282686120616,0.02241190500863785,0.017860240538619912,0.025115236185386167,0.0014774780027257061,0.0014863061778867264,0.001764886054928576,0.001310124323988722,0.004561268925088565,0.0001897670499158155,0.0006112582522625321,0.000904416667853654,0.00018276305286457853,0.00014454867045973952,2.0998977760665667e-05,2.4338183618202647e-05,1.1674077105575019e-06,4.125704956289105e-07,6.617880761204853e-08,5.409846042663152e-08,2.1933473335951796e-07,3.3795771566423266e-07,1.038427053145594e-06,5.228578489077386e-06,4.505000242910217e-06,1.1241867576867375e-05,2.249017571935864e-05,1.988374604615492e-06,3.384446893362994e-06,5.956319643795689e-06,1.5979930427653e-05,1.9979151160265565e-05,9.45456258300553e-05,0.0008600858136807741,0.0008033249865069909,0.001898700666575213,0.004075872758480704,0.006652359648046354,0.012264672395034494,0.006741501647237974,0.00613200034860395,0.008330474198392094,0.013183122393590561,0.03598427726545658,0.053557134976039096,0.0372608959910123,0.07249290691214741,0.029813354213309145,0.0852743958030991,0.015989187049927196,0.019828566883879926,0.03505253522205406,0.04581970065385331,0.06747770850134588,0.08458632647700069,0.03241856295406508,0.028900564097908213,0.012865366285530793,0.012661053380127399,0.007918238531077636,0.008186104735288352,0.009688207008081788,0.013160559230070114,0.014486593955569477,0.02339382646950639,0.013336019161202015,0.00901452044135549,0.0068131641567064525,0.004346293241724855,0.004760354765890204,0.022912985376020434,0.015747599826260412,0.0031322187728359575,0.002481126370855107,0.006958582196731019,0.004741875763156674,0.015221890173047826,0.053048584188053985,0.09417305926660206,0.19241311469080527,0.08593610859986368,0.15525954306431414,0.1529765828891354,0.11830262276191529,0.16465936807219278,0.07223698709555007,0.1547811410078626,0.30522912282307463,0.1669808737327427,0.13164005966272682,0.3454515051351742,0.19559898332408934,0.24283417477584182,0.3236854499578204,0.45955548435953286,0.7183164016623832,0.5835011697901517,0.288477621899897,0.24364462910895412,0.241519501681227,0.20315838166864048,0.09867685271182165,0.0646441855695512,0.11774370612248711,0.09232229874334032,0.07493785497061237,0.08511361064169462,0.13210655249537281,0.17254028275918973,0.23685347124293712,0.18946143572196725,0.20864191648561747,0.198742775100002,0.22568859228512875,0.26124547241339996,0.26375602278014365,0.11945483028484453,0.14981848813290743,0.27772579299799793,0.3032032662825762,0.5298360807885462,0.31075384757131125,0.29181653374403776,0.24559686934884004,0.284747686963246,0.4862109586400624,0.46161000498098226,0.10083107415652456,0.16458899017378514,0.05282247434621684,0.026035832058253668,0.0458039534840667,0.05023140106150562,0.10967313340720158,0.19418508116882507,0.39032374976526213,0.47107554574613947,0.8373333660832686,0.8173356412436454,0.7847011206070708,0.34775280170617523,0.42613023077128626,0.47571470372980357,0.6339010214972834,0.21593967889974425,0.2412011983404674,0.175975296818677,0.10446641060636218,0.03308687174100372,0.008553838640770825,0.003984884956149076,0.0002542587260154153,5.3783041545140995e-05,1.2179379068293409e-05,4.07845990534484e-06,1.3446397995462644e-07,4.919028705001042e-08,2.1536752909119593e-10,5.221970279202495e-12,5.380096506451937e-15,1.883538874553483e-19,1.9286314615916523e-22,2.1338235951564e-26,8.766950935210566e-30,3.0932192496508955e-37,1.0820304018436766e-47,4.6581968750517257e-54,5.3812787909196905e-73,2.540901077137346e-92,3.9024244528537456e-132,0.0,1.668578744303642e-140,1.2863161343810377e-99,6.030051281090901e-77,3.212736812402264e-60,6.355578377691104e-50,4.4026407876403804e-43,8.61939985499492e-36,1.0369892462154951e-26,8.623287753760575e-20,2.72596877823727e-16,1.7251828734544687e-14,6.301496310022775e-13,1.27536565379127e-10,2.502882643257574e-09,8.494854501837148e-08,2.008093259808122e-07,3.958569407161062e-06,0.00023357651764357228,0.0012307356403262533,0.0037367333367484424,0.00330930661343782,0.020664588121193924,0.057855537993662214,0.04879105345959441,0.22626853286956342,0.2731811481642604,0.490477837162893,0.9703352843648723,0.5959169899543573,0.5396801845020908,0.741043852638425,0.8968652754910079,0.9783082029922971,0.8269213938754469,0.9295012761000213,0.7487209563761852,0.6246279322088136,0.7597318931465019,0.9331195912473699,0.965849279757893,0.8017010880519087,0.8351316170150155,0.8861598205361543,0.6805641632603251,0.9327308000421943,0.966096139895274,0.5726855376141702,0.5318122481292873,0.5513027672309152,0.37527076177111035,0.3396271553532111,0.2175661619605733,0.12064932406527465,0.1595956474707414,0.1507680423556927,0.13790103028573086,0.15227629645502527,0.056574371945914095,0.26094818943841824,0.32221065483737565,0.4282745733005764,0.4941195783134059,0.5833618342471635,0.5850555908569357,0.3049690986088635,0.3864024200395168,0.5483676716454219,0.6085101364127395,0.6224995408872073
13.099999999999916,0.7227324108560746,0.3442143445568054,0.347816720472263,0.9677927179518151,0.9107568469338407,0.79357291128969,0.8443412324552574,0.8897967131589383,0.6323189871935949,0.9786644220028242,0.9799330123753136,0.9551521105047281,0.8824694689942361,0.8615260405935123,0.7373195313759808,0.6702826778331733,0.4362425265067769,0.40020250587495876,0.23037304961084362,0.2530536739406369,0.2298225102252119,0.48615607258775423,0.7502628538749989,0.7755699798750638,0.483737810106004,0.6035967364577217,0.3183316482389698,0.43070523217647544,0.09123750272879316,0.03233243702914285,0.03210390091435143,0.026777520590950545,0.013845335074464395,0.00179172153859379,0.0004937859683405117,0.0005554475954420716,0.00025305568161437315,0.004358852108702179,0.001069288388324642,0.0007463760405871815,0.0012562975184265289,0.007994963742724352,0.019008578646462528,0.006268479781308655,0.028395607001277134,0.014133249704322915,0.015204988635286699,0.015238380943039316,0.0017306318467623378,0.0042355695224484775,0.006547943928677396,0.013234108178909024,0.016610475119301946,0.001884285516291791,0.003809920735772786,0.016653644230024085,0.0046329869919978,0.0020485505888937347,0.008409025064580975,0.008643518248999104,0.03381236586978872,0.008886896720825427,0.007792670798457438,0.00868267156849958,0.0003524498823159199,0.0006139492581483087,0.0007037348902001213,0.0005146035729062865,0.0028424929952121395,0.00014595782049145822,0.0007697139355010793,0.0009260513147134358,0.0001625283888097247,0.0001575984498731054,2.9740871892085734e-05,2.911301493472935e-05,3.2087506626321225e-06,1.1219798028583673e-06,3.010774195188374e-07,1.7626851970364536e-07,5.568228755089993e-07,1.8108041977920643e-06,5.7335513449082795e-06,1.824124845583916e-05,1.8973757592578304e-05,4.2463228196227054e-05,8.165429519006263e-05,4.4991133888168215e-06,9.19330866832163e-06,8.366629293873095e-06,1.9648682002037434e-05,1.239527948343536e-05,5.904825683790397e-05,0.00034305025794912497,0.0002584531147742001,0.0010972299122721616,0.0020451893370555503,0.005413844393435563,0.009967509727922345,0.007471211604425292,0.005857989127831631,0.006376744709208995,0.006550349033481215,0.020490733221046952,0.04433449090722992,0.02822694983951551,0.0776240180817947,0.02959152693997709,0.07623004826283526,0.017392675892998456,0.01696113177454498,0.025833358725675132,0.03349859550194495,0.055610501923267205,0.0784518866539666,0.02512300889082208,0.037414838169111904,0.022756487696873273,0.01712459957642082,0.012011403749735616,0.017053445505079826,0.016170492873207494,0.02595554706931562,0.023672310736976013,0.041879488796269626,0.02742146546415912,0.015845358645898863,0.014805599742538615,0.009581463654526065,0.012003618020796811,0.036455971666183,0.02561266526043366,0.0075088604599587196,0.0062611022518129795,0.01551641959889744,0.011294254248940106,0.035364363477839125,0.10960499679862273,0.16841208700640115,0.36737753042079696,0.22380744235359704,0.2929017987851248,0.31490209111811507,0.16922603247764847,0.2439927489091856,0.10316335949871915,0.2262157584977687,0.44032746261424743,0.22336674940555887,0.1941109482065373,0.5303955501447224,0.3331951309300321,0.40592678388786274,0.4031127047613002,0.5805319288149587,0.8481476901490367,0.6049060713370311,0.29890390553839696,0.23188822738242768,0.2454924802776516,0.17456215897583233,0.10673675442182573,0.06633321855300525,0.09242015420725688,0.07910481272470934,0.06351441037155843,0.10068594115112373,0.16164082564548576,0.1924705621508874,0.29147872008308706,0.212322085024129,0.25877167390865885,0.24886857991381708,0.3034623096231003,0.31613985447086396,0.30119306580333327,0.1999335207076708,0.2415888112022563,0.4507315621981744,0.4378886138968265,0.631935586792389,0.3816402507368879,0.3172552701217332,0.27330396257964523,0.30908003262749484,0.48697269722491765,0.40918036175179406,0.08978762194859502,0.1562891377333024,0.03359951705673616,0.012572375389033287,0.03170842459661207,0.029868869222747365,0.08601685628976456,0.15123232640510914,0.37170757174746866,0.4409304198396326,0.7588961737742151,0.933982950132403,0.8226624722173315,0.35860106924330043,0.5722352600878823,0.6759351450940401,0.8219549567541764,0.28738197957305595,0.25443912466465973,0.2636851883683489,0.15074672089043448,0.05248959320251616,0.0139756603586279,0.003856559907499996,0.00021291878846559632,8.257455882321287e-05,2.7756374065076016e-05,1.0925864752037977e-05,5.923544023415803e-07,1.0304864898944746e-07,7.028605881672626e-10,2.727429086189226e-11,2.436932275498671e-14,1.6795033340828313e-18,6.175894296658296e-21,4.8130164050161295e-24,3.353087880368036e-27,2.146856454343382e-33,1.8413847111242828e-41,2.3698350566483806e-47,1.9284499209318892e-60,6.8898535267251625e-74,3.955133857910981e-100,1.668578744303642e-140,0.0,2.3482221811356668e-137,1.7239596556845137e-95,6.223857134643865e-74,9.958759196294445e-59,5.560328359860784e-49,3.352491580473603e-40,2.032935491794687e-29,1.7185470340453164e-22,1.157076785830518e-18,2.82562263507913e-16,7.404544965083623e-14,8.058186245432022e-11,1.528146192684215e-09,6.96395476741755e-08,2.68803390596567e-07,7.973849283466581e-06,0.0003942075301621626,0.002421893809299424,0.007861741033990732,0.0073189683077446895,0.03519589777430684,0.1265471061141037,0.09465150504823233,0.36530429496726946,0.473521326006073,0.7385454441387701,0.7326938771459895,0.8334698149993878,0.7322396786081242,0.9706320037545761,0.6843081724608997,0.8051690916377938,0.9735267001150119,0.8735193804895136,0.7087969014953689,0.6344285089181163,0.7591316429888948,0.9674227362484807,0.9696924782198976,0.8550460897683287,0.9220259258956172,0.8104869152104341,0.788481550053273,0.8990523825864707,0.9203821565026202,0.5027508008898921,0.41105441651253516,0.3522963256841928,0.23835899839320449,0.17529066642464028,0.10943866026013256,0.06134286369223237,0.07373209124302292,0.07587675848524546,0.08992135896464748,0.13235639169146768,0.06209789111620274,0.2728488939003791,0.31647283184933045,0.4009699451985131,0.42003220293747456,0.5158290718044102,0.49178713655137163,0.23801651719838454,0.38619764855453076,0.5332401550286371,0.5869748055527559,0.608924953434319
13.199999999999918,0.702021738355455,0.4730203091247614,0.5017897007899018,0.7614337013157716,0.9066483995490785,0.7812531627778894,0.613013198960801,0.597798733979365,0.47007087034558476,0.7060207035733572,0.8372626618439508,0.8647192811923209,0.6912698485663635,0.73398378489487,0.9367513159309347,0.8742967923656901,0.6126293580322655,0.6027466205640994,0.3939210035784765,0.44499326440175935,0.484720552444934,0.7829126200496669,0.9652959274136489,0.6580351235468793,0.3382342933518904,0.5123060848609748,0.24433748692768983,0.3694565657564129,0.1091541888841734,0.04070927029958929,0.026567615972284155,0.03211422628788531,0.028000480496964443,0.006955250682265422,0.003369078735349302,0.0020680647038248397,0.0014592534794872058,0.017228081231381875,0.004319699040433356,0.003136349823238971,0.0035292065085533912,0.03326376593442319,0.05888742366667275,0.027021964939036434,0.06760384473903598,0.03733227165166886,0.035847816076596276,0.04718734106976712,0.006740994400182141,0.011778069430125304,0.012802509652411108,0.02884441797327753,0.046925865971627595,0.006961107597690187,0.015370221340396334,0.04266140298606683,0.015439931074572172,0.005489334106460282,0.01131667264289768,0.01419919541289734,0.017331198932036544,0.002597197997069509,0.0021426250684317095,0.009443897900712766,0.0008326180699779664,0.0018353679290700165,0.0012583425964705064,0.0006872362331283887,0.0025776471925925254,0.00014172591493273988,0.0007884334151381078,0.0013376653427817913,0.00025756358066454356,0.0005748877047147966,4.8940114906217254e-05,2.9032071239850315e-05,1.5936320732929793e-05,2.901556628117138e-06,3.9757735467441894e-07,1.3248585938649984e-07,6.971284660225347e-07,6.979796503431286e-07,1.5943624654003027e-06,7.263121230157787e-06,7.344945517985688e-06,3.294304542486452e-05,3.898400824422774e-05,1.5661847603490571e-06,3.13390438739855e-06,4.583292175778343e-06,6.5528839396535535e-06,3.37401197883435e-06,1.3480800441654249e-05,0.00016128428681945378,0.00012758128462496925,0.0005660243866823528,0.0008717255715907652,0.003996718458253217,0.013237583934422145,0.005698270994907242,0.0027680720239425696,0.002892171623803509,0.0016785167460830835,0.005160991104456459,0.010249332437519677,0.008508892213902742,0.03639989738056763,0.020534601350850872,0.07071842643014012,0.01874382709437844,0.019040191975314855,0.03667050705675149,0.036492794766808306,0.07278485095670748,0.05438897215598845,0.03278798086210036,0.030105768263119358,0.014775839776507536,0.01487338303478468,0.01435049554691032,0.02087357154208598,0.01977199822766305,0.021347579181884416,0.027686983782498835,0.048553312932246066,0.028735892752607437,0.02920608136612906,0.025052145774847986,0.02040439172788278,0.02751826993210764,0.06135192595012081,0.05325398740675333,0.02151610617682042,0.02508557586560768,0.0461054952132638,0.03017059857498296,0.12162790846590966,0.27694486031420557,0.43272548120842913,0.8637829887507567,0.5484814213854012,0.7519851376030074,0.72143547105587,0.4230841588982313,0.590590206133341,0.2323379950322536,0.360993621081405,0.6015386998175762,0.36332206544049966,0.36756185166472816,0.8386431538908335,0.7118475387074756,0.8353554938337623,0.8091132270796522,0.984500207914137,0.8568625690381468,0.7463249336901349,0.37528570234021286,0.24245821416506774,0.2291921998393843,0.10259371284162702,0.05039241423415316,0.021933033750254228,0.041297068584448045,0.045363991447080185,0.04581683763172423,0.09356150880539953,0.14230444518986626,0.1455742006134291,0.21114360603504406,0.13990240327413997,0.199016648962642,0.2104256312364599,0.2933646080732809,0.19713671694181142,0.1379069011829957,0.12334279638671297,0.11023279175517695,0.28423626306691924,0.23082045827240122,0.3737750834574514,0.2405155037403896,0.213035516035732,0.19118551807921136,0.2512403546639493,0.41425166927475954,0.35373516487848095,0.08141139609133519,0.09672301528790879,0.017177250517507923,0.003560600084573315,0.010664292371046984,0.008329478390478246,0.029984516453526393,0.055888495492717724,0.2352707916517014,0.33423463993836233,0.6652504673222431,0.9439975116261267,0.8318886086732206,0.4605048978335178,0.657450066681515,0.8065672772070076,0.9688475839166991,0.43156070533295365,0.41395715918575704,0.4164194197021579,0.2687490700541336,0.08660352962410094,0.02393673936328319,0.01210648251602993,0.0014625765604738398,0.00032964539729955165,0.0001416203734940654,5.887437975259723e-05,4.0424356109673115e-06,7.596928671871549e-07,6.2192898665247855e-09,8.678216109308372e-11,7.503294013486011e-14,6.214353657977757e-18,1.2952143778942947e-20,3.3692050716743214e-23,4.5358732352117567e-26,4.152393252104245e-30,4.0004869213035264e-36,2.0509871376918835e-41,1.0695471583302187e-50,1.3254482038669928e-61,2.6954090551451855e-77,1.2863161343810377e-99,2.3482221811356668e-137,0.0,4.464961632572052e-134,4.267890774690249e-94,1.753242126578484e-71,3.018177978537349e-58,1.15533394421126e-46,2.6587937882104827e-34,5.5455620056579e-26,9.145100695048542e-22,1.0434572453526873e-18,2.0330507759841916e-15,8.008222734744962e-12,1.9641921259898138e-10,1.087886569622266e-08,2.722054720026569e-08,1.7905140429636327e-06,0.00020891162882940583,0.0011755333689530613,0.004041443513009474,0.004598727086712613,0.017463793449156655,0.04821696296225093,0.0260086476636723,0.10173786901994647,0.13214805764260143,0.34880532997981334,0.8029427548799407,0.5010012149131851,0.422746321325226,0.6527794748535032,0.9976141579206589,0.9380764635696132,0.7381795205002403,0.7180369572449461,0.8967181744382339,0.970797966149967,0.5649618000295216,0.7548935519048379,0.7930751723486503,0.7882128234516804,0.7744942324242468,0.8560672769596174,0.7437549841785152,0.9004126909512301,0.9747984440035721,0.5704103906135118,0.478866981980918,0.41970109564544983,0.3001951929603545,0.26599397105624456,0.17344286479118817,0.11348009686791358,0.133078479489458,0.09976515655028094,0.10452272474602003,0.16422930160656765,0.06809184740705317,0.3217742074704049,0.42754281758110513,0.45246328604629377,0.42048548687312415,0.5769112926109364,0.6015690209089687,0.32144350221778006,0.43859841221561957,0.6105062840425202,0.5802589244313551,0.5839195666948228
13.299999999999919,0.4081957434079384,0.22139170122132185,0.24712725697411433,0.8693320058001553,0.6735200154164955,0.9051900993738438,0.866500515975695,0.8654795619415045,0.9995766761119455,0.6889751273556888,0.689638932717993,0.6388694487150479,0.8903262338077265,0.7670938874883309,0.38566880557902233,0.33305725167927885,0.15630429395489262,0.1703828145678306,0.08461012477639372,0.09578541919235814,0.09758004468754067,0.17598473900089404,0.2888713502152295,0.5733470499341257,0.9614567720176349,0.9690205311360639,0.6042866524886266,0.851759075818538,0.31039181685908646,0.15169619040345017,0.082826149125808,0.0988901316924116,0.07994891712467544,0.014752955168164114,0.00697949644107958,0.0029040082382981304,0.0015561489172320096,0.018973631677246906,0.00478334754447989,0.004053009583516682,0.004343052549071861,0.02727640792452751,0.03451326472647602,0.016290085810463005,0.059834754537920753,0.023300500128914513,0.016997979124006603,0.02280637430370614,0.0029320221534419157,0.009691008313859186,0.0139815305632269,0.02544004700216699,0.056054660077530405,0.010986680593878763,0.02692833756665973,0.10605183550734995,0.037912042821661184,0.016508935803925505,0.03251768549847268,0.041698870727884356,0.06551643272037104,0.015559435049310483,0.012367689294179172,0.04393492827954646,0.006040328794840551,0.013006426472655996,0.014791342907769156,0.009386557740891996,0.03851770722454428,0.0030699780794621943,0.008451842987499708,0.00614020213242769,0.0007054976979036206,0.0008718736869412926,0.00029593693166339184,0.00020056819632437788,3.4620559623737566e-05,2.723731547490757e-06,6.724151670110212e-07,3.008693733713047e-07,8.562720758721788e-07,1.2060665983800215e-06,8.709765296128064e-07,2.7294504753692156e-06,1.6899022603501211e-06,2.20525540824904e-06,2.8740897967956477e-06,5.975679352841356e-08,3.5154004137083195e-07,8.686516261895468e-07,2.0866992340453703e-06,1.4482293995568693e-06,1.1110100482259881e-05,0.0002561123687481179,0.0001841736714845995,0.0008777619136896765,0.0012548353984598159,0.002863903357745957,0.004394369433277497,0.001362933353425225,0.00045931335847664484,0.0005920464793253197,0.00026798918291108965,0.000813411366596969,0.0011866099613933856,0.0006377135777874185,0.005961135593744024,0.00260884966633455,0.017880904972200008,0.0032880684492698465,0.0021628272835131474,0.005284911201039455,0.00634459823991466,0.017793190557246104,0.027757743465933512,0.010214172337614935,0.0142895688826455,0.008725017440013312,0.008670847085074086,0.011305950487741873,0.01542074764230225,0.013271392634755108,0.020023064330866768,0.026795070627561528,0.03788596807526354,0.027043335675406354,0.018197351309759885,0.018379290364195337,0.01542438455901927,0.023715925781523813,0.07462617082623542,0.03619214925468517,0.009542958345456754,0.01068445616684693,0.01749357117547232,0.010286424509631912,0.053262031733499256,0.14540542383859245,0.22358416925664196,0.6853360764027501,0.2944768559954949,0.38490067963121366,0.34460990782070305,0.15126234187421952,0.2396177927164748,0.07106922531121805,0.12248831128114866,0.28898638076380095,0.12191172424105057,0.12771686716563185,0.36480735825520283,0.20804419820432096,0.20899136778056587,0.22789136411170555,0.32772813073676693,0.3982355483320462,0.17796628390903152,0.06497853063771003,0.04273571622234234,0.05622969183727039,0.015039433177489967,0.005270307411544835,0.0020076473695894155,0.00483617763065266,0.008762782776780574,0.012432983598539431,0.03144974690918019,0.0608423479776748,0.06966419370373132,0.11637633135195453,0.06987093656582631,0.09466792717430116,0.10302783275922485,0.2021798186635442,0.15090649029016875,0.11267586366573175,0.09275213922985316,0.0587971799064911,0.21609712403626632,0.19384783340611955,0.33990200354329536,0.22252496311103145,0.213963539327812,0.19359244453367666,0.2864399566789281,0.3524348957292204,0.41132110328405924,0.13626445020189845,0.18011941998927827,0.025073083836713035,0.004654729400985068,0.015263387821759813,0.009431431020863095,0.025608719575142505,0.04363002008998799,0.15390824381060672,0.2510016313901569,0.5210510850295199,0.9068860805533695,0.9306034797383166,0.5070730613956873,0.8253722815239103,0.9096797387221327,0.9939071567627813,0.4978297551386014,0.5135326942584205,0.48007758219974783,0.4353686847557976,0.15809480722201424,0.06967900587039785,0.03053327841297945,0.005535760005161263,0.001255917514471548,0.0005780588876403141,0.00027720038664914517,3.529344626660463e-05,1.0854305017350204e-05,1.6935904049486295e-07,5.111579912461102e-09,4.642947539481626e-12,6.358010512911693e-15,7.093314802072264e-17,1.0725891283408967e-18,2.4761302304218702e-21,1.1584336535229018e-25,4.858322866602851e-31,7.327017052933874e-35,2.8167694280365063e-42,4.448970958257669e-50,1.7486160129526699e-62,6.030051281090901e-77,1.7239596556845137e-95,4.464961632572052e-134,0.0,3.123584448880762e-136,1.0849078996649553e-95,4.425209730187031e-75,2.994442897779352e-58,3.2231715897726563e-43,6.271832725667501e-33,1.120867384074595e-27,5.2063874533464975e-24,1.020214331157345e-20,3.933223251384065e-16,1.546431755504126e-13,3.968894549989426e-11,1.925051681396068e-10,3.84652374135344e-08,9.093832346646746e-06,0.00010458941845622448,0.0009578920312982025,0.0007874175469929815,0.0036387319552551767,0.02313856825618746,0.008890912503366512,0.04802759678764777,0.05322127772233442,0.15430654270945726,0.41594387160023166,0.21593713346089669,0.24592893577560349,0.3885527315668806,0.6222885245727559,0.6349202364345999,0.6147345029569942,0.674808166795022,0.909447619224153,0.9520421296510265,0.6755364378694246,0.7680462538830539,0.7733210522803242,0.9857724932023902,0.9428553584374266,0.943300630212106,0.6113926708137742,0.9903995247439815,0.8194654985736284,0.7058112241297799,0.7079866436869513,0.606684072477785,0.35586467509001746,0.3266705639922917,0.18881214153114842,0.13567411982099475,0.17321820942967064,0.1247642615667124,0.11820263051696647,0.13802896126556072,0.047174016365597565,0.2637469891344867,0.3609345297114156,0.37775023957824877,0.3506532131854357,0.49088694363743013,0.6384794190121745,0.4068415397045012,0.49599890332460506,0.7161479958005634,0.7642641535232207,0.8342059769646792
13.399999999999917,0.3885082376100538,0.18514181283201772,0.23414858525694882,0.8508475571322369,0.6631418283999777,0.9602033167910617,0.9963515518449962,0.963756382994052,0.8043651620808789,0.8772424187105398,0.9696035773605625,0.823768320872221,0.8897256981625855,0.9957556389782847,0.5024596600853483,0.5085302329768211,0.2833477470760944,0.29777775829528486,0.1383029090950112,0.12785269621711268,0.14434205916513584,0.25679884496592054,0.5270862242358278,0.78961749930897,0.7493168146561183,0.8032391160427734,0.369677827869713,0.5667681007208297,0.14814927959350938,0.06357995150553442,0.03215287412903904,0.037289829767363246,0.034042305310110016,0.005388483741745,0.0032198704595116493,0.0011059695297452109,0.0006222588357047312,0.006393120103866583,0.0016441048903451882,0.0013437742624901373,0.0014770563393763756,0.018539922603963095,0.024739058020699752,0.018992055934642062,0.05393458297163015,0.02365749680518111,0.018351786017539007,0.022899441830180375,0.002866991647530065,0.006412355502125483,0.009718360742738614,0.01760996890762665,0.04407242707462221,0.007876234051964873,0.021031662106418103,0.0812491967477826,0.02500849019374929,0.008548608361233695,0.013991866916411235,0.021018429203052278,0.03981385720066574,0.009127569505926072,0.012869201042115927,0.04655627174712955,0.006838687318263429,0.013569826133445373,0.013648006285664626,0.011071548496434056,0.03595312297166143,0.002518772447425238,0.005687409634484752,0.0033725020306029797,0.0007712410298071,0.0008284353192836979,0.0001883683839330129,0.00010051175011639633,1.9012166405540636e-05,2.3616555995007686e-06,8.147103877558487e-07,4.0233980784002235e-07,7.680615641938381e-07,6.561136062843469e-07,3.7148257821972884e-07,1.0696199859601386e-06,5.743255772759455e-07,8.416732902178481e-07,9.334170863427421e-07,5.086749044902993e-08,4.42566909440283e-07,1.8286502038150454e-06,5.074158005117881e-06,7.3587445732763066e-06,6.847343482710853e-05,0.002128741645196003,0.0016056160619739568,0.004322535004735816,0.006129151290970791,0.01149789219905501,0.012469029223190433,0.005114297448953346,0.0025794641696568307,0.003926659331389455,0.0015433182399478208,0.0024756256097709407,0.002683357702539907,0.0014858665999726002,0.00790030716226317,0.0037873194199621535,0.019819331771730682,0.00462853412081678,0.0023426271614273866,0.004861528687647113,0.008481968314309097,0.02578523780404256,0.045300775921352385,0.020484438568620075,0.030356641836442422,0.029869101380520232,0.028519466771644058,0.03703977588523884,0.048031218822945476,0.031781455514559985,0.040690785903577865,0.04046288952245345,0.052271121096236106,0.035419437325675374,0.027947287521568952,0.03056584787416745,0.025509709569128493,0.02786711063108399,0.08980188421214498,0.03532644252075307,0.007796003178117401,0.006753009720122244,0.011733366966913083,0.007144472857796176,0.03995408014179536,0.11534828821462693,0.20995682996257367,0.6306047007515666,0.28561071878271027,0.4516790974593796,0.4080019956909534,0.19601132706860006,0.28109545070555036,0.10877013878726062,0.15245182188762224,0.3327726868722297,0.17015027564924892,0.1910373406117102,0.5104206736500687,0.30626330024491305,0.2858646052310515,0.29818852834229836,0.35464087649815934,0.4384888364550655,0.23269398275612252,0.09616495468577962,0.06323167439513908,0.07889467483076075,0.028160007837537623,0.00979973852266006,0.0024022669719232213,0.0071511535842455985,0.009819495324587143,0.014124354459524995,0.043098985386969414,0.086023137467478,0.08524193267037089,0.11041329707932,0.06350059127788742,0.09607675870463511,0.09844381404001837,0.21754390352152975,0.19625885409925065,0.1264420558421656,0.15307227539177035,0.09837605822206193,0.2539721307838017,0.23801924847187625,0.40811615609396024,0.2864651132857649,0.2987833196424918,0.24834835079772521,0.3724494050823944,0.3841806514301661,0.49548985884425795,0.16483292849047806,0.2360548262028357,0.031948693935966575,0.006555656095806006,0.01675563225531311,0.01008501863497078,0.020529102225627475,0.036579867771716165,0.14146657604493226,0.22308253598924405,0.43049716810042504,0.7055746784960402,0.7721119927292851,0.5993370683773286,0.9441917033908527,0.9973187048353094,0.8463772827565508,0.7158306433292573,0.8770176188620438,0.9295381167254355,0.8272540996318088,0.4349543414165835,0.22965575227961024,0.12975379351093783,0.029806672009845037,0.005949340195087812,0.003194716926758068,0.0016555805769808297,0.0002505619352809767,8.325094121092759e-05,3.937762841718402e-06,3.8908096095524636e-07,3.393727699533733e-09,9.628827475377412e-12,1.372008232543205e-13,5.3255827274723875e-15,3.3075473013439064e-17,6.804398133648568e-21,3.271623288013732e-25,8.589771509500608e-27,4.2883384256338e-34,1.1024559337086242e-40,6.520326566853437e-50,3.212736812402264e-60,6.223857134643865e-74,4.267890774690249e-94,3.123584448880762e-136,0.0,1.3985951379661707e-132,3.137178040287691e-98,4.4274563094117445e-72,7.423705674057371e-54,7.105103790540432e-41,2.6821807333579088e-34,1.6494857082275915e-28,6.059443159555913e-25,1.0806818987094239e-19,6.166432058734807e-16,5.3562161013605e-13,7.324550028712403e-12,5.296891806442308e-09,1.5928071093332315e-06,2.675758878078759e-05,0.0004616668156993668,0.000278119394360197,0.0012232858127480392,0.010587197292050526,0.00395701682116027,0.02455741457124615,0.03401134127806387,0.08677404414441534,0.2418950249088086,0.09550203337611445,0.09528386775680434,0.16206020816812763,0.29904849147650714,0.3279847670383,0.2746479133978854,0.33241943443417665,0.6271256970915831,0.9158471103181424,0.4512516838721772,0.6037892387594229,0.54796121064117,0.6959806142485963,0.8001203234638555,0.6281830887555734,0.9029216962377583,0.7313811671079389,0.9171579474571602,0.5012582044730545,0.49723503761341165,0.4880551449619706,0.304666370009003,0.34462545955566165,0.17951747317841232,0.10687678271865184,0.1657766200764238,0.11889368300294274,0.10307921514645939,0.10833430925566603,0.03457250453456421,0.24305618360667056,0.3039569557286975,0.3202974224376471,0.3252616315534035,0.3633109933981153,0.5579232111479323,0.36305767503118763,0.38252329845060945,0.5652101426023873,0.5539687947809755,0.6773877238738242
13.499999999999915,0.1343491852853203,0.0535156355177721,0.08234564350643309,0.5157974849323376,0.39610063586017075,0.7255814573869651,0.6816456900044419,0.8031752293843585,0.984574558099842,0.6816594919193106,0.6883079415847834,0.5477186174269251,0.9331947426519168,0.7621955047590923,0.2910182440056169,0.22756826509297257,0.10095595143394158,0.15474119048124332,0.05218310099241375,0.05796983251154224,0.06639501998463088,0.13573237727845872,0.35728825805559855,0.6142653505766046,0.9331621800495953,0.8629084299360723,0.41821570630316557,0.7685129256201204,0.26528965262706244,0.1414355844860348,0.05079681708824214,0.04243937563095996,0.041307789952700215,0.0042633440685201154,0.0021648927314605053,0.0002644817180557334,0.00013801062407301775,0.0022023662052323206,0.0005916893594984063,0.00046916322502390894,0.0006220085934819478,0.01173292102090126,0.02659004935673264,0.02221308275099406,0.06184513717771685,0.02658956859949136,0.022127742197845156,0.020433533553356715,0.001765029023053491,0.003178826329081186,0.0057193450757612495,0.01324731074631588,0.03824095972819837,0.00902649531185394,0.029236292461337233,0.09143884653816445,0.025867363034261185,0.00747467188173029,0.011231879589788933,0.01736444501978031,0.026748645732886888,0.006292881398250232,0.00633465622387429,0.042313579224552526,0.006902597932972731,0.015351878465047668,0.014667378896386056,0.012380198089163514,0.05572736915867895,0.004130638736346319,0.009421022545505255,0.0033326160163342634,0.0011613890923290846,0.002018748342642276,0.0004059641812843037,0.0003454232972076233,6.841938104239589e-05,7.3688430042564886e-06,3.2611439747241243e-06,1.3716266287755878e-06,4.505215333416646e-06,2.544084145808389e-06,1.1725350061255067e-06,7.397587626090132e-06,3.8914726849949405e-06,5.246909067779308e-06,4.298196727729841e-06,2.2028748839695176e-07,1.4955136019993617e-06,3.0553668093217164e-06,6.787682958768705e-06,9.426225276674028e-06,0.00010150001591489291,0.0028300979986827604,0.0019085650374147216,0.004416467335416911,0.006505124195820553,0.0064744679422580375,0.007502765852060332,0.0022163380718530205,0.0018508904868216164,0.002154429482794847,0.0007187733114902055,0.0012816347606805672,0.0006005293149013439,0.000650056101340043,0.002440427330024372,0.0007334205744412808,0.004762186469556374,0.0005051282527006693,0.00023082770870510926,0.00028841469249898325,0.0006834283198049837,0.0024990131798339307,0.005510543343004182,0.0025359018680254906,0.003673999022497528,0.002725413431728377,0.003615859269179368,0.0050314962186294035,0.008064034586958221,0.004463139773750742,0.0063055936354213665,0.00737500768810688,0.010014311730748616,0.008718862065097704,0.006919795756006874,0.009403235063614505,0.01249552793394784,0.014526544847502399,0.06489263199826355,0.02452276221419427,0.00346214726737994,0.0036241675734028558,0.006307189540287782,0.002672168514148793,0.021669291902161724,0.05924692849904439,0.11951272871229508,0.5367916907416383,0.2733877952899444,0.5044141635490996,0.5003926097620721,0.2303037555145535,0.3798582907121979,0.14441732198315937,0.14289021404142097,0.3383185244967842,0.136210596773962,0.13757193282690164,0.5025190283539729,0.27148682412929337,0.279639170710835,0.3285067764636169,0.44175286187424445,0.62201007332609,0.34876678873105643,0.17051600238150771,0.11083451436369733,0.12149494816452969,0.04205847017502965,0.012138324037991654,0.0028811922425108225,0.008249347436168114,0.016517373591643653,0.03679869197354735,0.11955702684928496,0.1737392091172307,0.17618606712623303,0.22104548730180332,0.15729228713910004,0.2900925358563599,0.264027448911644,0.46961340534169654,0.394226801308765,0.31079608437435885,0.3540478480330396,0.23738377158082197,0.5552047299178435,0.5009985713496141,0.7480095319045722,0.6526183245240124,0.6541276057439499,0.6460023390730341,0.8935477090744113,0.7606075404715505,0.9994831386589829,0.5458930796637581,0.6332537496381022,0.1474747027664339,0.05460924070113237,0.09173650258702472,0.05948923298799173,0.08158801875293893,0.10924986106092424,0.28264682992274487,0.3617033230600505,0.5399428358538574,0.6603916481734305,0.6935322525791104,0.656008219034882,0.8878979398808092,0.7660512015689741,0.6175779916791663,0.9935820783508184,0.8104020454983154,0.6952836949308834,0.8183804098818949,0.7626088316602656,0.46842445024472307,0.29453795034894553,0.11391096723405697,0.028529928714912754,0.021402252725855372,0.01198910803885157,0.001900360922756105,0.0006148051480048656,6.73962848890054e-05,5.9152138948863475e-06,7.204900381229643e-08,4.769349139891123e-10,9.127468429561804e-12,8.781853163103157e-13,2.5327357924144792e-14,1.2771487733078322e-17,3.780354773885307e-21,2.398023507077839e-22,1.3323539330248356e-28,4.706126115091962e-34,1.4815758880769534e-40,6.355578377691104e-50,9.958759196294445e-59,1.753242126578484e-71,1.0849078996649553e-95,1.3985951379661707e-132,0.0,7.648564048542934e-135,3.4096591855484354e-90,1.4205199687542425e-66,2.677026953291264e-51,1.701924837395118e-42,9.242589555698715e-36,4.281635339602473e-31,7.629162876735981e-24,3.4220065774498623e-19,2.261776522741706e-15,4.2973686655017776e-14,1.6617763727703231e-10,8.018951999974663e-08,2.8370543683960734e-06,7.263544280431357e-05,6.967678026787816e-05,0.0002179891086898209,0.0017201470553690605,0.0005158503623232044,0.004228371093224648,0.006434943734548129,0.022859119533501043,0.0997210294827774,0.035380580183961494,0.03484447794742213,0.06878857013427812,0.15935550429337667,0.1915888210256042,0.15509752266112997,0.24532358542616425,0.5185741010463613,0.9088721183627131,0.4247981499551201,0.6858214913775496,0.6331207072147609,0.8329959712538629,0.9838448358448362,0.8037966338972302,0.6492711174710358,0.9722036132773625,0.7377525042167425,0.758317367818776,0.7213551220733372,0.7073680332629406,0.49197212354279934,0.5246901576804939,0.36284854651265136,0.2191068332254755,0.3382074700416101,0.23856042105635908,0.18167102112768668,0.1582211322215627,0.059266619134611245,0.3980596517290206,0.4799972276209092,0.5806758263602839,0.6588362815550685,0.7219639744063285,0.9022507035939022,0.8049398481571267,0.7692087621604274,0.9451117574081186,0.8444091896703422,0.9778468066072976
13.599999999999916,0.29179243020828227,0.12031676333147057,0.15845342239603144,0.6145002483253069,0.581814574494556,0.9959289630609067,0.9452037732759572,0.9435362503241574,0.9454138164706737,0.8815753963207549,0.8991106140374745,0.6600026547138591,0.8420915465474739,0.9233191275312463,0.45478864753163495,0.3691250491729589,0.18999198369407075,0.290885450624443,0.11776550914986014,0.15358323545863548,0.14080237291463651,0.23324485665673517,0.4993449242141842,0.896928518234044,0.64424905702116,0.500045842311372,0.1730357302700706,0.35966688747433184,0.1109950566286481,0.06309588203974573,0.018953577890595603,0.015483696205093805,0.01690493431746885,0.0015953624707333478,0.0012184285345780415,0.0003057731836921403,0.0003575025067029539,0.00680178700348098,0.0016795704207208297,0.0029140330486128164,0.004693347238322866,0.03518468224305394,0.08209729431421436,0.07687473339267709,0.16294900843696278,0.08055696213550877,0.08276454776490459,0.07708957380469163,0.012294024186605175,0.013177699292439587,0.021613259946425142,0.042728592032375355,0.11126108871148285,0.029848046400782105,0.07067644336835176,0.15492595335127238,0.05413762318187791,0.02021944433510823,0.027706926829945293,0.042331788987069366,0.07283954875038544,0.019443355714832366,0.023891002406964987,0.10557066630205074,0.0299638852508023,0.04893254901785521,0.039131694853356144,0.036789397017610186,0.12412174274047137,0.011032689742425878,0.0275473380519155,0.009632516499465968,0.004177982822480852,0.00277952716909187,0.0009686872725448102,0.0006308415517760091,0.00010851026245869435,1.0355514671379545e-05,3.535227761159284e-06,1.9678520698347467e-06,3.848748631112545e-06,2.6375980513999005e-06,1.653751528438033e-06,3.451350491963763e-06,4.328708637537955e-06,5.261131244088348e-06,6.647473647309148e-06,5.722196592662994e-07,2.920884938455207e-06,9.626684023916963e-06,1.350435366705733e-05,9.717430338254511e-06,0.00012102594643300883,0.0018066043174179342,0.0011074064557284472,0.0029245112879292857,0.004356258754469772,0.006033409713745396,0.007949811093522672,0.003104189008056412,0.0031156669673784135,0.0057187851448554676,0.0017553307363610473,0.0026046220386307783,0.0011560892777668762,0.0010496522361272125,0.005191496958769805,0.0018456837411514608,0.009476246863442835,0.0007615222002392051,0.0002876121885827372,0.0006147481485736235,0.0011679208982368085,0.004312635935288108,0.010071192594517771,0.003147862101336711,0.004278017483560438,0.0026010887810835725,0.004040401084985085,0.003476096931695403,0.006385405034605082,0.0029318605304661303,0.005353468395262776,0.005211481882179576,0.0063075520004660535,0.007159592154479702,0.006100463260790019,0.007131180243646734,0.009562740763056281,0.008758622281298773,0.04377140742312469,0.020228376269266858,0.001967879756778538,0.002920526386173617,0.004270484882732341,0.0008778757953848761,0.010225889813249598,0.030032908071902172,0.08549688249580374,0.4019207812374521,0.21477386185830083,0.4372782935604471,0.45139347488434994,0.2639517860045526,0.3282594120932588,0.13954903304095875,0.13199455239649566,0.3707547778520396,0.19479356155945082,0.13355400169845316,0.4481045288945773,0.2095212336739555,0.1910155822889926,0.26077001794718196,0.3491842326077009,0.4784654319953023,0.24794104063004566,0.12153906458391407,0.0895496321534935,0.09340701759965489,0.029098024361894386,0.01003125799089105,0.0025099821700751528,0.009941530521813902,0.016479496612389427,0.029149014993052856,0.10570459519205813,0.1665391888702315,0.1687107182225614,0.2245365199844464,0.1497669424251539,0.2596803939519594,0.1848397714881609,0.28299312979076935,0.2393880701967231,0.14842429056284648,0.13943956525688753,0.06136748357038697,0.17959736705388815,0.21649592997184836,0.28731295477221913,0.20884847408283488,0.25150362474081805,0.2897863262148134,0.5380632561044065,0.5387119965360914,0.6471083830265113,0.2961328731002652,0.3653295609265232,0.0750065401351118,0.031137018316975875,0.047706508854415984,0.031206558869574866,0.04494195009989446,0.07481343795763658,0.20804594877425764,0.36924167506194977,0.6007860820486112,0.7838549791467826,0.8150979899776001,0.6035127374901613,0.9204789927927197,0.8585827949364205,0.748499978632298,0.8500667324598719,0.9149493047992789,0.8356492540637553,0.9850286783953924,0.6206036798540698,0.34849486266957064,0.1683901857665237,0.08517054656564543,0.02336528978966643,0.01703690598933362,0.00784382004766681,0.001189310233324395,0.00044935281899519624,4.15245309130271e-05,3.914094404299816e-06,4.009347350647735e-08,3.5927235585384647e-10,2.5660627754550874e-11,2.7877596782150435e-12,1.0405846677623005e-13,1.5594948193945195e-16,1.773898644408559e-19,2.1155236278439877e-20,6.840729274308759e-26,4.251422335106578e-31,2.631573772385728e-35,4.4026407876403804e-43,5.560328359860784e-49,3.018177978537349e-58,4.425209730187031e-75,3.137178040287691e-98,7.648564048542934e-135,0.0,2.9586131045536806e-134,1.6558946641343922e-93,2.7309861193670148e-67,1.1258325469487903e-52,1.7118127639768714e-43,1.1225576042597745e-36,2.222741259072651e-28,8.319195841816153e-23,2.1878805565141312e-18,1.5400229714519723e-16,8.319143235321672e-12,5.204632123971836e-09,2.9878431783227427e-07,1.3964748634360769e-05,1.4734193220124328e-05,5.05182099431614e-05,0.00040199640810798003,0.00015671810169125427,0.0017025093367646327,0.002086885552860002,0.007429722116745705,0.0384105878848594,0.006673694583115718,0.008142278749030053,0.017684159831928475,0.06210985381917459,0.11062205662282508,0.1256137898787918,0.23797477684058402,0.5982283914408361,0.927212941285176,0.5819505350352207,0.8843154821374687,0.8034828425525223,0.915536315267122,0.9662412122030896,0.8335578351656759,0.7030296941403209,0.9592688711453539,0.8896761276344805,0.5811772253962871,0.5494231136341212,0.5861226783506225,0.4884432181037385,0.5281000061550071,0.37231164526993343,0.2789737253517573,0.3895996593018894,0.3092517791258643,0.25994558463346884,0.20172921452845652,0.11201188594873067,0.5547700774212785,0.5959337662395089,0.8228686103312096,0.9168615744209272,0.9538383844413671,0.6600617864028655,0.906889722974492,0.9569458789132979,0.8575681614338522,0.9484939650781549,0.765028278077463
13.699999999999918,0.2605937988161306,0.15639307652231788,0.20261814473112527,0.7450612977883437,0.8100240333960936,0.885562754015422,0.8583083256758862,0.8496900643989572,0.948966495856985,0.8199438611267326,0.7517110811422613,0.5983190897962642,0.9664040548750642,0.7315348236200288,0.30371208199080263,0.20004964397898428,0.11347982193976519,0.2141504044216252,0.10096745937364171,0.15378889517238745,0.12733364879937678,0.1726223181397564,0.427595028428525,0.7195495979683422,0.8355854165380853,0.6589066122792884,0.2799304000836706,0.5269749967862427,0.22330375889488385,0.14453603909243967,0.047135998901206115,0.03305068271410714,0.03252377438768653,0.003181502699516915,0.0013735542271137424,0.0004031829150349132,0.0005106319744192218,0.007302313870987553,0.002542224040705779,0.003239994850168407,0.004513606514809667,0.040711507204447564,0.11902141751430821,0.1287656992441174,0.2616049487853234,0.13399484336735046,0.12194424981497366,0.10560910304659686,0.022699056390341615,0.023193671722723783,0.04839912625860253,0.08856449939399173,0.2032952894373614,0.06158914141489149,0.13320296207113186,0.27573585858381433,0.10170198083949238,0.054798892368147646,0.06532352083549832,0.08974006052903076,0.10674422400976222,0.024843957355805087,0.027512932837235615,0.16240197029352393,0.058507080345172574,0.0810631937188967,0.04883718571034598,0.03504079073832995,0.1169291052467465,0.012133613858350947,0.02905667230055377,0.012847196269897068,0.005437128633372445,0.0043072983587831085,0.0013793463994580474,0.0007480312388487869,0.00019479242451393778,2.3501262139847773e-05,8.1269479972837e-06,3.8885823951264875e-06,1.976236678582872e-05,1.1488368638831115e-05,6.205480621476854e-06,7.002547719691038e-06,2.3704443217450787e-05,2.1321228888644154e-05,1.9543373301365875e-05,3.257718855364808e-06,1.794442927299247e-05,6.789354091713782e-05,6.652683793680122e-05,5.807013424021739e-05,0.00023712318015507526,0.0013022378242651697,0.0008527276215353536,0.0035498365066063842,0.0040367296909612806,0.005736869710127956,0.00584202977891505,0.002589023146782667,0.005763844378132052,0.0073126261755396315,0.002597911823100737,0.004899118692150798,0.0033165325797934785,0.0028315424884578087,0.013957948274680042,0.0056112368243993425,0.028137203818442147,0.003343205980526803,0.0016626791581984502,0.0027013277381244833,0.003322465195024086,0.009647116014266441,0.02112841811733407,0.006550975698360231,0.008177147698569077,0.003796722631672642,0.0076114534381662175,0.006570803266119441,0.01288496634270912,0.0054195495572526555,0.0070078294121926656,0.01110682220904713,0.015769191242898724,0.013833982055743222,0.011695048178968307,0.015343999783464842,0.018664736188402593,0.016043820355938244,0.046475128084735806,0.03225817793669437,0.003685554658474564,0.007737024914021723,0.009624198559404605,0.0011577528431182041,0.012803027930248186,0.04944100829994407,0.11557852384901243,0.4002389799835425,0.24925339730528012,0.49547370176686534,0.5058100352878863,0.2960607863245646,0.36858846111437366,0.23149566091674426,0.3466568771716396,0.7776490337049609,0.5886822544242917,0.4208828140748014,0.8688471789413678,0.4650150559733991,0.415354898325262,0.49192214024358594,0.6077096362702564,0.7338621601743471,0.4301757438930168,0.25847317579302675,0.16977594874408403,0.12842681067117415,0.053146020642168036,0.019539681845908558,0.005043665401979523,0.01629353541044567,0.027171197441633224,0.04207573181591916,0.1409964320346156,0.20601176056800258,0.20902600914445482,0.25748641251702314,0.18299351930118188,0.33510906358151127,0.27372248896927437,0.28786617142121224,0.21114269957534304,0.12408811472112521,0.12046415646680032,0.03506207859221563,0.1051073860484992,0.10587435799331597,0.12079312665790264,0.09154011737367337,0.10068156478005195,0.12405144694525408,0.3247563791106375,0.33039538057178947,0.4491364251058677,0.17885305605089755,0.20868851771413918,0.046904346505252666,0.014309117147961686,0.018190898729475494,0.012019211205669192,0.014363395058885408,0.027529661516369677,0.09674317840703023,0.1830238722806497,0.3139452118953395,0.44107380292914833,0.47872326037776236,0.9977510512293446,0.5280574747624296,0.5016304032602463,0.44964393895574517,0.8370185250926296,0.7375375756533349,0.6700507011614084,0.8146362697549276,0.7028740648718229,0.3762713654276672,0.18827643181221182,0.12945075887717036,0.04511481249567277,0.04514021914821412,0.026420285373837324,0.0065343100589721715,0.0032240043768071696,0.0007230002660346934,0.00020009429681937165,2.0605002112640977e-06,7.287124042325601e-08,4.16105482029081e-09,5.445464926563667e-10,6.009159817412209e-11,3.1090284023162967e-13,1.2867382166359626e-15,1.2479354238441507e-16,9.138463960871333e-21,4.596943739756322e-25,1.6852522553075137e-28,8.61939985499492e-36,3.352491580473603e-40,1.15533394421126e-46,2.994442897779352e-58,4.4274563094117445e-72,3.4096591855484354e-90,2.9586131045536806e-134,0.0,6.793295052265433e-136,1.3284184048489158e-91,2.9557653167835074e-65,8.870864541043919e-51,6.4079909207533775e-43,8.163229272111185e-33,7.530014911354233e-27,1.5785105373004123e-21,2.980538578703026e-19,1.2226575583410447e-13,7.7279224682689e-10,5.08790652320004e-08,4.168819315837653e-06,1.4295907893932622e-05,4.1447847275096164e-05,0.00040964027179921076,0.00014911677120318982,0.001414964945736053,0.0016358819097700534,0.006982651812411564,0.03482544680070589,0.008619925675882902,0.010032464074389425,0.024646287786840533,0.0966809246571929,0.20832868752756115,0.207078954844684,0.3326102199746253,0.7307134734136954,0.8990181364946752,0.6219426039447004,0.9789471286687862,0.9629392034025911,0.9871355115859684,0.9506942002045501,0.9561683932957635,0.6055635022543954,0.7932239711289808,0.7377209319720085,0.7896081555882988,0.8463011036016606,0.8481258686181342,0.7537061000782975,0.765763244472222,0.5639574317340185,0.4454172050344211,0.5895255788678623,0.5539590768304521,0.4341568373308501,0.29497133503986583,0.21521853547286798,0.8501452919829019,0.8459283383924151,0.9051076029540985,0.9318120879350978,0.9160343127258908,0.5504693467436512,0.9636481265767017,0.955026470154379,0.8724315504990714,0.9852193565659297,0.7838725191716109
13.799999999999915,0.39025764377758915,0.2189222360029454,0.27283140618173074,0.9608184197977502,0.9550575047696516,0.6064555117854328,0.6400533642776528,0.610655335536059,0.738129312047484,0.9406278688946156,0.9750034348885559,0.7619606696439579,0.809520792941476,0.8397195401595376,0.3864779585148869,0.2975612176523719,0.2050255205973232,0.3502393100011208,0.1639723193795623,0.21801186542726053,0.1730800412766265,0.18472716153012014,0.5052504786151066,0.8329802306561699,0.7380747713913437,0.48387084247492884,0.20654000846182471,0.37627029358451913,0.1649111312276382,0.09267738420566578,0.03639651313191847,0.028769549173115406,0.030387525130517488,0.0036568556228725613,0.0013463347755384109,0.00038291385759712425,0.00047834560783670976,0.004989511423989858,0.0019294605041818354,0.003997684933811695,0.006623895801826712,0.048046354328191355,0.10987638062280199,0.1045940263643582,0.2517737409528598,0.11276046736967507,0.10058191263918762,0.07163063069065169,0.012490565324892624,0.01860799828724716,0.042509041582331285,0.06387181329471191,0.15427139302910903,0.05174530525047724,0.11567030069244354,0.2646847533411377,0.11816616855235348,0.07874346430185407,0.12817356848693606,0.1447400092958686,0.17586884474690614,0.04892555039711603,0.052132319891911034,0.24405911919018952,0.11530616270650654,0.16041219685375208,0.12704219699068442,0.07749640182181766,0.25607771468448853,0.03705435996292139,0.07753055627215986,0.03694669016511684,0.015421263809713268,0.007395604413231826,0.003460594631057013,0.0028264025445868504,0.00048084193974780586,8.16510488471509e-05,1.7551579684909607e-05,5.9186455040805455e-06,2.6418498007095835e-05,1.3524036703316318e-05,5.613449986253812e-06,2.756741302966369e-06,1.3592962612659992e-05,1.1518707698526179e-05,2.026061364762969e-05,3.759834955960347e-06,1.5122919552598712e-05,8.641979024315844e-05,0.00014281827175929534,8.859268745328204e-05,0.0003590231151719561,0.001820729798117115,0.001379730996055294,0.007282145038634229,0.010430658443924618,0.011018988131923696,0.00786780117088563,0.0038675012727323915,0.006161966433775762,0.01042664236988046,0.004617492194117192,0.005190030787917635,0.0052127919044473265,0.007382257095171435,0.020019597085994666,0.012208953857763436,0.06409106636654302,0.011028348541909875,0.008097851725764788,0.010931471343218627,0.0195350670873618,0.036707225787218134,0.07946909851412116,0.02342788905562929,0.02280039284763551,0.01243664586555862,0.017752771362782683,0.013831268404424469,0.032900917298572814,0.017478417466316436,0.02667036464552976,0.021276077162229835,0.028058927092756723,0.04000570562785617,0.028745124974389417,0.028902462569627706,0.03921810395947399,0.031647488191816286,0.10461140196435421,0.07208192296695407,0.014254197803433236,0.024320480726735625,0.018318226637060564,0.0025104077831792594,0.011602674287049185,0.04505936395472881,0.11335977674227042,0.37527754694295523,0.2177913582032687,0.49526341740604374,0.4549108756911319,0.3214241503849682,0.4164001612942977,0.31870167469246274,0.4803908683562203,0.8459896913331931,0.6293376517709299,0.4311337574705065,0.8757114365421607,0.4173245599463145,0.35701979603637196,0.3617331303905955,0.40901782035328044,0.5367344299381446,0.28011861495247914,0.1908410823446966,0.11491885663315139,0.09511175100885724,0.02981894083689098,0.01071921963446712,0.002040975585727659,0.008626211358236947,0.017718389129119952,0.030449626950515674,0.10010931366399885,0.14278752688366114,0.14812633433954406,0.21551680722973407,0.15906549871466075,0.30203388495203176,0.24649609208657197,0.21918470138472265,0.1624788356652025,0.08088909929818415,0.05168815104555239,0.011452534658674645,0.044324785198863785,0.04327269581497037,0.04789872976736959,0.0450810393299365,0.0712213934287479,0.09426044689630413,0.2713143550556593,0.33779124405315347,0.4318469307937317,0.18785375274199517,0.1859494629083059,0.03352944568097793,0.012409707711887707,0.016620355327586343,0.010508525496741227,0.009801443393282778,0.01868067585842609,0.057025861913475716,0.11654742428575804,0.23903214959786673,0.36635913817388605,0.4535037804185122,0.9545155718857865,0.517897605961552,0.5289376392600994,0.47787982152979996,0.6914175233559429,0.5380476904615772,0.4871672550107888,0.5115129739879789,0.9429993802003913,0.571229885327881,0.34054064331517425,0.3158038441554924,0.14199236370515578,0.12719598839390261,0.07504266231862608,0.016397017403509725,0.011274922469109008,0.0034165902200210064,0.0005212157449268865,6.449053293079276e-06,3.5753645612897206e-07,7.64885596680911e-08,1.5975983832178578e-08,1.525205473273006e-09,2.9699837117473225e-11,5.675187459268902e-13,1.536875865477509e-13,5.942727754930261e-17,8.003059962763328e-20,1.734916826401983e-21,1.0369892462154951e-26,2.032935491794687e-29,2.6587937882104827e-34,3.2231715897726563e-43,7.423705674057371e-54,1.4205199687542425e-66,1.6558946641343922e-93,6.793295052265433e-136,0.0,3.3200602499701744e-135,5.265950217728824e-90,2.2054006262902173e-68,3.143684638683823e-55,1.0431101531086638e-42,1.700472758234421e-33,4.7285754564468755e-27,3.915285888955268e-23,5.97540383612283e-16,5.601291034445707e-12,7.511385042727758e-10,2.8846271197843546e-07,1.094927884828784e-06,3.698261233105079e-06,5.502807766488265e-05,2.936556938735088e-05,0.0003654501619742786,0.0003083755182249233,0.002340722230641117,0.01359224139488115,0.00392134684239672,0.0058504407052947715,0.016280162837444517,0.06730209966871586,0.17783030077612474,0.21939971780270556,0.3279652949621258,0.8180680805098581,0.8063283809853022,0.8399900283532646,0.8997009941634612,0.9804612172143935,0.9829464189402459,0.9610449553253182,0.9084354168190809,0.819340078754038,0.9690339689937119,0.9960071496149617,0.5402288178077557,0.6115467058800589,0.6676752243287983,0.5476226325650294,0.6144837895202526,0.4447251822438907,0.39187747315284116,0.5946743234709101,0.5823486454733291,0.395239842277976,0.2555520382298658,0.24668332856762837,0.8141092847543762,0.7181281478359267,0.9858769873602263,0.9397845096433104,0.9733293811566748,0.623515843918967,0.9619048843267646,0.8400566171677522,0.8643998321017758,0.9727500501930375,0.7999510401002843
13.899999999999913,0.3598063078006795,0.29427801640763446,0.36996676441947923,0.9795111001618311,0.8857095988394881,0.6262438517394617,0.687321164474611,0.7146214011348532,0.8462479987030022,0.9993863071781532,0.9553358593864887,0.6332999971256982,0.9102362549833048,0.7413685992099037,0.3754611510270639,0.27095295180498963,0.24499746014290052,0.43727524900203607,0.19630498916640973,0.2788048314565796,0.20927203614822762,0.21894945225452764,0.47795190146418387,0.7903007256742045,0.7341286143040489,0.5565758445294006,0.2512463086379708,0.4505524742945157,0.20810071242072167,0.09853798236744389,0.04342826758573129,0.033663911507719156,0.026880944055860747,0.0034604195716846794,0.0008368228607119349,0.0001956605128109256,0.0002441578159862794,0.0016661722407944508,0.0007369237860635484,0.0016363910448528001,0.0013155485568047067,0.011285897062499451,0.03061274044513795,0.029637831703823822,0.12687966665471836,0.053395467207140515,0.04024382459835234,0.027570610371599538,0.003849504130054352,0.010819928696946712,0.041639941516630745,0.054409850664058346,0.14071387651673228,0.05937040652686901,0.13525197319372814,0.3203849070021625,0.14587281947540062,0.10191326773990657,0.16656382342036702,0.17168900241194537,0.24494068203408179,0.06468476766650695,0.06967598726411693,0.3295840927588943,0.2028985336457796,0.3145159276599958,0.22157654469733323,0.12558345521676864,0.41211385156599495,0.06605786631281499,0.10784133469650581,0.053022214989210587,0.022610489157694164,0.009565281797781771,0.004634271734761085,0.0045490184132285566,0.0008997096723416208,0.000151336822494139,4.563742875593296e-05,1.4937172788433756e-05,5.097343514900626e-05,3.345964205037442e-05,1.0932301310369035e-05,5.529359451515874e-06,4.7171701320124756e-05,3.3824303490170156e-05,5.385267998718086e-05,1.0534493510699188e-05,2.1955784031784447e-05,0.0001395683841458147,0.00036209224831462505,0.00020209759359697974,0.0010266919782720883,0.0019444588522261022,0.001612286313165078,0.0055651736462651435,0.006821174829364022,0.0067814946827446715,0.004122111074281779,0.001462569677496361,0.0035705620212342563,0.007320345409351055,0.00240446197043134,0.003209388889816255,0.0035167182803749366,0.00547083720614197,0.013783706308328534,0.008169878656468454,0.04038713177800913,0.0074443604691564,0.006006166629335639,0.008748686090664568,0.01499783047762592,0.03599150767957042,0.08223285567238983,0.026966469169098672,0.023600052504676197,0.010803671227562213,0.018644703868863372,0.015510755768881963,0.022667026184185375,0.016403526411536307,0.025111966251975697,0.023259504560277425,0.027215277895936814,0.02796275032533423,0.038307917728019586,0.0462988097707119,0.07245759687267035,0.05797385191316483,0.16087304083232823,0.17169099349770975,0.04912720753620213,0.06834988848674357,0.03919590300858086,0.005759024352464945,0.013274444913805057,0.05242835289625596,0.15011206298143723,0.45330625959958043,0.3243892096267516,0.6998473632189198,0.6994999606122861,0.5663137293318203,0.7540003240580353,0.6535266916906813,0.9137619507321134,0.7521512374313037,0.9265477061484114,0.9374956401751594,0.6174728200233399,0.8354239280704076,0.7962214160563844,0.7962757291770096,0.8277268493096464,0.9658652930969109,0.6017811240543303,0.4409740005627479,0.2949741706526754,0.2743330656868436,0.1161842995408169,0.04876740528237084,0.008307578718518057,0.0339126185219526,0.04499255833087372,0.08076012757368282,0.21370902500044336,0.2508163892178103,0.2765355552325208,0.3181081327920561,0.23703884216807852,0.4682126463643627,0.35808471740800685,0.336512983044565,0.27413347131537585,0.11460876399873982,0.07940602173503161,0.0261303122836214,0.07387063367424888,0.06301179290639589,0.05396237019288639,0.05812663515544612,0.11024576719015484,0.14896013542492273,0.4011483351880445,0.48238186725153404,0.6576675830439882,0.32777401368026793,0.31655199635236186,0.05335710198309678,0.016978765913960612,0.018312100674553747,0.011893339880775594,0.010387382028646504,0.022861449936894276,0.09094032518648665,0.16112791492049555,0.3063452461278987,0.4753650770297146,0.6471746062481519,0.9348976070363976,0.5707222692424183,0.5617417547323997,0.4513564216326674,0.6334307856663692,0.54289915922249,0.4673066629901882,0.48018576605079527,0.878858300105057,0.5794822561402558,0.4121269239464671,0.5529238572377293,0.31812533933113707,0.3578804565841834,0.2292944487250238,0.08092124970794191,0.0543084129061977,0.02926957333505987,0.007045807644513633,0.00022339414170322207,1.984593447348847e-05,7.125836075575374e-06,2.816732966883755e-06,4.727068805144277e-07,1.470234873850024e-08,6.644445796106406e-10,2.15690293532135e-10,1.328034491566208e-12,8.600866862314169e-15,3.353264884868972e-16,8.623287753760575e-20,1.7185470340453164e-22,5.5455620056579e-26,6.271832725667501e-33,7.105103790540432e-41,2.677026953291264e-51,2.7309861193670148e-67,1.3284184048489158e-91,3.3200602499701744e-135,0.0,1.256826925741315e-125,1.088396480279369e-90,4.582630900805308e-69,2.152971947239733e-52,3.4088559992105586e-40,1.12300070503518e-31,9.013504361791643e-26,7.505625108745016e-18,2.0299330278286978e-13,5.913232659576667e-11,3.235414908729333e-08,2.1716449829522243e-07,1.0018803632696903e-06,1.3567826297620757e-05,1.6196656185469688e-05,0.0001830513133844442,0.00016922206291304593,0.00144454356829554,0.008092873482237382,0.003229794132160792,0.005467303149127583,0.012065897635689863,0.04824031384789373,0.12752432179941117,0.15159917938327144,0.2501646249357543,0.6874281918590686,0.7858593140754911,0.8726140504415393,0.7381694460309455,0.8442733766102223,0.7958382602675041,0.8115260893998597,0.9623915197932879,0.6478492856227791,0.7882578724556467,0.7503076696810206,0.8626578996896287,0.7923305563027215,0.8111582338881482,0.6447741061134794,0.6902929322201711,0.4713265970320884,0.35860385143117335,0.5903311130788744,0.6031876101102722,0.4420439124232571,0.2627389767048494,0.2854781282020991,0.971825992599812,0.8970496247918167,0.8598636468160681,0.8229587271045606,0.8480365708327257,0.41038887994606127,0.639269015427953,0.5815473793801498,0.7083535770587331,0.9232780007292112,0.6954621626733173
13.999999999999915,0.264630854896235,0.27475392872955656,0.38013339979660316,0.9052222471488481,0.9469699335470397,0.6635616308697034,0.6493652583658371,0.7050251462768041,0.7750645271686671,0.9806038620164274,0.8959950257207832,0.6032226138347567,0.9627400890384804,0.7335883290042462,0.36610979747004174,0.3015774786688903,0.3009514312386629,0.4957278414912362,0.2866991488311895,0.39228729553936614,0.28105535941857496,0.28817234492182453,0.5541372314618913,0.9347865289393789,0.49510058729571743,0.33630547487119955,0.15246429563513733,0.30284826328684655,0.14500079237160435,0.058004701896329225,0.024317608687539034,0.012234185965067187,0.00915579168475487,0.0018406645981653372,0.00019552033888443576,2.0393787588202764e-05,3.0216885023240745e-05,0.0001800393790897725,0.0001458484693354293,0.0002840134383137923,0.00032283274731228595,0.003068204836130747,0.006437451935957672,0.006549077397713356,0.04048107540511569,0.014585511274308046,0.009932581650266647,0.00840356785382652,0.0006497528622932944,0.0031151664901003726,0.021018010959623957,0.031152009481200324,0.08515265773436825,0.0512530697833016,0.09849367962605556,0.2265973441708459,0.07157202875804942,0.04613485791579321,0.07051098396286219,0.057170171364376146,0.12164519791174112,0.03583245349725063,0.052935394567819295,0.2458473526522758,0.18175202984901356,0.29977694636498975,0.17570909353258993,0.10081666161111162,0.4033190064750176,0.04429848924414005,0.10275141409615814,0.044856289682257515,0.015181187633295633,0.00479407850646251,0.0015351815583204852,0.0021469385617389233,0.0002108341749078421,2.0435030241077336e-05,8.013749503502396e-06,1.583611935505231e-06,3.2393439585927325e-06,1.2421170500902109e-06,2.4626642506243093e-07,6.3875130479089e-08,6.095681255562872e-07,6.684269025960519e-07,7.77891989947348e-07,1.955880975010381e-07,7.463839433355466e-07,7.550248214330799e-06,3.120787563829872e-05,1.374357083299733e-05,0.0001229643635817917,0.00027437633499577933,0.00029282271910188387,0.0007129245304804484,0.0013765208182644835,0.0010700415104409368,0.0005432169275005873,0.00015689390890018587,0.0002506366159545168,0.0009290374379592736,0.0003959316332707866,0.0004760478315623531,0.0005094335284228598,0.0013272648704245548,0.0032187876570847216,0.0024161223617497596,0.011571332047645135,0.0030090105518889767,0.0036932755710290246,0.004563120447204085,0.006128264234200101,0.015276171687062435,0.03693963040000541,0.01586946037603469,0.015157889448507749,0.00552956726339717,0.006615486769770653,0.005979794144612066,0.009413506565162462,0.005951841131726552,0.012233180307358222,0.014147007348043326,0.020740009187923153,0.029189832026725388,0.03250515472823589,0.03275629144736365,0.053910335334988485,0.04095514660427324,0.11183633277956735,0.12444174235757909,0.03224995774321304,0.049136897498277946,0.0336706657566577,0.0069698647488652095,0.015163549737320406,0.043138182712164824,0.09880128161753764,0.31011563887157734,0.24416308925967828,0.6895902607702136,0.7305555991115383,0.5527138300840381,0.9551779938243193,0.8046760034140223,0.8843826930507434,0.6505728449442506,0.9103195930298361,0.8911489223515875,0.5906963691195527,0.9703680545768485,0.9418360250605824,0.9025459502813137,0.985286972452711,0.8636747597236327,0.8259702263549566,0.6196897085497268,0.44242697520762975,0.41945081677093043,0.1874157373677193,0.10266153853012643,0.01879480613072893,0.0650554679325679,0.07602569099988479,0.1518058179117146,0.4571735204315543,0.59198587940606,0.5711118251829651,0.7516460004063713,0.594192708799672,0.881504854690671,0.6988183761975173,0.7843268296151837,0.6818077128803882,0.2761507808214097,0.20270791602049798,0.08075370652175703,0.205435361270194,0.155240361561356,0.14098010552766554,0.16038944056011842,0.22863499477778265,0.2554950486089212,0.5801728125392949,0.6271468802919183,0.8318173229762812,0.5508729371009793,0.4197841076113237,0.12465617423279296,0.04895587250212069,0.07530665514741926,0.05178495868750037,0.045460536305061326,0.10513335200092558,0.28269522942862746,0.49833151249805757,0.6783726652232376,0.8744269724289905,0.8922905718864665,0.5333147737442056,0.9309113848292814,0.9574964548492519,0.6497426815909687,0.8630763928624926,0.7978123182816973,0.7413758296921189,0.8092305927942032,0.7514074897483388,0.3296445436578654,0.20718232908949405,0.31340749867644163,0.1431000800871349,0.20783308477091794,0.1382335622887094,0.04737815320847897,0.02931504868916566,0.02158935568403054,0.0028958798081560066,9.975331705309205e-05,1.002894165639627e-05,5.504229584543409e-06,4.0630844687722544e-06,1.0153308472510875e-06,6.308469297163298e-08,3.297812862960985e-09,1.390765863693265e-09,2.3324030892609206e-11,8.960722795595591e-13,1.2919424746385923e-13,2.72596877823727e-16,1.157076785830518e-18,9.145100695048542e-22,1.120867384074595e-27,2.6821807333579088e-34,1.701924837395118e-42,1.1258325469487903e-52,2.9557653167835074e-65,5.265950217728824e-90,1.256826925741315e-125,0.0,8.303423522293198e-135,8.082759924782974e-95,9.12473774006041e-71,8.342838786146627e-54,5.01445144082832e-41,2.1762722501016838e-32,1.6107801804650256e-23,1.97144626063412e-17,1.7920471584232603e-14,3.531763309349929e-11,5.217100195012385e-10,5.5707490428899435e-09,7.05864600848034e-08,8.667072032167998e-08,2.348733799800711e-06,4.304513237720659e-06,0.00015210689542431976,0.001312129591568242,0.000499572896635144,0.001745485037749545,0.003991251223847945,0.016357681553197192,0.03697519342079413,0.06699593111499534,0.14051083627853822,0.43335214910191544,0.9264278765695162,0.6727371635670025,0.8142538970569336,0.9665300751600095,0.9892061755313711,0.9961597773380573,0.698039407748511,0.9780604016199222,0.9362035840545438,0.9805028722104132,0.7899921566113695,0.5905516623952696,0.6742435065109452,0.5476256368879808,0.5971744979068571,0.3669170055734042,0.21311430015435998,0.4590970618219615,0.5845593828710769,0.48490349140335615,0.34728142399778983,0.3126289666436416,0.9575920055584817,0.9541216504914033,0.731957069324627,0.6978169036060955,0.8060709932362399,0.35670606260432286,0.5365560909640256,0.43279859054080777,0.525789675163614,0.7976444515897767,0.4896932676711232
14.099999999999916,0.46631834746757783,0.42771360987448104,0.5671929209598598,0.684658010874216,0.684285361957894,0.3403909017348427,0.2527928791821863,0.24749602123305847,0.38861492043154733,0.6275190516346469,0.848910802424773,0.8734434859975798,0.7611320626097066,0.9557559815940425,0.5761561613479338,0.4761402978909221,0.5708995196088172,0.9017672842166369,0.6224434979225442,0.7998828481900254,0.6910412754401856,0.708014316958326,0.95588406688763,0.46977101455388837,0.15477607107228628,0.06188098009730756,0.01723875791333077,0.06050579868161773,0.020829163680868578,0.009487241990587628,0.0020715824817098493,0.0008101915280656985,0.0010529231070803755,0.0001794928503902628,2.2017288606228742e-05,1.5694358202091973e-06,3.2858847026072527e-06,2.7666383869147592e-05,2.286143844349565e-05,7.99543551240059e-05,8.839417365377564e-05,0.0011668293457763551,0.002707047824316302,0.0017665983325309727,0.016540751185947104,0.004870490248545243,0.0037936909824331073,0.003605522480632614,0.0003956667334700434,0.0012054780839046628,0.00949206502711746,0.009951599586271651,0.04411433931553008,0.03610946751092907,0.06930050803550872,0.17588448848858446,0.06499529518490246,0.050646733302006613,0.07082232486612272,0.0543099544700916,0.11413825995636535,0.03653734129903596,0.08506124745368035,0.4107802341260919,0.4429263666012006,0.6845073033518028,0.3781412911906056,0.2118780212419409,0.6459324562962777,0.09553508581608434,0.1879106400907046,0.08029623279818447,0.027369715252875317,0.00967730827742434,0.0029075516526833535,0.005057579936987088,0.0002391188645443257,2.5596845638237332e-05,1.0261289300079837e-05,1.3868596248494411e-06,1.9586201513171873e-06,1.154882324559811e-06,2.648343936051323e-07,6.153175541739159e-08,6.978707859151375e-07,7.484161217241616e-07,1.6557913541102168e-06,3.998297955155847e-07,1.1773608696531147e-06,1.1628494758777187e-05,2.8200025193555397e-05,1.2104374361599052e-05,0.00010787454577260092,0.0002647049174864136,0.0003467975694272979,0.0008658380472769784,0.003420120972011055,0.0018299479348135865,0.0005622956269041811,0.00011119962561200936,0.00018762904059941654,0.0005615160614974238,0.0003117629126569506,0.0004629478108004976,0.0004987220411092557,0.0009014687852445648,0.0016314081494993823,0.0013644092152072368,0.0054133094552428,0.0015958395376856089,0.0017763600817639004,0.0017688896527388177,0.0027793158469940266,0.006443292432016676,0.019050380476409647,0.0064265747769726034,0.008149513897543455,0.001981539766203853,0.0016068056309332822,0.0012152207753262677,0.004438276103797148,0.0014801728857349009,0.0031179465739284117,0.003406919383328131,0.00538372307689161,0.01763631085901357,0.017052738505146228,0.017478048148420734,0.035567590415781634,0.028229051756649196,0.0718569289799693,0.08535504758649999,0.024228928196955338,0.032116440007091976,0.017266812124462346,0.003586640417455531,0.003633878531215689,0.01521748001955086,0.04329161382801269,0.1410800939939399,0.11816871969662886,0.3952082566733901,0.4218595771430412,0.2573008168256323,0.5785004959411454,0.43579859909848917,0.6590016323906697,0.7711707323432508,0.5126908713457674,0.4891837843138821,0.851726648932796,0.5327974011759845,0.5482111251280549,0.46774143093254494,0.5885574899005769,0.904676211583338,0.5608025249068553,0.37510236625238247,0.23255144341777936,0.21968266280703258,0.07551598257916847,0.05095148839894215,0.009395795817624937,0.02621327570550052,0.03583807750933956,0.09213088482214861,0.3994205015919209,0.5491990350633915,0.6240304954400873,0.8864233546465486,0.7615878020804673,0.8012206477193232,0.9518784592679402,0.867204960818825,0.9606529039896503,0.4516795465053474,0.3479242338759834,0.16705881153479615,0.3561224311067404,0.2620236807113489,0.2305271420712119,0.2795900343284291,0.4231125996815408,0.4733204666902726,0.8636899226491013,0.8918929217126638,0.9706183968336495,0.8078565291929504,0.7403181645612514,0.3590411560359119,0.22775881351498914,0.33777961677635754,0.22979658580723614,0.21803522944546178,0.3202052308985725,0.6244186230486762,0.9099433720748978,0.8810955062059896,0.8662207537824267,0.5886791916014358,0.3295654511503016,0.6483289261452051,0.5922407513799188,0.8938409527801371,0.6870396876981446,0.8697427055013699,0.8518549667861763,0.7877997742062224,0.44846026029668135,0.16523770738701268,0.08988942912433222,0.16205671061810586,0.06111520180040638,0.09905764957151456,0.04953428013818738,0.013554559521972256,0.007295072639167764,0.005700488833847812,0.0005567876296681462,9.408699438372003e-06,4.83007003667917e-07,9.141107979335818e-07,1.037876929609561e-06,3.140053388426172e-07,2.356246065585367e-08,1.5156428126603664e-09,8.524259903962659e-10,3.762797209337388e-11,6.7933867720975914e-12,3.957608506588333e-12,1.7251828734544687e-14,2.82562263507913e-16,1.0434572453526873e-18,5.2063874533464975e-24,1.6494857082275915e-28,9.242589555698715e-36,1.7118127639768714e-43,8.870864541043919e-51,2.2054006262902173e-68,1.088396480279369e-90,8.303423522293198e-135,0.0,1.2223835560230988e-128,3.482945692859792e-96,1.5486326391979914e-72,5.747795820617289e-55,9.126420111382128e-43,7.995843619210387e-32,2.1731840472502825e-23,3.2217296353035243e-19,1.0132452316500241e-14,4.5865745740839856e-14,8.322223078785574e-13,1.9160530203161398e-11,2.0873573689014288e-10,5.395143201590819e-08,4.224374717456738e-08,4.899341454348009e-06,0.0001302615987098273,0.00014577862030352027,0.0003225708389231027,0.0008872583421509127,0.006506946519931276,0.02222885475954649,0.052519307040826614,0.1378399273977367,0.4180782804010129,0.8533250534667404,0.6326144138147887,0.7841867962733674,0.9874472998522174,0.9584258426541123,0.9307223175893491,0.6772061214758168,0.8785540192863364,0.9573926580453094,0.9361165224086264,0.815985954179643,0.5223031765767622,0.6062396153041157,0.4528557404536612,0.5338690421066262,0.29743645096980686,0.16363740623813444,0.36331253034928823,0.4242420188635996,0.381472499300587,0.2609727612799101,0.1955976561505122,0.8489083739553753,0.7658049137830385,0.9148797304643328,0.8517061392524695,0.9767735969020034,0.41929409242204346,0.6519231207284157,0.5273928543451478,0.6076493078614599,0.9241274940979601,0.7473220743330395
14.199999999999914,0.2735138450542664,0.29399228436109287,0.41451848273490316,0.9331392205974833,0.842289667910918,0.5180500003615337,0.3589679937994748,0.36067238334205665,0.6026828701195212,0.8502132173931405,0.7703141048949402,0.5055880473173562,0.7883922059179299,0.5251544827364459,0.30970147528513187,0.2546101373834102,0.38152959044573614,0.7176662640424752,0.4615869658085931,0.71355884229931,0.5804757361099561,0.5483879666265177,0.826311446430886,0.7260381172304672,0.24882025465368246,0.10609813683938417,0.026635215982812703,0.09225318730817228,0.02622143084755115,0.015593696087378187,0.005379764896410191,0.0015913062806066315,0.002436307300241554,0.0003221401367204532,0.00012170862921892628,6.684751860723505e-06,9.431652753150086e-06,5.887077644299296e-05,2.7473691997995418e-05,6.532280447531492e-05,4.0173605121608356e-05,0.000710307648184615,0.0016787516643720693,0.0012463724318715543,0.009753420679339537,0.0020095272723938923,0.0011860818182385252,0.0012171114520810875,0.0001383320698614021,0.000536431188961617,0.00717896987479185,0.0077790152609091365,0.05129022307074775,0.0508408970387528,0.12580070913974914,0.23506125221346932,0.09574122743199909,0.08341004653762937,0.11733069248274093,0.08278709371068861,0.18334811721567104,0.07651835877747579,0.1974432653972803,0.6114834527775568,0.6348371191938621,0.9035594106959103,0.5031478992393754,0.2513706240696843,0.7969760575708538,0.18845671780994352,0.3868268032921121,0.22211981543697606,0.062246966223577664,0.022236201358971117,0.008985471269976028,0.02095326702231338,0.0008789907421668566,0.00012129931864122435,3.798660783085307e-05,4.673859953439932e-06,5.507988072868026e-06,1.8075528196973064e-06,1.7390946502082512e-07,4.5219448510411876e-08,5.092780454893746e-07,3.1154005434293927e-07,4.2267149980471777e-07,2.1370390369260662e-07,3.2394967925029685e-07,5.606821847708135e-06,7.227642468832031e-06,8.934890875796998e-06,5.721572081229064e-05,0.00013682963286337346,0.00022914965912391376,0.00040609239392488413,0.001998682477314606,0.0006104195629074999,6.699752495240407e-05,1.2075343675626744e-05,2.533939099629151e-05,4.704397514593394e-05,5.309193463918888e-05,6.738596196795559e-05,6.194153359852235e-05,0.00021199301589175802,0.00026164703679885194,0.0002464689021716674,0.0017479152081051985,0.00036692447402793406,0.0005257830081884874,0.000361758239382557,0.0004305502270204787,0.001811294842258746,0.005334750903450916,0.0012247491292895832,0.0013693217985805278,0.00024197855009847082,0.00021832430057188026,9.867240540776547e-05,0.0002945335642175421,7.944036468814763e-05,0.00022126662101607292,0.000577034736617567,0.0014624832728251066,0.004041264807852148,0.00422702381684244,0.003812489283046725,0.01181224092505486,0.00833673977469799,0.024043796509141412,0.03638295563218844,0.012343283132227512,0.015193955091426875,0.010745632416612349,0.0034354284528780314,0.002691410597063381,0.01752683000131118,0.04511403542111409,0.11132292894683428,0.09727673287193578,0.29412657523075003,0.3327636122593606,0.1797089404702901,0.38619341520418493,0.20450990873684538,0.3616972570233824,0.4014205197359641,0.3128984544533213,0.3153118455605912,0.46265398792633133,0.2999581116100235,0.31075846934754214,0.26199859388796726,0.35722747628439305,0.6102633568933361,0.4267849423032712,0.371751133012443,0.28126367255795615,0.27881661404727914,0.12204116875331608,0.104940819688814,0.023690171524266376,0.05846278972135817,0.06394623914994431,0.1504414401691597,0.5300680346107239,0.6518427748309896,0.7486821023161446,0.9437138872989709,0.9671969982071431,0.6041012788807227,0.7243722209928649,0.6212194264248099,0.7257640451046625,0.6233739117940899,0.5160578478958141,0.2939170895682854,0.5212445958689133,0.3655892995080594,0.3193461578848027,0.35416003006787,0.4355307617889898,0.49938576236316473,0.9406246893285071,0.9489599767872532,0.9404854517444837,0.7989766706897768,0.7206676833885035,0.3381803238151,0.23824262032913135,0.30329016374761103,0.21473399258560763,0.2056022811090779,0.33704452266080914,0.7175790905023046,0.991497537956534,0.827842421569688,0.9058939658450822,0.5861523367301549,0.34856678356935805,0.6449884795413084,0.5867629562526506,0.8481100963711786,0.6339972127210529,0.7738095973871933,0.6337680461589306,0.7153815264653127,0.4092357340361666,0.1473335520292248,0.08469223604388472,0.10553025288009439,0.049059817076052566,0.06220680048873691,0.027378568723774387,0.010043251585970001,0.0072496795639954825,0.0076472553655518635,0.0018741183832203258,4.251264065681828e-05,6.331134170138788e-06,8.127693802856851e-06,1.023155167295199e-05,7.554560151792172e-06,4.2705029693558e-07,3.4469825775375744e-08,2.4538862786275494e-08,1.860727331751765e-09,5.537648593061453e-10,1.292152630269801e-10,6.301496310022775e-13,7.404544965083623e-14,2.0330507759841916e-15,1.020214331157345e-20,6.059443159555913e-25,4.281635339602473e-31,1.1225576042597745e-36,6.4079909207533775e-43,3.143684638683823e-55,4.582630900805308e-69,8.082759924782974e-95,1.2223835560230988e-128,0.0,1.1267231030064155e-137,2.590294124235799e-96,1.596915821874515e-71,2.032089460895412e-54,1.607764515445923e-39,2.1631179090302576e-29,3.494739956966898e-24,3.733788490981526e-18,5.565326815751564e-17,1.516072962962106e-15,8.198476705091999e-14,3.311075383047752e-12,1.3304555543985439e-09,1.0757477192443535e-09,1.7760076806082717e-07,8.323134827022419e-06,2.3219094938316095e-05,7.925595605217121e-05,0.00023820417992067157,0.0013875096741729,0.008464013400926796,0.027462591326621134,0.089472737044119,0.2565978376820788,0.8753824145719339,0.3757281819369374,0.9106282106704207,0.7646920347216737,0.6397867011266672,0.6935791245337082,0.36098656683180574,0.8243230311167908,0.7729381580817122,0.7704400700302625,0.6340462622342246,0.4900104395650417,0.6469725579833819,0.45200405320416404,0.4511101120199744,0.22949220988836103,0.10891546061214115,0.32607146339796333,0.34314465677902495,0.37538253773548275,0.2481437456047483,0.1552518646130408,0.908933603857093,0.8161168860531148,0.7144649623452431,0.5874039898266415,0.7930854570777952,0.2793069621073746,0.41929700845694967,0.2785018205516096,0.3211366903010141,0.7846039867402477,0.4666174084800333
14.299999999999912,0.25684780798734036,0.22556610419936893,0.39632314070773567,0.9277874898032823,0.8936215035620768,0.48242210205182195,0.38223958217297405,0.3564471879535392,0.5860126519861601,0.8604369380707847,0.8093330964021064,0.515282162971393,0.7885111179951628,0.479271135111271,0.35211818107048987,0.3024438821060705,0.549927892089706,0.9084520821693993,0.6066353111239998,0.8100233057119183,0.7322132334466027,0.6098711246127774,0.9243762379449809,0.6100297489095021,0.19049481631161244,0.08949880150866325,0.0246135035105827,0.09459630029443894,0.035645542111936414,0.02661284561944666,0.015859957991201858,0.004894881031842821,0.006403096297033119,0.001642416541744169,0.00048618579458255674,5.2957762169553755e-05,4.81166999890674e-05,0.0001323999399816452,7.131673678991206e-05,0.00020198152366429734,0.00019756778283382264,0.0014332354523248583,0.0024455774014544717,0.002737251892380986,0.018952664756898167,0.004953284461914436,0.002484233110446685,0.0023419896021455717,0.0004014870488598939,0.001103870956934606,0.01884190432148169,0.015920708431658034,0.12086462644689065,0.12162038153293757,0.2650501838636071,0.393569328975995,0.20196891364842606,0.15451150237808206,0.2470865917086266,0.21546962458491736,0.4486898733632888,0.27890368758341577,0.5651703735512515,0.9266073544663226,0.9243963885027316,0.7743638371527646,0.7341620541698796,0.4207834330894594,0.9755414631880308,0.29301531200249836,0.5205480190123879,0.26046714676824423,0.07578430910494777,0.02048684558449252,0.009189636961853882,0.025628425834634875,0.0007013452384648567,0.0001179532284979355,3.4225503787121095e-05,3.992803570323503e-06,3.3996622858569912e-06,8.646091473672927e-07,7.765100439979872e-08,2.3580808047989445e-08,1.694055606128489e-07,8.418024889121872e-08,2.225541834209628e-07,6.759031215843913e-08,9.103095106302104e-08,1.7748922330114362e-06,1.6408529372004113e-06,1.7998771939190135e-06,2.4130756877890472e-05,2.8298208381834638e-05,2.7990706582300405e-05,2.2820137318086154e-05,0.00012768516265990152,1.90424472189356e-05,5.793293025600872e-07,1.1655420771216265e-07,2.184217032869533e-07,8.353383636516725e-07,1.7317522175250114e-06,2.346130560386385e-06,2.1797336974432792e-06,2.0732733485082974e-05,2.323687917406966e-05,2.6840399322053892e-05,0.00012580946344503048,4.335112112353346e-05,6.511371799971033e-05,3.655369145986085e-05,5.8374388985009575e-05,0.00013036291526372968,0.00036726547582338447,8.931928139905906e-05,0.00010152155199433776,1.4593372821542626e-05,9.814928894945982e-06,7.000956512038252e-06,3.271121353059297e-05,1.035264924324071e-05,6.332322761700076e-05,0.00017132596787869644,0.0002850590372892376,0.001626700830297912,0.0016892569854656796,0.0021865293359654937,0.006751283104241872,0.005953092160796291,0.025094152977753734,0.03979828717345441,0.014492826738421623,0.011425959061953032,0.00762184867515933,0.0022471692850284156,0.0015798189186706359,0.013395374713157446,0.04187817901821701,0.07901168199619325,0.06957698106600925,0.246092523817907,0.3032527350550306,0.15115554610040643,0.3546370747857254,0.1524295224256837,0.27847340560758477,0.2869297844041474,0.22638094006840628,0.22564751958181423,0.3536484520774538,0.21713313666027637,0.24921907681423497,0.2061409218666729,0.2781324539155307,0.5458455905055877,0.39568455786362383,0.33972268415936197,0.29167213526028213,0.2862342492067298,0.15189471267501892,0.17355203990403498,0.0432112943186526,0.11039037905327384,0.11527249086056768,0.23863901939036591,0.7065472306697393,0.8411769743669624,0.9536817613794154,0.6975869485456365,0.8422510747896974,0.4561161444589582,0.5970021149102585,0.4844386193630366,0.5335444626140081,0.9140875186509474,0.7534213592245512,0.580107493686833,0.7730286972593526,0.6238425875341332,0.47130694857503114,0.524854453105607,0.5979641793036173,0.6291210293054176,0.9869631306814647,0.9510360117015191,0.8867305131185111,0.9055036346793951,0.8166797950644672,0.458908187517428,0.33041141814904784,0.411325698480146,0.3234401234864187,0.2792944816959211,0.43780819290631207,0.7837956228001332,0.9876702609620959,0.8885355303630945,0.8715329763046729,0.5777104050464075,0.3233204148659474,0.44448294850563724,0.35525637485389494,0.5485446631171739,0.44756972107543,0.6310037900873944,0.46647487919677183,0.5463407034764566,0.31246729940871987,0.10262207139275327,0.0626857307008275,0.08905913691413886,0.035503635048868325,0.05629789869148531,0.021245844926081125,0.01076748125500397,0.012816675970635967,0.01623047247172617,0.006118270980974081,0.00027560782591390913,3.781729246046877e-05,4.90869419514378e-05,4.877714103437719e-05,4.007332442575549e-05,2.867315919128272e-06,4.229306692327531e-07,4.0787741815347514e-07,3.167456470465797e-08,3.0275894065343694e-08,8.267018726472976e-09,1.27536565379127e-10,8.058186245432022e-11,8.008222734744962e-12,3.933223251384065e-16,1.0806818987094239e-19,7.629162876735981e-24,2.222741259072651e-28,8.163229272111185e-33,1.0431101531086638e-42,2.152971947239733e-52,9.12473774006041e-71,3.482945692859792e-96,1.1267231030064155e-137,0.0,3.07566775963789e-137,1.0330594747202093e-96,3.7462269981056896e-71,4.9321676478629986e-49,1.4907169167742926e-37,3.570599040170689e-30,5.2448576052474994e-23,1.1192994170844136e-21,1.7079191674692813e-19,2.512231505841049e-17,1.5480084619511636e-14,4.2650756957102336e-11,2.8343543492330823e-11,1.5198557976541367e-08,8.558805704061983e-07,3.313720085362753e-06,1.150695840670023e-05,3.5283189398076155e-05,0.00022724627323296605,0.0022145086175523973,0.009620005018208443,0.046316536059990816,0.1248251665439084,0.626944810539657,0.2263326272846877,0.645539685552355,0.49037723373411296,0.2938288581900652,0.3374829616888574,0.14915588269288255,0.4149765077809513,0.39436461759023717,0.444392893382775,0.3927875774563889,0.28235507255979775,0.5057717482231627,0.3738194551018592,0.46866412266858093,0.24516382540023055,0.12422388305278716,0.32764237468268315,0.38433943549716204,0.43088927653603787,0.32052726384916763,0.21384361306976407,0.9659317427729988,0.8845104861729516,0.6651104555876759,0.5652252817940897,0.8675291481934588,0.3295949499761759,0.4162392450151219,0.3421564761556876,0.3495404249848379,0.8476964011037146,0.49574524704566775
14.399999999999913,0.28747623728047617,0.2786609701360479,0.4195626895513853,0.9882610835555711,0.965674376362445,0.6639607126558162,0.48544650043740395,0.4208363675905309,0.7767542665490408,0.9804554191993556,0.573174728677598,0.38483699774624086,0.5245298260649767,0.3258160815807349,0.25749558390101673,0.2109926813486562,0.41154838204208793,0.8138630426622707,0.6044384954117048,0.8157061353899026,0.7369469475573003,0.6108366168740738,0.8571080728423154,0.8090612199140003,0.2668926799252465,0.11141462638011501,0.02850730508987462,0.08468128186524913,0.053204106416260895,0.03698263155957449,0.018624148345777605,0.004104301896184343,0.008809309381078524,0.0038636645926952455,0.0011061989701846898,0.00012635996048255814,0.00010386517417203511,0.00023353791915366968,0.00017064084036469011,0.00028768455691186837,0.00017192269363854599,0.0013005164457850946,0.0016535560561941492,0.0017183007743074403,0.010257287983461585,0.004236413605305753,0.0022374265410740174,0.0028181548599535105,0.0004776840180188574,0.0010176935871894855,0.01566515538979187,0.017139921508941402,0.1442953098578219,0.1910102802607167,0.3690966498681346,0.46942981619554014,0.2777442195597211,0.2268172944869242,0.2844408850660775,0.2030905360135941,0.4044900647495482,0.2489571765856504,0.5332072082334366,0.9074679592131231,0.8278499219797902,0.6831339755315259,0.7091964773293805,0.4118577010791575,0.9180177476324991,0.24421056338094346,0.49753510323440114,0.2571340262063965,0.09774910501360562,0.04678593691581494,0.019682442184853915,0.06315498810129903,0.0015813503114530177,0.0002749512048673604,6.601320936649881e-05,3.448931145112738e-06,2.793164733887111e-06,3.732613186585248e-07,2.125032914046882e-08,3.983175209902536e-09,4.3388113940886e-08,1.1488312441509652e-08,1.8927607633665053e-08,7.516155531430584e-09,1.2872793245674864e-08,1.9737714547583868e-07,1.3648415355198098e-07,2.4819353459072126e-07,1.7439289415851225e-06,1.6641453756174445e-06,8.905736781256288e-07,8.855614799111132e-07,6.052138015866064e-06,6.508919416829321e-07,1.870388978313416e-08,7.037089655092991e-09,4.4536995399327706e-08,1.4533919677396132e-07,5.605000785278719e-07,4.492317569571511e-07,7.043568988818108e-07,6.384960482135927e-06,5.301813646457887e-06,6.5668534508209105e-06,2.9631424885430934e-05,7.799308337847545e-06,1.0395382037759849e-05,6.171634677058821e-06,6.526058512807279e-06,1.519805766552611e-05,7.11615231757085e-05,2.1237197822819913e-05,1.9336515706535522e-05,3.156994344489185e-06,2.7545080370707915e-06,1.810463203126279e-06,7.2937822156268865e-06,2.0071324385437024e-06,9.581867958705409e-06,4.945000622822215e-05,0.00010163071405899223,0.0008844965691516458,0.001523617441172001,0.0020521785622317416,0.0065916820405784345,0.0037879350825723523,0.01190551161604555,0.025942044324697745,0.012294080684692616,0.00930525364743107,0.006405110621186332,0.0021708185703626804,0.0017092102472293623,0.01127261116063111,0.02579253472925634,0.04009635361041975,0.033901922884917716,0.20185089053497238,0.2479819243652032,0.10612629439700116,0.2607083823115407,0.09736930677611531,0.1770704526721768,0.2441455233342939,0.18395528828445212,0.22560870244794903,0.3484523900137286,0.272221608743236,0.33915886558968655,0.26969600425661994,0.3704843944643119,0.7544407764636595,0.5702043984753372,0.554408908956766,0.5418318657382405,0.5651124998448831,0.33228885348292164,0.36053782020651964,0.09734887962439824,0.15569959696155877,0.1488768707131807,0.32925612728861225,0.836783410499591,0.9786847895287383,0.8438408728130742,0.5794068620460374,0.7405791429433898,0.42058701788683367,0.5618332810506781,0.4764883964089946,0.560773722963991,0.8055579736331244,0.6320222648604694,0.42957993046366344,0.632645029885436,0.4916695865722491,0.4454255417923304,0.5397613992578953,0.5066271353689044,0.4924504126536032,0.8204714452598746,0.7421549301501833,0.9577090740867938,0.8227778295590303,0.7783949473338975,0.5661265601053846,0.4945490057076337,0.7098281546708199,0.5637284333605705,0.5006829262850397,0.6598041672175479,0.9390802136899258,0.6931135056668565,0.7006590125155702,0.7583198131517171,0.4781917548325286,0.32619018131298055,0.4554152657867822,0.34435953427795873,0.4198079665737252,0.3435952317944125,0.3670528838986561,0.24325912225529497,0.25331328009977067,0.12454462329238906,0.032747134051490726,0.017789858131100036,0.018671671952051085,0.008519504202724031,0.01783432023482282,0.006492839357241663,0.004995096933339515,0.0072604012591814615,0.01216527293970085,0.0045835244663331555,0.0003125589230774644,4.345421164960046e-05,4.104024669686773e-05,5.248984974558198e-05,5.73619035181784e-05,7.179258096066372e-06,1.5595072684936925e-06,2.6058737939922983e-06,2.5388996635238994e-07,1.8595680946889332e-07,1.7743115892824248e-07,2.502882643257574e-09,1.528146192684215e-09,1.9641921259898138e-10,1.546431755504126e-13,6.166432058734807e-16,3.4220065774498623e-19,8.319195841816153e-23,7.530014911354233e-27,1.700472758234421e-33,3.4088559992105586e-40,8.342838786146627e-54,1.5486326391979914e-72,2.590294124235799e-96,3.07566775963789e-137,0.0,1.7697961510274976e-138,3.2976842593033348e-93,6.090284283570612e-64,3.6338398539268093e-47,3.8135750795182586e-38,1.439830681467904e-28,6.832394327113496e-26,3.869717674997382e-23,1.290719332562802e-20,3.75458541755584e-17,4.4196171488072097e-13,5.33198688453457e-13,8.049207478975614e-10,7.636415971057116e-08,3.142267187405986e-07,2.4875102690719044e-06,9.189216496607062e-06,7.880437687427998e-05,0.0008539232246714013,0.0039768059931207436,0.019715994484609468,0.04908887278367041,0.358633744162352,0.07345400076477115,0.41845612621863776,0.29264949077850155,0.16111734923645354,0.2122518163661037,0.058628488404151524,0.2313837692197878,0.2605626623469318,0.291287842291383,0.31674413498639464,0.24659994978714192,0.540916967863679,0.44525945275736567,0.5951397992178088,0.34629435345008397,0.15207367210983044,0.3661757301002219,0.48421440424819745,0.5542694211314378,0.446173889248303,0.23569077341203346,0.8143443827882818,0.9406877189056433,0.5176827397553664,0.41705565320841054,0.7986518093562305,0.2842305205953111,0.39152757540565,0.35888952275352975,0.3412122048927009,0.9261510388854267,0.5138313311317269
14.499999999999915,0.40067618810858247,0.4819945070685459,0.6972012339448292,0.809770468363834,0.7833911062440674,0.616169720058023,0.40828310161130554,0.3528639276610284,0.8168973464906607,0.8973821395521935,0.6350309268689242,0.43650180171272285,0.5706481342080488,0.32930834527379516,0.35992746740660186,0.31597319153046427,0.6293307618349918,0.9123736832529117,0.7629797557830461,0.9380444280549195,0.9916477344595582,0.9567000112497843,0.8971472675348734,0.6725204806792207,0.20891894141643313,0.11725211122617253,0.024714155260169235,0.07792959176290151,0.06667139245330567,0.042277973093470256,0.02925574758510182,0.0049464846082564,0.0159679422199606,0.0077955833352100525,0.0027158189669399114,0.000643215773712879,0.00032193890754898564,0.0008779887731814134,0.0003686623709458942,0.0008160660471183814,0.0004908871720702188,0.0024161630401112267,0.0022242392086141392,0.0028446914944223107,0.011265403525980626,0.0048828279090361495,0.0018415300153776205,0.0020376121234833107,0.00042945058857483254,0.0009495786744010812,0.010988024611844064,0.017969373464729106,0.16432270989607903,0.24699368114807055,0.4102533241341258,0.49975595548747703,0.3726660306020766,0.37748535903592645,0.5233570182434917,0.3810257407497484,0.6774257295132292,0.42552227903256584,0.7235875047582397,0.7048823263064689,0.6516243206136908,0.4605279435382634,0.9123458629784962,0.5031813098531864,0.9171648719712466,0.23901177222331377,0.523521048595776,0.31093913355466407,0.09654073751582537,0.04606137507365011,0.015586219150108264,0.06708920135221848,0.0016570578415244634,0.00034758771146262265,9.457245783849151e-05,6.462136436095802e-06,6.212949969598377e-06,8.935769009145967e-07,6.84662861838659e-08,4.74672817520729e-09,9.541389106882798e-08,4.09851523239592e-08,7.838125125857816e-08,7.554057004310829e-08,1.054924491408057e-07,1.1486833629678862e-06,6.801035234004831e-07,1.5858081607663313e-06,6.3667155928316646e-06,1.0050129075836896e-05,7.88918173046704e-06,5.148716442994582e-06,1.625099208320201e-05,2.0659138757125745e-06,7.389616813741246e-08,4.660893818832571e-08,2.824382476487321e-07,4.653693244398655e-07,1.2775759309086942e-06,5.472249603796267e-07,1.3349838195716202e-06,2.0063438291936975e-05,1.0233408379098611e-05,2.1201682588289794e-05,0.0001404328776049691,4.3970279536678894e-05,8.30776860571939e-05,6.36087503211304e-05,5.2140090010934096e-05,7.206036556229308e-05,0.0003273780068178943,0.00015336886593215213,0.00011931065983610123,2.018895731370903e-05,2.092351464442378e-05,1.1977959279952882e-05,2.800897078916147e-05,1.0803972541781023e-05,4.9357203259675335e-05,0.0001954454432977836,0.0003790205837946783,0.002443020382765052,0.006084274452367324,0.007301897238083851,0.020067314107834452,0.0117756365348704,0.03880539326564211,0.0922315255663129,0.04695591636084412,0.03339727295077149,0.016271887152826164,0.005789787830671889,0.004976896598335077,0.022025247212805743,0.03885298052515684,0.05607922450882543,0.0568658185900092,0.3326109863230943,0.39233829991381,0.19314282185292486,0.33273529280320796,0.14246151331661439,0.270727560856533,0.3206833750165714,0.2688335210972687,0.32728929658888606,0.45620996143534487,0.41577709984145206,0.5176211628997901,0.47387279277403194,0.5475605689784273,0.9915787558687197,0.7981945148062826,0.8925647866563646,0.9734434675682226,0.999605721154834,0.7323071112495345,0.7026173234512426,0.217506636059894,0.28467785755653074,0.2273857136854867,0.4016435264244525,0.8249028072088052,0.8739603194574166,0.917360861236222,0.8993246073138192,0.9502509113929394,0.6550982014131308,0.6717048956478655,0.5645672105178258,0.6884907117466732,0.7197196284674939,0.5927520072551511,0.42862046476090526,0.6251425202465178,0.531191491791653,0.45875349445500574,0.5275261300706791,0.49778552527527237,0.49838187337160417,0.7736232371999882,0.6873886506352731,0.8757205966579178,0.7350245722415539,0.7195768290332167,0.5372488995257709,0.4811192335207588,0.5809112387606086,0.4384366976863093,0.36663589218120335,0.5143128095740117,0.9542628603098109,0.9171992308904164,0.9464425112434935,0.974730590862853,0.6497889028903496,0.4822837588550744,0.6602879288794113,0.5494218489819944,0.636242340976251,0.48648436855391386,0.4727452589547423,0.31033649164620203,0.3832277722531735,0.21204059513910775,0.0796810183248981,0.04830885045629748,0.04416200132305583,0.02348602415951626,0.0357417290119724,0.015455296341501666,0.012339804271436567,0.016737468412969775,0.024560941215282614,0.007458236047397731,0.0009366133687824813,0.00015279105757567965,0.00010552790033652618,0.0001569517752074957,0.00010462946068604573,2.9059509178954673e-05,1.0217190701343216e-05,3.075775558229098e-05,5.696338373562227e-06,4.077979434690157e-06,5.35804484618986e-06,8.494854501837148e-08,6.96395476741755e-08,1.087886569622266e-08,3.968894549989426e-11,5.3562161013605e-13,2.261776522741706e-15,2.1878805565141312e-18,1.5785105373004123e-21,4.7285754564468755e-27,1.12300070503518e-31,5.01445144082832e-41,5.747795820617289e-55,1.596915821874515e-71,1.0330594747202093e-96,1.7697961510274976e-138,0.0,1.782276811239874e-120,7.682093870004437e-79,6.244786849397547e-60,6.45760714178696e-47,1.4337629081527298e-35,1.843942306768037e-31,1.966419339738937e-27,2.5643572399360838e-23,2.868500580105145e-18,9.649903170403869e-14,7.630387976330787e-13,2.4118346549051593e-09,1.3488459697998805e-07,5.35007231398698e-07,8.588320353408798e-06,1.9841978666308182e-05,0.00017727391023418916,0.00251160170395421,0.007971331080362777,0.02895556753448101,0.054550613751723986,0.3247681453490988,0.07300489464514887,0.3842178818002231,0.25080469809833217,0.11973475242738349,0.20217574270224153,0.07165496100590162,0.20424587510739126,0.2697412084865325,0.29305757958304757,0.3275523507800087,0.2767714000541369,0.658098969955012,0.572716949727701,0.7246937987977394,0.505179198200121,0.250605771693378,0.4802145934410055,0.545236899475321,0.7010092662710726,0.5449830471663467,0.2867967129969291,0.7164302188188602,0.9409785227008152,0.4514087433074622,0.31993397586350286,0.6950303922409646,0.23354075421389045,0.30710447036758975,0.24933872264890292,0.24213494730897472,0.753677494300304,0.38906119879383666
14.599999999999913,0.4111447715525868,0.4543360308831772,0.741800885818134,0.6169804700591063,0.5904223350392555,0.4397069076853708,0.3570455321217119,0.2887989156231057,0.7536100797130523,0.9377569419775788,0.5255188414888141,0.3667148247347891,0.47900461128786914,0.2852539685862915,0.30144972818995147,0.2512710320607926,0.47369200474371925,0.8175865368573154,0.5576393164556264,0.869414610207126,0.811989801445386,0.7544408945492879,0.8472685225530595,0.9898493395582122,0.37033611781088377,0.2515670018824557,0.04481151118662851,0.1403021880390223,0.12494735787130772,0.09637737676738432,0.07235573330746403,0.013859807258534779,0.04310144599752901,0.016821678250095905,0.006858644048804818,0.002089405841386882,0.000619407062560153,0.0023739707201519255,0.000661701978650235,0.0015738117114988425,0.000747904029558597,0.002242016167970346,0.0023781010907775258,0.004201650992117376,0.021151641613877368,0.011478592185638672,0.005931639076663891,0.0065493983899790565,0.0010939644541732901,0.002116412719640641,0.010504728187831961,0.017229417329291348,0.13229401767586205,0.19401375981378927,0.4519907016974473,0.48654003717947025,0.34780950338137623,0.29012853427105867,0.40533911229800723,0.30333508696450967,0.5548467544791664,0.3823787809202489,0.6421100498221926,0.9568652131555418,0.9980865178948312,0.9008738178969901,0.4200609462544839,0.19942284564231677,0.43951752780616266,0.06100304578786246,0.19578553350735087,0.07390075935552444,0.027346054814958578,0.018959189071171723,0.006625843876658896,0.03451574911869311,0.0008503600841888922,0.00010289006347235693,4.099626380734175e-05,2.1219669478674463e-06,2.1329958536337313e-06,4.580023201839407e-07,5.3886702037196144e-08,6.104249613075163e-09,7.871357690487363e-08,2.4221068673049856e-08,6.77298075779589e-08,9.80984070737307e-08,1.4414848515055242e-07,9.23169750185269e-07,2.675745620247213e-07,6.548623747747122e-07,5.475195791601186e-06,5.123085752751966e-06,6.653088866690464e-06,6.19822056803883e-06,1.0173731980098007e-05,1.060363272625797e-06,3.6949791162039785e-08,1.655288881815813e-08,8.963908332731829e-08,1.0311920718111617e-07,4.417975241429723e-07,2.519130013119267e-07,4.884059561092748e-07,1.0098854443084088e-05,3.824951057599468e-06,7.393384130051246e-06,3.7562043756265284e-05,1.1076529701749723e-05,1.2500724423161156e-05,7.080295470185692e-06,7.632297290739048e-06,7.818170355128177e-06,5.058879984646062e-05,3.327472164013744e-05,2.569126747127828e-05,4.992341555194814e-06,3.824274398062283e-06,2.3986942617614308e-06,1.1206161100978885e-05,7.606412025112032e-07,2.83375847021751e-06,1.8989853257786767e-05,3.085603171037942e-05,0.000488307194837618,0.0015445394353771735,0.0024378752670278603,0.007576582800244452,0.0039029399862740887,0.012526133780308802,0.027758590319219522,0.01240558062293133,0.00750588637678087,0.003157227934748021,0.0011299443749774522,0.0007609543008423676,0.004704102386336344,0.01042605787619385,0.01756674568753908,0.018802189499176697,0.13931299170857575,0.17557877016309686,0.05298996862488469,0.09617057488258439,0.041511983319177076,0.07820752552388957,0.12050786055321926,0.08356945270797411,0.12076887669337918,0.2701573429725048,0.1604355746761932,0.21524424830069136,0.2295643281910812,0.2980501595874528,0.7520741183563788,0.5065247539973494,0.5306388220379085,0.6162487841037857,0.7249534692382763,0.5672162320779768,0.4221259609621817,0.12849354326065363,0.19574318647689198,0.21147760943168487,0.3762894716235799,0.7892967498908359,0.8056918753500044,0.8619941577349247,0.9047133197838736,0.9766734217210239,0.5942081555600426,0.5057701004959467,0.40916841491397893,0.6000257340485085,0.9782887884978142,0.8547767695663707,0.5974779138606126,0.8604635854796931,0.7279102579682665,0.7482361049787853,0.9224330524056906,0.8962596027338551,0.9462725031119076,0.7718030887160768,0.9771243918304967,0.8554408571164981,0.9212446542453474,0.8945353394799556,0.6986765269630038,0.6140896510225355,0.7993234513266102,0.6311134612125893,0.5546352761498814,0.7372592217690292,0.8879002907428573,0.8355045162750492,0.8526970892952083,0.8084327741023178,0.5195053371986217,0.357042355841973,0.4289143753350392,0.3524017834491258,0.3582883871039983,0.2643846276899527,0.20978650747958283,0.16760648194730177,0.20918836066836466,0.10808578635023307,0.034595204150011424,0.01666026533559467,0.0157486029095588,0.010385771453524312,0.019925371367146467,0.010920102928046089,0.008565723846525205,0.018603714028170227,0.024433474356221497,0.007068407994811315,0.0012018707970893009,0.00033283369893739043,0.0001748508524579245,0.000295590320020337,0.00016230760577943146,7.822543218418612e-05,1.9475698176997382e-05,1.751585139718045e-05,6.180538128878816e-06,7.5842878765188035e-06,1.1379281918281172e-05,2.008093259808122e-07,2.68803390596567e-07,2.722054720026569e-08,1.925051681396068e-10,7.324550028712403e-12,4.2973686655017776e-14,1.5400229714519723e-16,2.980538578703026e-19,3.915285888955268e-23,9.013504361791643e-26,2.1762722501016838e-32,9.126420111382128e-43,2.032089460895412e-54,3.7462269981056896e-71,3.2976842593033348e-93,1.782276811239874e-120,0.0,8.946112625053141e-125,2.4143787877915228e-89,3.1955348199678104e-67,4.870786052457389e-50,5.1967277784317774e-42,8.445696783697649e-36,5.5249659082132064e-30,3.400759868064498e-24,7.577770513286339e-18,9.920895141681984e-17,2.198232331329056e-12,1.4073358702420116e-09,2.279256891997309e-08,7.794796094356742e-07,4.850355198292589e-06,9.670952608081331e-05,0.001309599472764556,0.003966348990538985,0.01205379067997046,0.02134324637162678,0.15190482199359628,0.022355920404393236,0.1416000807208919,0.08925006450661474,0.039083263675361815,0.06632013767697234,0.02873876177485927,0.13220968284375495,0.14646546179002537,0.15901432387394754,0.1712245272653914,0.11504138001241396,0.3782730242446214,0.4834050497555081,0.5628853970751982,0.4776015148912406,0.30911895487563956,0.5538673480432167,0.6280153220805414,0.8349615861663828,0.7466643647228997,0.4399902393104341,0.4726446681562159,0.7267538523849566,0.292423878778081,0.254454623179266,0.6880967285836023,0.2826068026508542,0.4502703454267312,0.38232224423239025,0.40182874486914966,0.9534241513860726,0.5716077173676861
14.69999999999991,0.5556761423383264,0.5774216611651627,0.9571498916829114,0.5308276733796619,0.4865931394758864,0.3256617088829875,0.2942467403795314,0.22947785327694578,0.7283169968550001,0.818520662467627,0.6138572446535999,0.507432150165626,0.6629728079002578,0.4979116463312431,0.5336919842163087,0.527273184082641,0.8642736918165739,0.8852102156033456,0.901471149102523,0.8182755846068462,0.8886179093509913,0.9118178848045793,0.9855696618525867,0.9708209457835668,0.43865862251927007,0.3630164309441973,0.07046697704179074,0.20816496530405912,0.23429740997626616,0.21315046052118966,0.1465409764562804,0.0439016835756145,0.17441851002901546,0.09431146221640206,0.04356059378764535,0.020320004923467735,0.004177387895752727,0.009017572115433277,0.002489620406245049,0.004630786857607671,0.0016231852818321033,0.003842751618790526,0.0028991724883965933,0.004098982169532172,0.02267615077788728,0.01210688940539252,0.006991300812075359,0.005041682117975459,0.0008588494312022974,0.001667884345408831,0.006061721805087302,0.009881170783483289,0.05811335826106962,0.1025012591776338,0.3399101843029676,0.3157328621311683,0.1960827669102159,0.13043204525216057,0.2186798649162978,0.14504305026475464,0.279344398439652,0.2376931827763376,0.5033563690839895,0.9837062312295008,0.9059167880493173,0.8435775871578692,0.509196507738689,0.2764444011916635,0.4912938353323852,0.05854583676803023,0.15175730961687392,0.05778972644140691,0.018437638147928665,0.019305027668452428,0.0026818418058317407,0.013332486603250206,0.00023396709655441338,1.7546816726751792e-05,8.66800182368529e-06,7.466794321199097e-07,8.336702384450632e-07,5.147265096616465e-07,1.2826287447613515e-07,2.9474592952810163e-08,2.2535863138019136e-07,1.0636778841790566e-07,3.3744526606889753e-07,6.502951638161964e-07,1.0050937169559072e-06,2.2832200727462686e-06,6.615296323626327e-07,1.5744442887846706e-06,7.230997717170915e-06,8.988643951741075e-06,1.257956672562335e-05,8.372060282700607e-06,1.2663843064412888e-05,2.568746756365991e-06,2.0913707267174932e-07,1.0112750469247875e-07,6.317301958996729e-07,2.1090668065467065e-07,7.324954215600791e-07,3.520222512844476e-07,1.3366022923259748e-06,2.2014390049499003e-05,6.228294250498425e-06,2.217309646582471e-05,6.613803910703301e-05,3.2806476417142706e-05,7.209747241896043e-05,4.943075893485086e-05,4.4719442940474985e-05,4.774525685309604e-05,0.000189396628117382,0.00024846794179605135,0.0002973005328315235,0.00010391632225397281,4.548439040016821e-05,2.2508014122111458e-05,7.528492429558055e-05,2.821664167585556e-06,1.1509376267158106e-05,5.199673510012519e-05,7.680374948582945e-05,0.001171081539258979,0.003498389496686724,0.0051909088961279125,0.016274907699158438,0.007781554565374504,0.018679801748949395,0.036758058678710695,0.019434698952925274,0.01385561708402824,0.007805334994618285,0.0038305100132804805,0.002391571052463537,0.011480283742291224,0.02289379078008827,0.02992942877322314,0.03586569768637133,0.17603507031778984,0.23087861990550806,0.05871788371465377,0.1029692385156177,0.043562658354077625,0.06370503519151478,0.12189707834564917,0.05932939925169009,0.09560226189602777,0.24271673876752448,0.14327023923242213,0.20308599944196581,0.20798938516845397,0.2588413139488331,0.6858382139344934,0.39652125825077594,0.41225679448994346,0.4717932037652618,0.7501982472019273,0.6814682180808689,0.4681086867632635,0.18609201286763122,0.2666512912749631,0.26722094971800375,0.475156372509869,0.8521191229994015,0.837820419812907,0.9097485568690279,0.8635021389905224,0.9651841253532807,0.667851831709348,0.5655569931837262,0.4454688345049289,0.5980692519478804,0.9581070687320781,0.8394761436155134,0.5533381832865969,0.7502400107308517,0.4918159066749616,0.6988705704715935,0.854846905419837,0.7821069349978949,0.8596617881692258,0.8305207915334117,0.8426572056015803,0.9536840415383906,0.8991548081389759,0.9963615685569642,0.8541663168359342,0.8242474255907074,0.9814291708475293,0.8555431037727791,0.7591679121889106,0.940250246392747,0.6830886835286155,0.6711131466155725,0.7947999607977917,0.7884538448300196,0.5553057386883286,0.3136204358997458,0.330672538806248,0.22817938335328705,0.20974494945585068,0.1382213679315025,0.09604111488712054,0.06475497662640127,0.08031529931880257,0.05923049677861581,0.02456396500460827,0.015250431893103118,0.010762751056324132,0.00815250242888814,0.014402214887324282,0.008606983317573846,0.005830227287463197,0.01109498077411811,0.013132409776654958,0.004339875481239502,0.0018317590430796669,0.0010821072368409664,0.00038427381903964353,0.0005366142872008786,0.00031538898325918593,0.00016321475768716427,5.6487431309802275e-05,3.9701598499265235e-05,1.807613868595723e-05,3.3459468427629604e-05,7.631091915610528e-05,3.958569407161062e-06,7.973849283466581e-06,1.7905140429636327e-06,3.84652374135344e-08,5.296891806442308e-09,1.6617763727703231e-10,8.319143235321672e-12,1.2226575583410447e-13,5.97540383612283e-16,7.505625108745016e-18,1.6107801804650256e-23,7.995843619210387e-32,1.607764515445923e-39,4.9321676478629986e-49,6.090284283570612e-64,7.682093870004437e-79,8.946112625053141e-125,0.0,4.358018290649602e-139,1.6211944911747184e-99,1.1779266852042827e-71,1.1638162990630335e-57,4.232884056683202e-46,1.3397242912896984e-38,3.8490191766949474e-30,4.856123058006248e-22,4.014509150959564e-20,1.2414122174523912e-14,4.035475004973193e-11,5.949697002445123e-09,5.240976003559226e-07,5.904477284187842e-06,0.00011818046359323002,0.0012600935912601735,0.0022911023993626724,0.007045924965437855,0.02306229868557578,0.17943636266154034,0.020823083958916064,0.19249314165571,0.13432579676965525,0.07392093870922618,0.11532157518082654,0.04818613653858023,0.1954054800724957,0.1782170593801642,0.22641390362508715,0.3188978155202575,0.2226250741137245,0.6305316829247973,0.8349273858694671,0.8277878817405145,0.8690025737582366,0.5815283326105565,0.94251757322707,0.969824928383029,0.8108117871652776,0.839922750638249,0.6844588250225054,0.3309526739110327,0.6825083262259714,0.29089503873694406,0.30116657640676914,0.8492328720411316,0.4325545263894026,0.694151580837122,0.6527662064664329,0.780001060333641,0.6620209733660626,0.9225274850842665
14.799999999999912,0.9096735132422208,0.9147846551980242,0.7000884881547863,0.3538771674408732,0.3551080761958451,0.2708828485604536,0.27082623949461765,0.21661309069691712,0.7134640966911381,0.7184434545238713,0.6963279204040633,0.5770468334481424,0.8269268729926631,0.6626960172558458,0.7596405473269541,0.7280002763664378,0.8840259577798217,0.6223213787816189,0.8959290509184524,0.7022543903179822,0.8628243403820517,0.8405084560256257,0.9001416089921584,0.9276093737851089,0.531680947382079,0.40622095181333207,0.10311183133366525,0.3330187007823911,0.356228190319669,0.3897944254777741,0.3576135444768008,0.16868903681324238,0.4857065785916164,0.3602993490718755,0.2124855562041523,0.12788648218903634,0.04622939675616474,0.0856753542694266,0.022917026068457993,0.03409540125835899,0.01185570920403491,0.0213575796309954,0.018767171743085218,0.026826368359245012,0.1042219617154391,0.06882192913877987,0.05005560628810376,0.031130371263789255,0.00452098697230641,0.008942895420069215,0.021832348089067862,0.02598140307259324,0.09080301694875546,0.14141886338008094,0.3625031395463246,0.3024580246138576,0.16918932681649856,0.08651789605048607,0.17011364056236722,0.12715444400211173,0.28844570133298375,0.2734976495661703,0.5437248227626991,0.9446117155037229,0.9288703384840474,0.9376049350045254,0.4792182701894321,0.3039690386772083,0.4585842870137374,0.06364725604419512,0.1096641912227492,0.03302040291208657,0.009657206532543408,0.008567688146060288,0.0007620379765194501,0.003675879138686735,4.757117847027295e-05,2.0727354559800006e-06,1.8118637970413378e-06,1.023150208756549e-07,1.232223347137654e-07,1.3196393973425238e-07,3.843527089241289e-08,1.6350311428325855e-08,1.382766647521475e-07,2.9145780233226364e-08,1.807449034494052e-07,2.1428886759444345e-07,7.352889368539381e-07,1.1797734292800583e-06,2.442405924082644e-07,6.123027687523187e-07,3.721541063943094e-06,3.965847000264618e-06,6.154180878682014e-06,2.162462057646236e-06,3.546006093915588e-06,4.4775365510454525e-07,6.271777099278222e-08,5.347723452867074e-08,2.7004634732265105e-07,1.1802424508780971e-07,2.5649875782157356e-07,7.790003100032117e-08,2.49284701198504e-07,5.293425336155692e-06,1.4309277052234839e-06,7.503957050067802e-06,1.5617395224301636e-05,1.2717539322850387e-05,4.4568920909179966e-05,2.0553496717313654e-05,2.4283779098006956e-05,2.1326825335826638e-05,8.318770405484368e-05,0.00018415232618487691,0.00021118147143815532,9.985184593027546e-05,9.223639699985888e-05,5.843297920368128e-05,0.00025563936973290146,1.6661507743733097e-05,7.5620676694719e-05,0.00018980402734447842,0.00010788262027555144,0.0015430334739961955,0.005999429848277995,0.007610068748015163,0.030918135467042248,0.01809865420377475,0.05149057289649635,0.11654405081166155,0.08119555468889139,0.04314824772716327,0.023215172621983825,0.012178089093603467,0.00628051880082229,0.01719744652403295,0.041498801862720654,0.06135483570365767,0.07964631372194221,0.2563237929453936,0.32599422556266333,0.09969149853866098,0.14747429157160769,0.07419839289073162,0.09445410855928536,0.12881760031718756,0.06479791506768061,0.09137493946236086,0.26531927379940173,0.12138846083279155,0.15492782214231907,0.17583089388470563,0.23510995487558423,0.6393786582839073,0.3712633158566222,0.38449580344262907,0.5118489380050757,0.7699243702138181,0.7528270561791571,0.49508860400311316,0.18742559815657853,0.26399274028436825,0.29100511064474005,0.4140889916738412,0.750303558463606,0.635371604003471,0.6934054205666467,0.8647552869620913,0.7702642135092481,0.9685812622444241,0.7527803142526667,0.6062546741564616,0.7303576475684114,0.9894143937192811,0.972132884319852,0.7421338645424685,0.9720508243519986,0.6685169246352687,0.9084394394162737,0.8842990553433554,0.9522645289579262,0.8780089784210222,0.6784179655830277,0.9533362464141625,0.8329210429383503,0.9364367136062358,0.8328240422833991,0.974086520174753,0.9765849696740151,0.8845994702977117,0.9220575020279411,0.8198761461206889,0.9982831481756569,0.6421262108538499,0.6857205942190641,0.8065327963508008,0.6950133116283209,0.5163990572569279,0.2561677582660302,0.24906084516301363,0.14546626865786763,0.12694124975652338,0.07100910418215148,0.06297845184836791,0.03821478121839623,0.06441488638716072,0.062275981596585324,0.02763009805495205,0.023361542364076542,0.017303846238751548,0.015688951207961058,0.022564455714838973,0.017525920858540107,0.010889646756733897,0.018671065540176838,0.022086917560869793,0.00827291736217398,0.005061147601863871,0.003098816824413302,0.0014789444799455415,0.0025055261360460066,0.0014510975859999863,0.0012904904250328436,0.0008400585912961082,0.0007611746846436227,0.0004148021138426198,0.0006414016748556083,0.0016845706312769925,0.00023357651764357228,0.0003942075301621626,0.00020891162882940583,9.093832346646746e-06,1.5928071093332315e-06,8.018951999974663e-08,5.204632123971836e-09,7.7279224682689e-10,5.601291034445707e-12,2.0299330278286978e-13,1.97144626063412e-17,2.1731840472502825e-23,2.1631179090302576e-29,1.4907169167742926e-37,3.6338398539268093e-47,6.244786849397547e-60,2.4143787877915228e-89,4.358018290649602e-139,0.0,3.3050720814315675e-138,9.585775544927536e-93,1.9049832623120495e-72,1.6598682809093533e-57,1.031803015485877e-46,2.3768023679879367e-35,7.173704775292737e-26,3.849277911820842e-23,8.03824253376601e-17,5.288612787327516e-13,3.375700795545414e-10,1.1705247523478403e-07,1.3245827046210002e-06,4.749469162378225e-05,0.0007389676039228536,0.001363848076666872,0.005069185146979162,0.02159498266634254,0.1522003762313645,0.030095996417064848,0.1579952427498257,0.11095041430472895,0.054023655763191424,0.07105168822053887,0.033186811504743126,0.09386617880197924,0.0713338355789533,0.10754474517515808,0.18415911677690064,0.13414868072087985,0.47926284744821146,0.7323981370475885,0.6868700520320432,0.7788133422626008,0.5755116872029041,0.8972227198697119,0.9451850828504684,0.8400974705308636,0.8932953389060293,0.7505120443889083,0.38495152786547987,0.8444794831318957,0.4016658351758938,0.4350082419045163,0.9679219798264163,0.596928781713879,0.7507548928426009,0.720283897475114,0.8077603816028669,0.7873535299588006,0.8480137383526974
14.899999999999913,0.7637086081101289,0.7545671578782288,0.9805751254893673,0.6320590118319183,0.6043396701505058,0.4317468331552675,0.3978937278577785,0.4522317025758476,0.9500475692830723,0.9557108875641858,0.5548684506929865,0.45833282573048895,0.622657092239734,0.5180244495373516,0.5123675655600421,0.5855064476563299,0.9572143718678167,0.8549727355079016,0.9044882456850879,0.9438354875146135,0.9952279041943314,0.9705005733557774,0.9529038270737265,0.9847074943514363,0.6374249315578907,0.5551654321928837,0.16162899574483955,0.40759371156160956,0.5160609757338128,0.5519773507047392,0.5302724867618196,0.2651352922697787,0.7196656336970956,0.5634520661567487,0.3637403522985047,0.25407732787886395,0.06797489738636123,0.07745008898456919,0.018373348997174247,0.029038905474235096,0.010771992872661723,0.018388156217981223,0.012202214149694747,0.018798584487015383,0.06829359573598137,0.04543775776796474,0.033512906446132563,0.022869800268023426,0.003550751796146555,0.006462973034205037,0.01054462391025486,0.007874094594918236,0.026623890542025807,0.044332891760064976,0.14538927491741813,0.08474730198000929,0.03238896423446769,0.016886727026679905,0.04423975928174634,0.02513853770391191,0.07335374672660488,0.05939203715543207,0.15766553914691137,0.49542659361678354,0.6610668197688384,0.6919892884858091,0.2408838497889285,0.16791589047178165,0.2713642024215865,0.03943961375589395,0.06709077192413962,0.022524913444170628,0.006951326482113237,0.006885087496490542,0.0006885053858286094,0.002734658999975116,5.0446592863012783e-05,3.9853420327640735e-06,3.133235309183513e-06,2.7178777448832445e-07,1.294516506091687e-07,9.579237790534942e-08,2.604774765479856e-08,1.4892893632671683e-08,8.934168143954659e-08,2.6122994068901485e-08,2.6557401103537724e-07,5.159338994464293e-07,9.165484338452242e-07,1.2575363190485549e-06,2.60201379730939e-07,5.798344285681429e-07,2.468344371449847e-06,1.7206486146927815e-06,3.7768854127732316e-06,1.0355138601180128e-06,1.4021360589407351e-06,1.471094179044174e-07,4.4628395199252356e-08,2.375664330500301e-08,3.0231944835204657e-07,1.7511793467832822e-07,3.8599946747285235e-07,2.0797134367514024e-07,6.541900976108326e-07,1.3222524072823432e-05,5.437409594474593e-06,3.0107709770405025e-05,5.419702217576274e-05,3.335593258745266e-05,0.00010957032467591966,6.303616064454486e-05,6.0424817648958864e-05,6.953904764802885e-05,0.00020745326154118557,0.00040984296021280954,0.0006062120393930072,0.0003069995272605264,0.00019219072927294372,8.901019110681602e-05,0.00017117620656534262,1.2827502088097589e-05,5.54410405508755e-05,8.102317930760604e-05,7.420260013677722e-05,0.0010020816360964673,0.002483135366379063,0.003600940998441027,0.01504889208747527,0.007387445485505279,0.029258905923044646,0.07965645779223962,0.07628800488322271,0.04244301790115603,0.025099003546365545,0.012804626974795428,0.0076939804067724885,0.014098691621661417,0.04009695222923285,0.05508694160971339,0.06613939258902161,0.22560047266673142,0.3437966862829368,0.14055462636732902,0.24391673444345052,0.20147755418593352,0.26337479474319736,0.3027978037772117,0.14995786304752923,0.18438149539981252,0.46992499410400435,0.20741292254382804,0.23153157711041095,0.24811911715598323,0.2797853807769716,0.7464723841968801,0.4101864702243803,0.41960026957115437,0.5746141069137267,0.889201370656433,0.9048958155936936,0.5710768222052099,0.26115067707520984,0.35099791365676264,0.349360776305878,0.5691848444113816,0.8536784179543169,0.6683051568234525,0.7027881643613683,0.9720840293188228,0.9804016952047557,0.8412268279829959,0.6554029290738537,0.49938359860156906,0.570563291779551,0.9044026585020977,0.9122226074528461,0.6897736967547015,0.9533427259947802,0.6263335002902034,0.918636773836406,0.7266594373210331,0.7692268593259924,0.619955364727449,0.48932600375064145,0.7812063159173238,0.6518208728775209,0.7670528592675766,0.6829893688721992,0.8759095522376776,0.9922387615421957,0.80652416861036,0.8880345956368043,0.9321454480163504,0.8379052843355159,0.5498487406383178,0.5649424413039723,0.7195549012967637,0.7188970733216007,0.5259080192719103,0.20592270031102874,0.1956486212923182,0.1321236975392782,0.12935726250926802,0.07350454939432632,0.06514905135981065,0.04450173054158711,0.08633197135265291,0.10325619226143593,0.05380181891232922,0.044633362757140006,0.027980499980042123,0.023951584417235352,0.03086809184173918,0.021623259365463766,0.012704816131035258,0.022978520073901585,0.02275734239821154,0.012392417664282535,0.01048671976679379,0.0072189793562383135,0.004573441202346226,0.005850858855924999,0.0035912158952821965,0.001436362065096737,0.0012060290935267653,0.0014250772022397485,0.0006440118117289568,0.0013812607150744747,0.004012421473829455,0.0012307356403262533,0.002421893809299424,0.0011755333689530613,0.00010458941845622448,2.675758878078759e-05,2.8370543683960734e-06,2.9878431783227427e-07,5.08790652320004e-08,7.511385042727758e-10,5.913232659576667e-11,1.7920471584232603e-14,3.2217296353035243e-19,3.494739956966898e-24,3.570599040170689e-30,3.8135750795182586e-38,6.45760714178696e-47,3.1955348199678104e-67,1.6211944911747184e-99,3.3050720814315675e-138,0.0,2.6851593047518434e-124,3.3467533270910724e-86,1.8894022949040539e-66,9.119837276484117e-53,1.799550170595375e-39,1.2941671468591642e-29,3.388711654278353e-27,2.717345155039578e-20,1.0600728874772652e-15,1.3567579503686043e-12,1.3718535955930268e-09,4.4457529699735703e-08,3.35171095279283e-06,9.81516199702587e-05,0.00014328497820924606,0.0005326778393097323,0.006064561070966679,0.05050664325359292,0.010242627861959888,0.06155868094192631,0.0432223329621724,0.022463351630848626,0.02651992606789749,0.011940949497503938,0.036400743568372834,0.029347425918180035,0.07006802215663172,0.16793077867225875,0.14375019900313274,0.5085418097444778,0.729938197571544,0.7298639472352777,0.7499509113660235,0.599191014738675,0.921985863329781,0.9235960979718827,0.7083576836233477,0.6922819213872475,0.9153954123543361,0.2822349880717961,0.6524901831516186,0.2900163089896443,0.2942539092658685,0.7869282563901169,0.4771440882880961,0.5982897726710884,0.5454466803395399,0.6731646222201627,0.9961450305886229,0.7211761155995418
14.999999999999911,0.4719480624049038,0.5486757646539587,0.7605649853915071,0.9336791265434916,0.9811653131808008,0.9456429774522112,0.7613270877886742,0.811556402968238,0.658161825909499,0.8202112718898711,0.38932911001372394,0.3919740231852169,0.5386965153198008,0.48990718433832553,0.4465121632947651,0.519241756495648,0.8624168024587028,0.9756577433724413,0.7120162890948184,0.699370750959815,0.5919263759811026,0.6371603377644195,0.6384183908130421,0.5800168690398552,0.8630905776665095,0.866623681786474,0.6131937923510828,0.8905475341950211,0.8831083969952496,0.7771273504092785,0.7604972594634587,0.8232130135337653,0.6084261941914951,0.927325872207667,0.8195665323781685,0.6302653203556111,0.22696900714808646,0.21037414005452357,0.04357181168313945,0.08759389466571055,0.025626505485625554,0.050743394818697704,0.033965713278294785,0.0576228780160978,0.16740240491352684,0.12727988304857038,0.11969726287359282,0.09966502958656634,0.023806427422084976,0.036104383233976904,0.03461281420258159,0.029244358608295284,0.048036922200548636,0.057488430620822074,0.15577672474399734,0.08746151021593673,0.03090059508563091,0.017782609855072577,0.04874049860311827,0.028847736719690747,0.07748372346145942,0.0678242468295167,0.16648211855064868,0.4648282053695543,0.43772874806547574,0.513264988783884,0.15804920301867478,0.10866668896687988,0.16423297205513165,0.018532514922483707,0.036555853164941046,0.010373377852331434,0.0033339092078361744,0.0038278302210167335,0.0001841314794777189,0.000401750194001469,4.840392555529386e-06,7.406504075064255e-07,4.837343490644135e-07,7.70529865592829e-08,6.843974659566107e-08,4.44672787281796e-08,1.4718197088992347e-08,7.68195853932278e-09,2.0633453651825144e-08,7.576339551247854e-09,7.455181600408569e-08,1.3523815575392377e-07,3.751029751176943e-07,3.6561063751543144e-07,1.1674030897243435e-07,2.1343764064951058e-07,1.1531805963366045e-06,4.036082506735943e-07,1.207514096885412e-06,4.3849215343496225e-07,1.1396038406664928e-07,1.46726037379088e-08,4.188774851908269e-09,5.90641875636952e-09,6.311647409203416e-08,6.861598775238247e-08,9.837524270212865e-08,1.0214752705511846e-07,4.1385931558652635e-07,7.683466176371757e-06,2.5756879472727846e-06,1.165128393025091e-05,1.5705596187045647e-05,1.1264233356897315e-05,9.28142617486682e-05,3.2877953716354016e-05,2.8242106584863258e-05,5.069503425807626e-05,0.00013785176927767978,0.0004459239355070342,0.00042837661036776523,0.00020084748665538551,0.0003399607020312048,0.00014413024644555522,0.00022088272531322695,2.3742407183207356e-05,5.226274227575065e-05,9.29770729441286e-05,8.182126782826453e-05,0.0009130641268555494,0.00251048656949833,0.002456101498903029,0.010672137039063985,0.0058192863124116685,0.02131890285995523,0.0665985763348041,0.06390786180209464,0.04115577611698602,0.025841570503319814,0.010562473516902078,0.010976642390501527,0.02034954015635289,0.051685711427074246,0.06934854958432997,0.05212408516766836,0.16075585435943945,0.271796616720203,0.11671990682416888,0.1876319231194575,0.1690305789045067,0.2116467370947093,0.2949853751305093,0.15929809864885228,0.17771564424176126,0.5037499785249119,0.2677623623490534,0.31154319541095893,0.38764384740952756,0.431826128306809,0.9489592254267067,0.5028560331957503,0.4784676899332427,0.6756200226138298,0.9852762847536651,0.9446166860372809,0.7460730031925519,0.40675480467477476,0.4357116553288809,0.4067189369636039,0.5832352492409473,0.8169301511599201,0.605109292349478,0.5847808388419933,0.8790148646252511,0.851640156961529,0.8845637074915769,0.9408426519070999,0.7527031581666466,0.8173753418250401,0.7481586612202877,0.6818648686614596,0.6535088143482942,0.9684125517369865,0.8111396548906329,0.7793751297849401,0.4927132844161515,0.5401995485196646,0.3965050588619413,0.38017375738135434,0.5447199176726973,0.5342867033451323,0.5603715036622366,0.5100683252415231,0.5809958595510675,0.6091425372625794,0.49721085453595393,0.5606630414756941,0.5679427184563661,0.4675144331380895,0.24166904704954728,0.24497330651988716,0.3063501371853289,0.2832140295193673,0.2091052632842156,0.06850110224973523,0.0731510687171405,0.06382191258578979,0.09088249900143103,0.05880841961957872,0.07197805142572264,0.04051691676838566,0.07385878573700085,0.0998143625974597,0.07611149667874906,0.07770014765088319,0.05560314472511705,0.05958767698940742,0.06109890299684119,0.06182947317420641,0.04823163629409202,0.09134613917210907,0.08810216584379713,0.048665690582345204,0.05055096579280426,0.034731236080394565,0.027055576231069,0.026450603845426718,0.01897923454656631,0.006354386297119291,0.007098188401308531,0.005530139687711908,0.0023269021561931652,0.0052948866855206545,0.008175509914552587,0.0037367333367484424,0.007861741033990732,0.004041443513009474,0.0009578920312982025,0.0004616668156993668,7.263544280431357e-05,1.3964748634360769e-05,4.168819315837653e-06,2.8846271197843546e-07,3.235414908729333e-08,3.531763309349929e-11,1.0132452316500241e-14,3.733788490981526e-18,5.2448576052474994e-23,1.439830681467904e-28,1.4337629081527298e-35,4.870786052457389e-50,1.1779266852042827e-71,9.585775544927536e-93,2.6851593047518434e-124,0.0,1.0402001363585963e-121,1.3174880707139154e-84,1.6663447183948775e-65,1.7864007406039252e-48,8.34572947356878e-37,3.496217446998921e-31,1.0557836252508988e-22,4.424737611805961e-17,6.547301076702701e-14,9.277247838289839e-10,2.60231280082989e-08,3.0328499143420395e-06,0.00011229183587244304,0.00018063548353239192,0.0008095530771216044,0.007923288667420293,0.0519263473348014,0.012086185291808818,0.0870799957156854,0.0691014850230607,0.04155528505926761,0.04014138506766824,0.018054519022001576,0.04528578162840109,0.03917584709319865,0.08212267642842332,0.18330922098136418,0.157947229642819,0.5633606296962741,0.8668654152827594,0.7449844241335616,0.7917885754211995,0.6345605785809029,0.9221930957595632,0.9169849569635078,0.6897141573826349,0.5325319169313032,0.9055018315627869,0.262108895931863,0.5055153678459664,0.3107516214974651,0.2931913295063672,0.7281310797400944,0.4720452355856119,0.6779118728035548,0.5489032336612996,0.7890235501977777,0.9677555365848809,0.7880753116212265
15.099999999999909,0.635891389975691,0.5244463070196713,0.7861921709821809,0.9707243802033102,0.8983520055335753,0.7566265048008962,0.6490379850007556,0.5612750049033605,0.9078547656068997,0.9245040355621494,0.6218171514179761,0.6448344855846668,0.956069260609621,0.9137671639286954,0.9922158845973025,0.9117202729180711,0.5306638601472958,0.43669756089193273,0.7082538753462708,0.8672689253102316,0.976123160347706,0.88651267275662,0.7979713128121921,0.7832924095318716,0.638245306472586,0.630839409538504,0.3109191809795218,0.608002096144152,0.6598603989527743,0.6928169820868528,0.7095629435545151,0.44687865100923757,0.9962741907516025,0.7826855014365686,0.7316255994045493,0.5849460157406613,0.20000293236983163,0.1832601451122597,0.05478329098817215,0.10564837309136346,0.04028535450217332,0.06989297691490472,0.05484299172365505,0.06157130647179498,0.18801347977762742,0.15720616235120757,0.22847788474156475,0.1905574426500868,0.05512028923370744,0.06699234653371186,0.06450541110667883,0.04721615871692161,0.09512524723773978,0.11174692263831695,0.3172021081160911,0.24406931302292098,0.12462707863634355,0.08481651592570816,0.2046734573519503,0.1801170879770086,0.39931737539304757,0.3877808608668282,0.5833121142729736,0.9692831528490821,0.9787264277513117,0.9560726843696203,0.5278142189434002,0.47182675951918235,0.47805925513188474,0.06332437886686353,0.0959999225774438,0.02622822137009333,0.007506327256361772,0.004205440657938221,0.0002577828612619284,0.0006152266817493143,7.3543269535905055e-06,6.778528702429049e-07,2.7994795711521407e-07,6.989259843822124e-08,4.700423319255175e-08,8.294749175447978e-08,2.5162168927667e-08,1.1105747337602879e-08,4.559405868733484e-09,1.1487292701785665e-09,2.1315498576431043e-08,3.486291053066703e-08,4.6498474382749145e-08,1.0135230896601977e-07,1.654964318066122e-08,3.037435746646307e-08,1.7422449771997876e-07,8.133287148875789e-08,2.0984987792249834e-07,1.2636382844686845e-07,2.9976511862241845e-08,5.500234252905745e-09,1.184855184618544e-09,1.5420991780216933e-09,1.469639775081788e-08,2.3481184110395163e-08,4.455993007807956e-08,4.889340345889333e-08,7.514255292518558e-08,3.4697119771444858e-06,1.5670135533435438e-06,1.6406463855696724e-05,2.276294531087695e-05,3.232616351628023e-05,0.00024245415841257304,5.7632987475331715e-05,8.025305271731945e-05,7.574155065838313e-05,0.0002240242638050441,0.0009089320423690042,0.0008815136617296587,0.00043852840380343095,0.00034751395838267317,0.00025641806120610405,0.0005380443552554646,5.584769556979077e-05,0.00021999536677936023,0.0002061268956391106,0.00013489180069481093,0.0024008107506222885,0.005024673937220502,0.0037867793770824166,0.013375062889740271,0.007818799471117787,0.03371871854737624,0.048754421402361914,0.04619204527399188,0.022823014434231657,0.013750962628332855,0.012039545284591415,0.009525489639556673,0.021804058609760937,0.04753328892587065,0.051488656710219904,0.025391668582393626,0.07071723347337436,0.12085330862392857,0.060166769064148196,0.0758731928034665,0.07132802258853231,0.10814549552768522,0.12616484974278522,0.0850018103445997,0.07507287704896416,0.24443301156024635,0.20205099217766673,0.2383163217538643,0.3481595892336295,0.33051416489540403,0.7755997413356173,0.42655080010676794,0.3516398148207253,0.49486357048720214,0.7125636638163081,0.7588868381638829,0.5953529574762556,0.36915352064861356,0.40848463675475655,0.3300555490149296,0.5025088449573984,0.7579062275107719,0.5182219921768714,0.5700881905983024,0.8076817684868597,0.6952649545305402,0.7726169963449206,0.9011660884872659,0.8849660496001942,0.8930520721526861,0.6312641841751427,0.607097815770405,0.5973999934648607,0.7969214140120475,0.6935259180613451,0.9215417317126016,0.6720893292209204,0.6829296856728803,0.5338700994786708,0.57578421723648,0.763522613803455,0.7162205493120937,0.6489712099493268,0.45200737659978496,0.5432575565748718,0.4886692311332221,0.39125705119052384,0.4792705063230127,0.4775237358910354,0.36219330223632146,0.1357538587653862,0.15258712601584104,0.20224384209478558,0.1492991663305564,0.10686384683517047,0.021917896441128758,0.023677458278564253,0.015286324711193303,0.01757352463970641,0.016381423075629783,0.03328132241218344,0.01596101095706201,0.03596867856988735,0.05284883654676858,0.04010089229112173,0.05181888391716568,0.040535424948394974,0.055150282501395094,0.07475188346100901,0.08374975509521314,0.07713603205045413,0.13131687733740105,0.12702430373978438,0.059014188328501194,0.06262779402459469,0.04165474934808752,0.05591383111624153,0.04165970855443264,0.02607297176274327,0.01094689712791452,0.011785098665746242,0.007825754761019137,0.002968049736431184,0.0072429814023174995,0.008446772561943695,0.00330930661343782,0.0073189683077446895,0.004598727086712613,0.0007874175469929815,0.000278119394360197,6.967678026787816e-05,1.4734193220124328e-05,1.4295907893932622e-05,1.094927884828784e-06,2.1716449829522243e-07,5.217100195012385e-10,4.5865745740839856e-14,5.565326815751564e-17,1.1192994170844136e-21,6.832394327113496e-26,1.843942306768037e-31,5.1967277784317774e-42,1.1638162990630335e-57,1.9049832623120495e-72,3.3467533270910724e-86,1.0402001363585963e-121,0.0,8.605868509425822e-130,2.134857899053644e-91,6.984791683880367e-65,3.0700370852666833e-49,2.5658505650164695e-39,5.1028217525430705e-28,6.684288978031111e-21,4.7400196860718775e-17,5.186264539567937e-12,3.2268960494474645e-10,8.871286387045451e-08,1.3485857513694027e-05,5.554401612030546e-05,0.00026802391157635394,0.0030717567605136552,0.034943072506067034,0.00634078133532014,0.05348755008652751,0.04418040233833322,0.029269120185691704,0.04327920804992945,0.014389551539355805,0.054149307706358236,0.036387142796277215,0.09531896963356926,0.2307118699465523,0.19167188189013393,0.7713969014632241,0.9378990588496402,0.9955410648933023,0.859918251107192,0.9250752998569325,0.6807840770946686,0.6384567994789547,0.48903327300367927,0.41082757704013606,0.8296978244439673,0.30345150559429296,0.5251583589432988,0.3859121156250689,0.4253539171611831,0.9593647851773612,0.8309142822856371,0.9293316488499485,0.9216315447525967,0.862581382336244,0.6333113097152671,0.9966417185557145
15.19999999999991,0.8319864681115028,0.6454021403968958,0.8488571444001292,0.9684550881984947,0.8648978381893597,0.5983737156925284,0.5098468359732112,0.45874305112216407,0.968645068899698,0.9328749261647303,0.5983933467642548,0.5701166397514303,0.8412395466137962,0.7651091339525471,0.8933755019813728,0.9356521699284438,0.7247358195345777,0.6234568686720966,0.9288188845347776,0.9062481694151162,0.8072486339556629,0.9746490814402003,0.8997921123647685,0.8278126610502051,0.6836572299946775,0.6030781150409771,0.2558250293583612,0.5615744229850873,0.5608291093836675,0.5373610519098516,0.46148813207459827,0.2842331986634911,0.88488999432244,0.7389191968201784,0.8310325246676311,0.7046164897712379,0.2801245151921076,0.2169918477160073,0.0582304261584673,0.11149638909881102,0.049241364638942735,0.06792842331145636,0.0805387520991375,0.10097209494939358,0.25396541877640894,0.21638041103511407,0.30548202980255107,0.28058848760879235,0.1192569946822596,0.11846686069707181,0.09975413634416987,0.07089837055366088,0.125583849373145,0.15341421825662602,0.3371430628911433,0.2636962040856079,0.11236250792604537,0.08000161309582586,0.13051163732722226,0.1129793025957604,0.21030254103699808,0.1574338537988578,0.23018952083736774,0.5530195827119812,0.5550654091940578,0.6184772935397154,0.2533370132591406,0.22092515549903557,0.21301971880787982,0.016051044218751958,0.019917454238015903,0.003943434341861319,0.0014309219544666968,0.0007096028407353165,5.663270842787465e-05,0.00023199671198494904,2.4400978099178616e-06,2.5452838577173257e-07,9.047954807349955e-08,1.666280304135438e-08,1.1650309077428601e-08,2.560036263928271e-08,5.0348281049698946e-09,1.6113811039924695e-09,8.265263863703459e-10,1.9280351786463768e-10,7.1966949530105505e-09,1.3910663809901527e-08,2.4855188117234442e-08,7.052562427308099e-08,2.2055561946852905e-09,3.952759013002536e-09,1.760737816619491e-08,4.36637031723262e-09,1.04560446367377e-08,6.203672663315165e-09,2.24209503959943e-09,1.7249396986314288e-10,2.1425380452398314e-11,3.178510946391206e-11,3.3709635693530723e-10,4.433978628331513e-10,1.1645200954335065e-09,1.3723770435117647e-09,1.1121885261374788e-09,1.513081120871775e-07,6.765939338861209e-08,6.170301538834818e-07,1.046453173558082e-06,1.2511185946222614e-06,7.486196717865054e-06,1.5004045440560863e-06,6.870574646302502e-06,7.549417899986418e-06,2.6120760289665833e-05,0.00018487165665553252,0.00013542291898925365,8.101590518432414e-05,4.791292916010314e-05,4.201330690369621e-05,0.00019305073252075188,1.4612452116845847e-05,5.083571615763332e-05,4.277806467244293e-05,2.0877293677167657e-05,0.0005921204671073246,0.001067936501224621,0.0006770338342350942,0.003691354129127653,0.0036518769520687993,0.01592972370614908,0.025290261888398235,0.027151657751192926,0.01648872492449802,0.013885553278883066,0.011204493560308153,0.016659898376196126,0.0394744203812326,0.08762387623318492,0.09966947229199322,0.06747927617233407,0.1343431561094041,0.23294941470407116,0.1569505167803071,0.20033253632646164,0.20723436958378336,0.26545379515503276,0.3256998230925518,0.2816456552012703,0.20691429141766132,0.441475159867125,0.4442030694064501,0.4715039589971487,0.6210131308786044,0.56835600482598,0.8906619441742167,0.7689106458808233,0.5704188796875335,0.6937574219014534,0.7639075039864494,0.6239004238251893,0.45755727736646007,0.27639606727959554,0.374951709994295,0.3350021567498528,0.5201283476966356,0.7784816972284816,0.5411248338721971,0.6343505522687202,0.9568608677358841,0.8084669501045388,0.9162728633501642,0.9106496876697808,0.7000922677785443,0.8320117473445235,0.6747974749193348,0.7576323735501459,0.7595809077056466,0.9379080177713671,0.871722273914711,0.7641726223111794,0.5082700182928284,0.44497921243420213,0.26227538146140966,0.3010120029236073,0.49546933383194053,0.4267467996386831,0.3715221136904681,0.2503286686424427,0.29429156326647055,0.29826221185909163,0.17902113367891356,0.24368365850821525,0.2103240258934067,0.16186946690299645,0.0475870672271759,0.04720263229325327,0.064075444286684,0.0643517856290969,0.039363728869759924,0.006168979609128976,0.005283009221804002,0.0031633662650041054,0.003404681292353848,0.004599307435442503,0.017869653497992685,0.009585673405108654,0.02416104950292397,0.03450297946556341,0.027795609733655705,0.042052539601267265,0.02776742004437111,0.033881458141919285,0.047195351036808525,0.052974209492819904,0.05444642046364447,0.12422239334816704,0.14247724713674972,0.0766821292519071,0.08188382782879958,0.06437750485526542,0.08657612089851231,0.07254234079924651,0.050494464399167265,0.02779863319122209,0.0315378583371063,0.021648733763381604,0.011748292411629368,0.030675676365949586,0.03500209262415943,0.020664588121193924,0.03519589777430684,0.017463793449156655,0.0036387319552551767,0.0012232858127480392,0.0002179891086898209,5.05182099431614e-05,4.1447847275096164e-05,3.698261233105079e-06,1.0018803632696903e-06,5.5707490428899435e-09,8.322223078785574e-13,1.516072962962106e-15,1.7079191674692813e-19,3.869717674997382e-23,1.966419339738937e-27,8.445696783697649e-36,4.232884056683202e-46,1.6598682809093533e-57,1.8894022949040539e-66,1.3174880707139154e-84,8.605868509425822e-130,0.0,7.535384361838234e-128,3.4060216190934764e-86,2.8761838379344025e-64,1.9030898436694807e-50,2.75730580650813e-35,1.1009936255350056e-26,1.2457890623879146e-21,3.505536402357473e-16,2.7979494464830546e-13,1.7295640774174856e-10,1.2861271055340098e-07,1.4143922351574673e-06,5.032563874110047e-06,0.00024749025675679866,0.003943707860717363,0.0007541542498038096,0.009322235928415615,0.006704558079726021,0.00456034836006039,0.012247551978555605,0.0036006084011909537,0.0207502215239065,0.016581050629781102,0.05285150841004801,0.14133129918558268,0.11554679000481848,0.565000667363782,0.6887598866748078,0.834241333889968,0.9589042603727806,0.778182496496338,0.8404476526348432,0.7836845181965609,0.6405055938454761,0.5513134173698002,0.9863794802888411,0.3889684097562802,0.4690245376570899,0.34145011114428947,0.4040488752463909,0.9688417119677268,0.760531029264431,0.9999425045820237,0.8789276103086127,0.949632972853224,0.7553979597639985,0.8344209931925162
15.299999999999912,0.8673965800482237,0.9742628779546922,0.8004438459910397,0.8885746084450942,0.695783979783164,0.41807122876330804,0.26620397913383087,0.21196852173220038,0.784243361175207,0.6890632402618722,0.7894919050537962,0.718146772291037,0.9251108698683743,0.7379679254943514,0.830098991805155,0.820415557336406,0.8728212458919536,0.7432648924351779,0.9951713304648699,0.835520690857881,0.8044004494400222,0.9186713413890143,0.9841620886678343,0.7858473097905443,0.6407853132256761,0.5573533890862508,0.22986185676121348,0.4405435027939534,0.4764947786603273,0.43471910169874006,0.336234894263293,0.2327471725078863,0.7942276401995946,0.6612643641004622,0.8161960455307395,0.5856548375626182,0.2734452536694715,0.21286857558383168,0.0722205570752944,0.11724671640598407,0.04576856353792423,0.07299529906128403,0.07932048571721063,0.11425901085898996,0.2646077675331569,0.26001814515883176,0.37698602372105416,0.33524679385629463,0.17982207895122157,0.1882182030579575,0.16070714946021988,0.14505034315761556,0.19853155832064337,0.2309584912126288,0.42632207547393824,0.410998767060008,0.2041190513098072,0.1461105478167183,0.15541266140916413,0.11168941932335662,0.25489319310376296,0.23112143593613899,0.29988554109081456,0.7509429187246739,0.7521576230457496,0.7504201035700705,0.2909753730048312,0.27188751456048693,0.27956840231997016,0.038709530687994785,0.03940837888419898,0.009042780305323883,0.00338618538806084,0.002585150918202172,0.0003339614136574381,0.0012289409406707496,5.657111247970628e-05,4.419539622896836e-06,4.5123154667408544e-07,4.248782944389316e-08,2.4348696573623915e-08,1.5005683971326814e-08,2.17794285015868e-09,1.0518685171511362e-09,7.691996037018006e-10,1.1954325130425854e-10,3.849411660194072e-09,1.2887899793856414e-08,1.5522794557474903e-08,3.573090035420606e-08,3.8571967553531896e-09,2.0942141839175617e-09,5.111700535543947e-09,3.755976862230268e-09,4.290878411260556e-09,2.5544204307454957e-09,1.7525546277037556e-09,2.1475586294759174e-10,3.8322950195586436e-11,2.018297548444627e-11,2.691389862289975e-10,4.1741955552689567e-10,1.449389013936823e-09,8.689605245853947e-10,1.2394451635515893e-09,1.12726390939133e-07,4.115014339925657e-08,5.322126874310679e-07,3.650408658147635e-07,1.135111521636221e-06,6.868723371272341e-06,7.706862579202001e-07,5.244189060407435e-06,7.5790826629672904e-06,9.271061198162091e-06,0.0001365083862467369,0.00011136396464479499,7.908843111300364e-05,6.181959322776044e-05,3.119753681939949e-05,7.077303364386324e-05,6.2855653195581935e-06,1.4413955357702086e-05,3.142922757926138e-05,6.930699304988297e-06,0.00012070677887243891,0.0008057374560227563,0.0007067972522250223,0.0031931655965688486,0.0028120166278609673,0.015264917651134195,0.020893519280974972,0.023292418726306663,0.0069625829623537255,0.00569132851280953,0.003086917727145269,0.00561534365539781,0.016652359669690486,0.034665725818505,0.04760169987241824,0.03550832065382195,0.06672291551025553,0.13207563672797776,0.09021533915505602,0.10639429045135712,0.10757461809301869,0.1074059106368633,0.12476504502661091,0.10996982462779775,0.0807604354332578,0.1360413789278425,0.154969599782604,0.18656122369924413,0.28083551527903744,0.21951189514995437,0.6117398247271467,0.4254520876528813,0.2156798533861118,0.2871558360174602,0.32878576456326647,0.17865390010554874,0.13825408324495647,0.07274075355614623,0.09794835280603115,0.07488767356280777,0.1356957788919117,0.25057675192205403,0.1900125850634166,0.26352630565740215,0.5796611787925593,0.4127832809201691,0.6584089368631473,0.8227699910442121,0.9237716825990168,0.8598465208500886,0.33140991619733334,0.4034763366686238,0.40179797555532554,0.5380298345847558,0.43833503620032266,0.7698976736042038,0.907859241886965,0.7433868101014955,0.5082888621946063,0.6026042588511092,0.8009362399546476,0.7223551729842214,0.592119840411324,0.5704612936260937,0.549753820728031,0.546150178173802,0.2747153467911107,0.3344197054585565,0.3129912251350899,0.20451320976826662,0.05733427235245182,0.03670254350982117,0.06259950173012478,0.07436850507799367,0.04191703190232569,0.010671210211833647,0.006729746668766756,0.004018375853825175,0.004128897421030406,0.0077340047854003256,0.03543606278845685,0.014561080242842877,0.03630412861189749,0.04247223506102816,0.02957049232733738,0.04265076042918758,0.02350641816701486,0.025959840845969293,0.034352423515770815,0.039933258312027424,0.043624813211954175,0.08452680864675349,0.11242516856709057,0.04683050468057195,0.06074069257440143,0.04593680134842654,0.0735093658321143,0.07777827939229566,0.06844157643855672,0.04828167033050347,0.07623719777546038,0.03288555052377102,0.015577759196308221,0.05265139647475475,0.0723121954967974,0.057855537993662214,0.1265471061141037,0.04821696296225093,0.02313856825618746,0.010587197292050526,0.0017201470553690605,0.00040199640810798003,0.00040964027179921076,5.502807766488265e-05,1.3567826297620757e-05,7.05864600848034e-08,1.9160530203161398e-11,8.198476705091999e-14,2.512231505841049e-17,1.290719332562802e-20,2.5643572399360838e-23,5.5249659082132064e-30,1.3397242912896984e-38,1.031803015485877e-46,9.119837276484117e-53,1.6663447183948775e-65,2.134857899053644e-91,7.535384361838234e-128,0.0,3.252771588239311e-133,2.4614931636082106e-91,1.3786228204288099e-70,6.157136072990001e-49,2.6448172443852086e-38,7.25851326098426e-30,1.4934326338178802e-22,2.1628549302055984e-19,3.1490129274068258e-15,1.0993932488605719e-11,2.7725992260146595e-10,1.4590854626448825e-09,3.8424861426009594e-07,1.2448939778954792e-05,1.9910262737638945e-06,0.00010355195464672144,9.249067189748753e-05,0.00010952088153345593,0.0005997552652585996,9.51384143846555e-05,0.0012050398695052128,0.001624990920308159,0.006887519241151949,0.02488653531317752,0.016317579904640115,0.11260170824472517,0.1842474702904005,0.2518891776915311,0.4043122152639765,0.26567379937200936,0.5032760576784633,0.5407308828977129,0.7116155417492183,0.8480214796599554,0.4321464735707625,0.9696959746007975,0.9860108127856322,0.7037964910090451,0.7172724958480633,0.8397573752186351,0.9923638590678666,0.8525574610462185,0.901921677492912,0.7181128633544112,0.4813884934001032,0.917064624654471
15.39999999999991,0.8082702500450581,0.6553013226737566,0.7909468123577376,0.8305963668338783,0.95678752687337,0.6728814305032909,0.5336492293258782,0.4126485021008024,0.9674764548566014,0.9832352550077645,0.47672029911903824,0.539224066528172,0.7455147323058098,0.5224810260372447,0.559959131657147,0.5715926764446008,0.7876084577021751,0.9335707939008713,0.6924048483733976,0.5288057936622858,0.5146330177228997,0.5667835247293485,0.5935677860401036,0.7590962836883199,0.9666930193373652,0.9255308452410146,0.517608327320602,0.638223540540665,0.5602399438654023,0.5509610788362536,0.3383832639973914,0.2638099754266268,0.7362767872092946,0.5517400051037941,0.7623726994671558,0.4053285877938704,0.22301266869336311,0.16048294236735233,0.06413353737421817,0.10898963200059386,0.05185358607596669,0.11561002299677693,0.1008885351289153,0.12076036521044146,0.2560298044710262,0.2581806385650063,0.52028529752967,0.4858500028695274,0.3142632005560577,0.30202887366416936,0.20807428104183187,0.1885463722619377,0.1991704552650203,0.23875384043052209,0.4056700185419725,0.30526358917530544,0.1158407200199972,0.06312183276417119,0.056047995655862035,0.04692192276768505,0.10270669915918419,0.11749649899371445,0.14980428647602806,0.4354248849967017,0.40975119565720686,0.35129554161376314,0.14696125459460035,0.15708785165346711,0.1817361329479571,0.021648752248512627,0.023773165743641973,0.005341696156398319,0.0022039004151329874,0.0034540318144379027,0.000766276581098338,0.0029817808508754593,0.00035327788839708825,2.1374907787787943e-05,2.4784965169007706e-06,1.9789202930657705e-07,1.2658754064757675e-07,7.123445697570129e-08,6.8356753498524896e-09,4.767839501393309e-09,1.702351994443433e-09,7.98471069139737e-10,1.1374087168623571e-08,4.5916164992047964e-08,4.4272619873755814e-08,1.6531443599865098e-07,2.227357196521674e-08,9.658972655466626e-09,1.3030043146539774e-08,1.2291995879076043e-08,1.2650038604325599e-08,1.755652203565667e-08,8.626579225978707e-09,1.4960943597729662e-09,3.5968028949094917e-10,9.981421082802257e-11,3.42686332542598e-10,5.98041804630719e-10,3.2525912260952494e-09,2.249198936828224e-09,3.6134325945142486e-09,7.619394302801259e-07,1.8831507386796478e-07,1.9656278268474596e-06,9.923168207517587e-07,1.7569977775680022e-06,4.7951640879280924e-06,1.2726266253107883e-06,6.217401809355397e-06,1.153181130284678e-05,1.2741158252795222e-05,0.00019651872794723902,0.0001501139938587767,0.00013190069161281333,5.287060967211101e-05,3.111487822000409e-05,4.140765440487483e-05,4.166507827470472e-06,7.66593570200829e-06,9.402599039487383e-06,2.9036909005084077e-06,4.8083559522112867e-05,0.00015182188278613508,0.00014920965021789504,0.0007384572880431238,0.0006559229119766218,0.002369130027864477,0.002214703312212424,0.0028462769113046273,0.0007608122584268147,0.0010378912519815335,0.0003275438654323238,0.0013433130982100584,0.005552590371089563,0.009224414151094335,0.018045485762496358,0.0077738454600232414,0.019064847903303303,0.045965992960764174,0.030385370276387103,0.04236232999030176,0.04963809087099672,0.0479971409456644,0.06765633011856069,0.04507621871202423,0.04028083596322681,0.08497953296291741,0.12056228079768477,0.17634782566734372,0.2151244782784417,0.16893671962879117,0.4842967135564981,0.32797106656012887,0.1356706108824199,0.19282369189989676,0.30589777279588326,0.13924188935292076,0.09339669889058384,0.05680786175996224,0.06772623981393484,0.055833728676039945,0.11524579350590897,0.2978816231004174,0.3259485434200416,0.41476123664756037,0.8001982160765408,0.6242756900789657,0.7963024036541264,0.9995373005626254,0.7534196844345461,0.9903850613588556,0.3813628181776511,0.5261543170542177,0.47929006404212293,0.6815484613199969,0.5261204197339616,0.9363314987435519,0.5968611781992609,0.4140818745129432,0.2541202904564267,0.4374185388818171,0.7794818324426995,0.7108062916125802,0.6318223664738675,0.6114625864931016,0.7135518119487435,0.6961582480356986,0.31076183823171044,0.3978126394357546,0.2845179669991287,0.20945714457784206,0.05731331995145651,0.0506769167298539,0.09842361909035294,0.11115812422200294,0.05628164661705513,0.014459572165735369,0.010525449579462871,0.00710912982469058,0.00806364757635636,0.013458699361648365,0.040451297658235824,0.019788076492347175,0.038647361678353156,0.03558763676788724,0.027048440717802054,0.028086402030238496,0.014483934917952206,0.015350424403620909,0.025476363960959376,0.02947482171229337,0.028866994960093508,0.0641652896408356,0.09230424966621094,0.0391935651917928,0.04892982212352725,0.053790972382157014,0.09489935490528996,0.08753984738147814,0.08274203391667437,0.06052447857894867,0.08278195283651703,0.020513883640475124,0.01004585818560476,0.055504677612480915,0.09168028118271923,0.04879105345959441,0.09465150504823233,0.0260086476636723,0.008890912503366512,0.00395701682116027,0.0005158503623232044,0.00015671810169125427,0.00014911677120318982,2.936556938735088e-05,1.6196656185469688e-05,8.667072032167998e-08,2.0873573689014288e-10,3.311075383047752e-12,1.5480084619511636e-14,3.75458541755584e-17,2.868500580105145e-18,3.400759868064498e-24,3.8490191766949474e-30,2.3768023679879367e-35,1.799550170595375e-39,1.7864007406039252e-48,6.984791683880367e-65,3.4060216190934764e-86,3.252771588239311e-133,0.0,4.059199948563535e-128,1.3418215521433297e-91,2.9559602043910316e-63,1.2124701883063515e-48,1.1406441390771783e-37,1.452672190777034e-28,2.7382056037306486e-23,1.4171375078258422e-18,1.92679139383064e-14,2.8374554620875464e-12,2.460764827270502e-11,1.415288913978529e-08,1.5027791056985542e-06,2.312762275243276e-07,1.687937876143889e-05,1.1531237449441549e-05,3.312165952903067e-05,0.00017297609251829744,2.3840229082499896e-05,0.0007750187118248784,0.0018922285454603715,0.007620037444781117,0.03480659297342713,0.03501441743541255,0.14894251056284274,0.23554973253275494,0.3062102851662083,0.5246516016349652,0.3412849687177148,0.6303795822099786,0.7304282989724008,0.8344370777135176,0.9599556678187566,0.544173002154703,0.7881096132305666,0.6597446095879956,0.4890538102252198,0.514179215842499,0.8329720159961563,0.6530179793343023,0.9171705939089673,0.8918833967739127,0.9043272615493431,0.6848206818742576,0.7966294982869829
15.499999999999908,0.4096858506651421,0.37620225114662315,0.42732650246137854,0.4324162026354077,0.5663506552834225,0.8976147079184512,0.8879961122502599,0.6949492989632203,0.5563107098965634,0.6621781950268519,0.2209352059083533,0.3563528360866853,0.5594226539120287,0.30634246014962246,0.29753130056011234,0.2717233961397529,0.5102513174368437,0.6616452982026308,0.4221137433750628,0.2810157374729437,0.2682409024420211,0.22304307277713095,0.21725755199881966,0.3097588179588791,0.387856986904228,0.5076970345818217,0.8892671861517861,0.8986597575125506,0.9507015323381474,0.9887652545786206,0.6652454098067363,0.5628162660122102,0.9145812085997617,0.973700427915786,0.852066183163954,0.6012010308294142,0.3209109328365124,0.1800530933104904,0.062391017592915064,0.09321893944391099,0.050197059967696814,0.0947369591333337,0.06945318755907944,0.09843747317714331,0.16091000158118826,0.20577690613998556,0.4242705743539638,0.41695803088877076,0.29926628979196607,0.2618824407426438,0.16794060331297908,0.1225581764771165,0.149262461179405,0.16240916570522387,0.3208780795318286,0.24548606411709495,0.09980833457568895,0.050758070862284774,0.043149139973402736,0.029452689813001788,0.0468720253365327,0.05310008942222211,0.04051765434457566,0.15078730639319396,0.16479719824627345,0.16574728135002637,0.0648410058493885,0.0683172117955574,0.09896972252879477,0.010032286081750004,0.0060807644356868475,0.00167698456596844,0.0007694377324894818,0.0017237197542410861,0.000810219320731952,0.00253045448687196,0.0005881758231406273,3.198627979318945e-05,3.864180117727956e-06,5.132308391296373e-07,7.598801629653376e-07,3.310947988101687e-07,1.4976818131943233e-08,1.860412431108725e-08,8.05785307501926e-09,7.735625671710513e-09,4.813277866842205e-08,2.9490952707497456e-07,2.1942686454117433e-07,8.735425313837106e-07,9.832102154570079e-08,3.167888224484018e-08,6.146645123684454e-08,4.0053311891111904e-08,4.969747176582377e-08,9.055628378293957e-08,3.105956680391646e-08,4.46466076009714e-09,2.122918464688889e-09,3.0680777383232203e-10,7.196100043992138e-10,6.049692893550584e-10,1.4982542075707054e-09,6.303107593411093e-10,1.1228584375631634e-09,3.1778930426360206e-07,1.280783415511145e-07,1.1398255622430972e-06,6.681626506473438e-07,7.834735069108611e-07,2.867587674209843e-06,1.8034113746044179e-06,9.021526026077796e-06,2.715823189505913e-05,3.103095739662961e-05,0.0006951447894458674,0.00045787770802388364,0.00047421976093282094,0.00018595595790978536,0.00011811998139749574,0.00011399868935947944,1.7037036593257128e-05,1.8667170980814003e-05,5.389343364583286e-05,1.110093271047091e-05,8.039163068656518e-05,0.0001862644177044168,0.00019022232084618315,0.0006384431258182806,0.0004287977861205368,0.0014757278285430016,0.0011806929846570591,0.0013748075920371136,0.00037195670702548796,0.0004014754254043852,0.0001392532776787796,0.0011628331764693392,0.006420385235838554,0.010338465195994087,0.025856778630439625,0.012811997505847324,0.02993033494937952,0.07863453413186625,0.05998680547727633,0.0991670120165686,0.09399197785024148,0.07881761550053598,0.10790907844164152,0.08990307685000025,0.08286603000183042,0.16208175035226832,0.27882442600661167,0.3801214538206762,0.47104408665885916,0.3402704945065433,0.6908179666349976,0.4489618907580685,0.20816852231226107,0.29215951211950203,0.44025364097598607,0.21279003390799903,0.16939587457573527,0.12302481090066743,0.23556855658945125,0.14643255304371106,0.2185214256172655,0.45705918307786875,0.5480416090934922,0.7164828405535161,0.8216362607044724,0.9746942064202562,0.8566149409530067,0.6513839910282255,0.4158759525193892,0.49972680027462807,0.9327155386129788,0.9207870872214116,0.8148341670604056,0.98001444344475,0.829831758136378,0.7065971735249047,0.409277636430823,0.27227961984822857,0.17350778737484712,0.3132591638149117,0.43265802182054036,0.40308663245069337,0.3117568289192592,0.35328748873439847,0.4179892653246307,0.4271010566683244,0.18198572082767805,0.2596540807314144,0.2051727444895125,0.16281281875904247,0.059786999466712586,0.046854551664245424,0.07497536001114663,0.08103526291518483,0.052642015295730524,0.015474828242045012,0.013563134179482444,0.011531080829180949,0.016075982268854306,0.03367138623858568,0.10424983003741824,0.10162639377460263,0.16014690004111487,0.13110909381534966,0.09478781855213943,0.10359100165642057,0.08115809651562327,0.06531693760859292,0.06781303848713456,0.09978421296867913,0.10613665498268128,0.22547703248670542,0.3089234274160576,0.15480326868530897,0.1862509073414597,0.1931191791454513,0.30242126475844266,0.32665934429531557,0.3155174403862617,0.29214403928738303,0.4095552198468919,0.1625533422041917,0.09475580490612853,0.24624148335658802,0.3223599996971885,0.22626853286956342,0.36530429496726946,0.10173786901994647,0.04802759678764777,0.02455741457124615,0.004228371093224648,0.0017025093367646327,0.001414964945736053,0.0003654501619742786,0.0001830513133844442,2.348733799800711e-06,5.395143201590819e-08,1.3304555543985439e-09,4.2650756957102336e-11,4.4196171488072097e-13,9.649903170403869e-14,7.577770513286339e-18,4.856123058006248e-22,7.173704775292737e-26,1.2941671468591642e-29,8.34572947356878e-37,3.0700370852666833e-49,2.8761838379344025e-64,2.4614931636082106e-91,4.059199948563535e-128,0.0,2.204647723032348e-124,1.4029358805990817e-82,8.790794663854378e-62,3.997211408067488e-46,2.0119264944925868e-34,8.141286468064881e-28,1.8019822722897363e-22,2.1258041189979026e-17,1.4053655857162733e-14,1.298026708645067e-12,6.9934869823288156e-09,1.3268713315609116e-06,4.6341968163456305e-07,4.3168426449928034e-05,3.634752746442279e-05,9.80923453404092e-05,0.00044728950713858305,8.171784347671692e-05,0.002031450592828513,0.004333055481742293,0.01618547554132798,0.062226155747944344,0.05495676922113727,0.19615527287608503,0.31169258563773006,0.35788830307003766,0.5966088596908856,0.42179221484633167,0.7954293754689423,0.9372415845859821,0.9913415304667583,0.8645599777514341,0.6227280090950711,0.6640612397656274,0.4833792607702934,0.3799195988816697,0.4525744768788667,0.8372536927783906,0.5838196064851723,0.7332713837303089,0.7707060821866492,0.9980999447908271,0.8134500250642549,0.6482001526462259
15.599999999999909,0.5564299983321435,0.41928193523758833,0.48713904906957606,0.45956326250863805,0.6135052767582775,0.9921680914069606,0.8472676540060403,0.6599916651289336,0.5837205804194322,0.6190681750314581,0.20184086455495096,0.3188757437227992,0.46743456339478895,0.2150069256711917,0.1712087172503687,0.1262385397983995,0.25503791569365175,0.3163504337973893,0.16991587997323598,0.10379833624611838,0.12083659949659094,0.09448798246054434,0.12304543096272434,0.2008625438825133,0.31336490388959853,0.4624442773715072,0.874489342047537,0.9657393181976607,0.9464764663063262,0.9055421924075444,0.7157854852718089,0.6817463859221283,0.8166538655581635,0.9442921794394489,0.6899639644079811,0.8505946124735546,0.6646800536749179,0.4002655590785706,0.21422859727024465,0.33546890019599795,0.24371382066913297,0.30918030348907993,0.2444456000772783,0.2600923471302381,0.3574435638001687,0.4231060945427708,0.675950745432594,0.630671743590974,0.40773717513981966,0.3572142430455662,0.24075474336778838,0.14332820114107006,0.149118222688876,0.16968710644658763,0.2841461738920481,0.14449520221948003,0.052849783673864524,0.02831654027123749,0.015914560461877423,0.008130795396574379,0.014735109833232028,0.010129867325657151,0.009031673106963577,0.05949851899760729,0.10164269299357984,0.14028099055028467,0.03559866427945469,0.04668855327821807,0.08353163305717408,0.010732405590361494,0.004737547831911286,0.0016140454451937802,0.001042399035781574,0.0031035609845788984,0.0028991192758919646,0.006281729791929991,0.0018257606915369972,7.085547374618432e-05,4.508546069663239e-06,4.1215908486016203e-07,3.480224603070671e-07,2.5435104742510343e-07,1.3650411042472942e-08,4.656434015504078e-08,4.484899537221863e-08,1.0409860846102241e-07,5.582941444397589e-07,1.276411910967715e-06,8.762604215628822e-07,1.5299916802279356e-06,1.638016011943742e-07,5.493161137737526e-08,4.742781185395845e-08,3.3378152853352764e-08,4.0369775912292615e-08,4.161504062321928e-08,2.5743168788632145e-08,1.284316273765269e-09,6.463630178384473e-10,7.413151129832237e-11,3.9462688479715525e-10,1.2559557274789255e-10,2.453821790820383e-10,1.3667253755040537e-10,3.6768962040525223e-10,7.582747067067122e-08,5.322739414789669e-08,4.79269743345169e-07,1.861488773994494e-07,2.7469497471717424e-07,1.7144963028831176e-06,1.045222434948292e-06,8.38974632242217e-06,2.3209462833199518e-05,1.525944413638654e-05,0.0002506198858691592,0.00013411131724065515,0.0001388434294677233,6.897540521530004e-05,3.645751664832398e-05,6.833122598669846e-05,1.13649337692477e-05,9.482719254436119e-06,3.114425622522228e-05,3.1984946663629654e-06,2.672228056733305e-05,3.505393388421118e-05,2.6382671022270988e-05,5.516643230309257e-05,7.164348838687724e-05,0.00037521062026790643,0.00029522448650623495,0.0008766827631100794,0.00015944096140803863,0.00023051161298914913,0.00013832160018048062,0.00045337051348954394,0.0038901660882324626,0.006217251050163469,0.010148477694187478,0.007221277383512195,0.01134608888824096,0.03703265302111786,0.025651806275778028,0.040599979558916845,0.04662866186932255,0.04191126172987317,0.048680618494063764,0.04166424896508394,0.05163021496321803,0.1231013751505513,0.18585315751033563,0.23592978710903995,0.33285379228894885,0.2673237928863766,0.5764236371768904,0.3974058794442062,0.15745508106633258,0.1635584830868125,0.23996272374574648,0.06403610740281589,0.04072226311557532,0.030243079428236255,0.09310933700819744,0.050026149536994344,0.06532642276488777,0.15979609326535146,0.23257269998118302,0.41465213985366417,0.9933035002854531,0.8941798256805068,0.9316861403732842,0.9646815631898893,0.6210625843124764,0.6921309144188689,0.6745744366954541,0.5587469547426787,0.38718052586515556,0.6011505390248236,0.43441656647815624,0.8774808057910332,0.9131327656968737,0.575310768995901,0.34437531925859594,0.4665159013899547,0.5094666936208883,0.5434783955661296,0.5171069647662888,0.672373548758532,0.8600951710924519,0.8328097202865024,0.43078227282843756,0.5492807369949002,0.39414394878097786,0.3155327018299617,0.1410338945083451,0.10760143536905196,0.17765472328462473,0.20050534483964863,0.14743285807054216,0.04082556961521983,0.0379303855377261,0.030636715384291194,0.028923793201105004,0.05822463425085922,0.14571329506447653,0.14131387023601458,0.22705509988067518,0.18908313433064947,0.1469310063335733,0.13874397164102423,0.09064252065407892,0.05900772572134249,0.046846721807927906,0.05104125517913805,0.05387043618876078,0.09874256964068635,0.1308452832427763,0.05980288636485423,0.0722907718009191,0.09423201416105813,0.18388091727371192,0.2085068754881158,0.22331079015650895,0.2291310665168679,0.3624207152774624,0.12269807252717303,0.08621780607885877,0.2410941885482342,0.36066608276187007,0.2731811481642604,0.473521326006073,0.13214805764260143,0.05322127772233442,0.03401134127806387,0.006434943734548129,0.002086885552860002,0.0016358819097700534,0.0003083755182249233,0.00016922206291304593,4.304513237720659e-06,4.224374717456738e-08,1.0757477192443535e-09,2.8343543492330823e-11,5.33198688453457e-13,7.630387976330787e-13,9.920895141681984e-17,4.014509150959564e-20,3.849277911820842e-23,3.388711654278353e-27,3.496217446998921e-31,2.5658505650164695e-39,1.9030898436694807e-50,1.3786228204288099e-70,1.3418215521433297e-91,2.204647723032348e-124,0.0,8.541007048393476e-130,1.0418367005956325e-89,8.479367952808677e-65,1.19901527698562e-47,1.9027640146591692e-38,8.286009670589812e-31,1.35189924297366e-23,3.778754057792494e-20,2.1361379684602898e-17,7.196664394494424e-13,9.076227348787032e-10,1.2336942054507025e-09,1.3839210665323967e-07,4.455433636475103e-07,2.774548269819393e-06,2.473854359760833e-05,8.501367171573702e-06,0.0002414249519983139,0.0006068248181790185,0.0027447974774522997,0.01309295319491859,0.012692616312317826,0.0710962756703289,0.12480957784630661,0.18666617802509172,0.3424829693482778,0.24617326969949974,0.5632975527725648,0.7247591348448941,0.7386099899728429,0.8483149936622237,0.5372591431473199,0.8183651741302626,0.6331099631527355,0.4878457898814486,0.6467300960906149,0.9583991168398487,0.7034317906916917,0.7782680885744977,0.9609402797598822,0.8695354464573589,0.6816863262773356,0.735675107493382
15.69999999999991,0.4658145929957009,0.26730661367653363,0.3193669597947708,0.28241811819884083,0.40689906764176886,0.8226695221139166,0.8983165614990181,0.8173899880226115,0.489606394639427,0.5515698127879864,0.19511761715728235,0.2939402372358791,0.4604973719867635,0.20076324240293583,0.19568136374949643,0.13695643753977513,0.27778350306908606,0.3770358441843772,0.18628540087537862,0.11251607714217507,0.14625375127886078,0.12902066982610239,0.16897644368454007,0.2501714756176768,0.32850588594315655,0.5866149286802964,0.975810689342505,0.7596468133836224,0.6993379147473909,0.9394969230550952,0.6856598436752294,0.7022776460829756,0.8392961466795651,0.9681887005972577,0.633481118107111,0.9956955701630091,0.7216081277696252,0.4134525970868578,0.21075522212535291,0.299903848175237,0.22463698994566267,0.22382245254653232,0.17277300198986573,0.18905867455914577,0.23399824362438157,0.2977386728771898,0.6681449861417394,0.6403876367070711,0.4113870081956667,0.3500541039073888,0.17685851267751843,0.10462547162357053,0.10547998691621893,0.11306220258222333,0.21403466131371926,0.08041836566965525,0.02943794413142107,0.011569581240032056,0.009105122632534011,0.004932092098821378,0.010578548070137767,0.008201813290234535,0.007278872349346676,0.04854628139144458,0.06382697993316595,0.09245668022514478,0.031567212223640714,0.049464493895206706,0.12855779430741598,0.021685894479966755,0.010326563850227427,0.004731077107112265,0.00398317930625666,0.013910688264436226,0.018709348822141127,0.026595536518197068,0.01225208880839503,0.000851686848723125,0.00011797116949464704,1.9303617047828162e-05,6.437703024468974e-06,5.985023586148899e-06,5.204364088336908e-07,3.320885219778101e-06,2.7591022685796485e-06,7.337598963467572e-06,4.0491205693998905e-05,7.011745931844694e-05,6.963680371252124e-05,9.388532157983282e-05,1.560447476224213e-05,8.135281782970488e-06,8.830911371461324e-06,3.976341176722172e-06,3.938981382410704e-06,3.956997779969106e-06,2.1823469707334663e-06,1.5340287300950408e-07,1.7959682470221902e-07,1.857075314098948e-08,5.596456628750824e-08,2.0357542837770085e-08,1.781411774327646e-08,1.7793472162336678e-08,1.2065697270611396e-08,1.9431137377551903e-06,1.10674397020507e-06,3.8324565767397615e-06,2.7312328201728704e-06,1.1443035857698782e-06,5.471519418867842e-06,3.368308343608624e-06,1.2357192382143455e-05,3.42123249771963e-05,1.7215743035690133e-05,0.0001492884146256086,6.653302279258663e-05,6.214595852402828e-05,2.6893136089143828e-05,1.067812223086091e-05,1.580648800386866e-05,2.9926656312262845e-06,3.2605364808731484e-06,8.7833032010675e-06,4.074903148403551e-07,3.4880158890213446e-06,4.1766900677170225e-06,5.13694564352826e-06,1.932021292267134e-05,1.9597470461811275e-05,0.00010506662120708391,9.612403567432949e-05,0.00033381135578464355,9.049375960312281e-05,0.00021905774743031758,8.998982413180686e-05,0.00032600151374787126,0.003123973074256417,0.006225504568568958,0.01276520387338108,0.0067301779920282065,0.01027504648083681,0.043588394369512395,0.03059023161391006,0.0474486366378912,0.054169526699786065,0.06893115417366347,0.06448641435405458,0.05655424923895595,0.06405082885506998,0.1697526112944751,0.234907894981461,0.2769258070246375,0.4021379208181135,0.34688887468749824,0.6972567337488663,0.5570538790971838,0.2920405606408334,0.27542519688745754,0.38024879310715864,0.12798387290939237,0.09943675748462251,0.0918637251397186,0.22431149828160638,0.11790676513444094,0.096408634679401,0.22494386040700123,0.2910382150319248,0.49673308524988047,0.8656654309339518,0.9278819216149742,0.9281583591749062,0.8512788001509695,0.5818299144374289,0.595005992536822,0.8033207770494087,0.6060820148386437,0.4299765127248008,0.59149569413752,0.4704457795208186,0.9140582938339668,0.8525598307342389,0.5370267819142752,0.3772399039757926,0.5184740347716207,0.5220476943941227,0.6348887937035642,0.707913125450055,0.8423808063612812,0.9848832324059343,0.8956923635867656,0.4810675067189278,0.5444306731825673,0.3798137564401974,0.284237093025943,0.13107757182323465,0.10614346625228425,0.19745301053275274,0.2281512459024443,0.21951541098107194,0.08768653688994699,0.07030072367600954,0.06874245018317036,0.05843775313130513,0.14714025671626157,0.3181765699167085,0.29159202637505155,0.42152026776354273,0.4196290764844721,0.34430589922876037,0.3248154991382709,0.24844782244474942,0.16929969072911893,0.12489183787100122,0.1382829798916687,0.17069668579592095,0.24652740007459886,0.3096091085497765,0.19444016620806664,0.22514673811440433,0.29089742988318357,0.49004263484218963,0.5420202779004769,0.5628442844058025,0.5009507638945451,0.6764259135453677,0.34932926759672367,0.27732175596291736,0.5401978100630557,0.6506446669414324,0.490477837162893,0.7385454441387701,0.34880532997981334,0.15430654270945726,0.08677404414441534,0.022859119533501043,0.007429722116745705,0.006982651812411564,0.002340722230641117,0.00144454356829554,0.00015210689542431976,4.899341454348009e-06,1.7760076806082717e-07,1.5198557976541367e-08,8.049207478975614e-10,2.4118346549051593e-09,2.198232331329056e-12,1.2414122174523912e-14,8.03824253376601e-17,2.717345155039578e-20,1.0557836252508988e-22,5.1028217525430705e-28,2.75730580650813e-35,6.157136072990001e-49,2.9559602043910316e-63,1.4029358805990817e-82,8.541007048393476e-130,0.0,1.083440598429259e-130,2.4907106177778937e-89,5.551842847259239e-64,1.4686566821425786e-50,6.111966656467342e-40,2.9832748519280444e-30,1.7321625907582562e-25,3.7541945267282045e-21,1.2073276830627212e-15,1.5555466235801423e-11,4.2088647823379305e-11,6.913573685197453e-09,3.841294761668347e-08,2.5270553557286855e-07,4.281938746367063e-06,2.2635700898898437e-06,0.0001437962963414373,0.0005847974703832302,0.002145738848551526,0.010861659759546094,0.018384590287743058,0.1038921760754512,0.1601085160236035,0.22186324450503356,0.37679220992111395,0.23369335166941263,0.5309472315900406,0.6881214300853303,0.7545501120057344,0.9451748637143872,0.6972069867141029,0.6774703330042143,0.6514337173881292,0.5747293384444025,0.7386387960371855,0.8516663768537861,0.8389492306977063,0.8782405276683255,0.8883267843618895,0.7148100977770814,0.5006084282336846,0.9399695531538222
15.799999999999908,0.81543256706669,0.5459761204390083,0.4718989139203442,0.3787606169743085,0.5511291553977455,0.8617807448096283,0.6869900493016975,0.5088447407393357,0.8183373391964698,0.9191390665409929,0.35911719457122154,0.5162981922738858,0.7927882435012148,0.387225519807312,0.4261723382976964,0.25378080060355557,0.503111902600012,0.5843063283822024,0.38797755281698476,0.21027640566872885,0.31660121498000915,0.3267026473914648,0.3354769907905448,0.6610097130715089,0.708550893941818,0.8978402155997189,0.6545656033956695,0.43071204675210223,0.554938871609782,0.7925496692053292,0.5587348745116005,0.6360226043929181,0.9600775428223641,0.9528444832973898,0.5072377117934922,0.9321387029590167,0.9124033685421985,0.46055310286716594,0.2922932663993871,0.2635058333325384,0.20724698841754108,0.1703355280536365,0.13596451491569306,0.18353099132293704,0.23041652176234353,0.4025220256363091,0.9160326335958112,0.9645124952019245,0.6174973532126025,0.5852816145363722,0.39027570060490807,0.25123147478667646,0.23331633732784549,0.27794634261701684,0.4503641264354108,0.23725284060794327,0.09631042380094718,0.0462250066994565,0.028166816224911868,0.014476628325044982,0.018787686937094254,0.020033667756859934,0.017283916602685072,0.10846586982150278,0.13133967461822246,0.246790180610594,0.13579249506390112,0.16741228282028917,0.3413335090376366,0.11376573970996628,0.060653221563302086,0.024952538739414828,0.025993459061333372,0.041262368625769465,0.04685934649779423,0.06738996989947227,0.034818687438015264,0.004458335495944337,0.0007504455419688712,0.00013259642165426856,2.8846262547208916e-05,9.462494626886624e-06,5.19371306988942e-07,1.9665634893748315e-06,1.0868815581601669e-06,2.173396466541266e-06,2.1930985924123804e-05,4.6779503896932915e-05,7.957041428908265e-05,6.07089572092882e-05,1.5071790628862332e-05,1.4090408520952112e-05,1.8394219811770636e-05,2.17689132512429e-05,1.7167445452398926e-05,1.051439627335918e-05,7.5742178979106666e-06,9.637506074287658e-07,8.19233057776525e-07,6.973247628145903e-08,2.9637765783600763e-07,1.6390409622166986e-07,8.079374699055648e-08,7.24737851365467e-08,3.807950157049549e-08,4.878645227437195e-06,3.687117304788425e-06,6.5895038419133175e-06,1.5162926376237883e-05,6.0845988474073745e-06,2.881598220742339e-05,1.0710541996799186e-05,4.3664588325729104e-05,0.0001560721172208373,6.739259978484589e-05,0.0005704988147064986,0.00019217142606729276,0.00016569850150698,0.00011468837201371512,3.794503531664488e-05,4.579167210144526e-05,1.0467284239895626e-05,8.868688829698014e-06,0.00010665487474621772,9.665936424507948e-07,5.8779180043441145e-06,4.185640854325302e-05,4.7422497411176295e-05,0.00021558565105102366,0.00029690155922011734,0.0013251364959801849,0.001606599043975869,0.0032553265385639176,0.0016291026610599784,0.0026770801831089886,0.001554550246322249,0.005814523184055789,0.015060494772068332,0.02211510095817009,0.030053288678277067,0.015673749947620608,0.020758300734479207,0.057028349978427074,0.0452722663771084,0.05209224150085666,0.05793086094838395,0.0992970530291389,0.10015987439892786,0.08978433171297187,0.08926898513527598,0.15331877393997245,0.21589391348390655,0.2468933197525956,0.3973108420474721,0.2567680033562908,0.5620361467438068,0.5485915070708908,0.3039408716356898,0.38372856393905247,0.3892913977322203,0.1349651053979225,0.12798731046489803,0.12680763782932047,0.37859439409567786,0.17172682174399442,0.1323871717830387,0.23693017368535482,0.2762131000023257,0.4570134910480258,0.9919584599130797,0.8332585672946651,0.8580823576276821,0.9619305203219257,0.8060793387685272,0.9271063379311025,0.5083206558773343,0.3701160324767593,0.18426155632413652,0.1955148199761452,0.11141440184799146,0.35610009636501533,0.4654218807821627,0.7922023093429295,0.907092514130434,0.7085565551016313,0.7238869544705103,0.6083826794764932,0.6085699867546577,0.5639948227173914,0.5290264100014691,0.5574605370914365,0.9991384580187488,0.8716961674880329,0.9467555217571195,0.7424756226793967,0.436809646214387,0.34191746026171455,0.5567087925839852,0.48955556597777333,0.5762851935379698,0.33191389603717997,0.24985256005308468,0.19303800205312294,0.16018170286519595,0.31579980821327747,0.7046743250728682,0.5558277482373878,0.8004942399915389,0.7342295111490192,0.5944737140773269,0.5896090427127337,0.4524397123462324,0.33513054433092626,0.23068869388587523,0.28747480711183526,0.39393746973517824,0.5541755967115809,0.6522736656993225,0.41738837124394157,0.4675590689527737,0.6520656602237981,0.9021422912203529,0.9548140094398792,0.9778174204670218,0.8812674463363754,0.9230590547779803,0.690199585805089,0.734729323403073,0.869201254808272,0.8392864397177868,0.9703352843648723,0.7326938771459895,0.8029427548799407,0.41594387160023166,0.2418950249088086,0.0997210294827774,0.0384105878848594,0.03482544680070589,0.01359224139488115,0.008092873482237382,0.001312129591568242,0.0001302615987098273,8.323134827022419e-06,8.558805704061983e-07,7.636415971057116e-08,1.3488459697998805e-07,1.4073358702420116e-09,4.035475004973193e-11,5.288612787327516e-13,1.0600728874772652e-15,4.424737611805961e-17,6.684288978031111e-21,1.1009936255350056e-26,2.6448172443852086e-38,1.2124701883063515e-48,8.790794663854378e-62,1.0418367005956325e-89,1.083440598429259e-130,0.0,7.739520614620218e-129,3.4393561449030046e-85,2.5811770369567344e-69,6.4936182351913235e-55,6.466614739441223e-42,1.6516263930377823e-34,2.662131686818691e-27,1.5150094975777538e-20,3.7445147438447425e-16,2.1455877436397343e-14,1.6197122175949281e-12,3.5465705593269765e-11,3.84983224604925e-10,1.2543880047840776e-08,3.3073698504781554e-08,3.105648034405491e-06,1.9131515155467543e-05,4.5001931236873155e-05,0.0005205711236190688,0.0018740655828894369,0.018014461943032207,0.03792309934470252,0.07610907138050582,0.1303686048725942,0.07167038124227446,0.17686662189939012,0.2816626664317424,0.32100425018467427,0.3399569687977862,0.26800233067178375,0.6121226432182802,0.6810770448170419,0.7425566510287528,0.6305084060971509,0.3777818963456525,0.6038481120867393,0.694701987465888,0.6159622864469669,0.5358273110300311,0.4297145127956353,0.9218050044231376
15.899999999999906,0.9512839776669989,0.3744440891961402,0.3171250178736447,0.22253421726719713,0.34154114636093136,0.968309497909767,0.8783050686271047,0.6756465727629416,0.7444426797770242,0.8848772280469781,0.3987734456766057,0.6443205505096933,0.9690401093146142,0.5732817206669364,0.5790143468522396,0.4257640296526525,0.6444053171402644,0.7750870123243091,0.47660969700335315,0.25149466599473147,0.38678866210785584,0.4026812683137337,0.4094168764917489,0.6138593129811019,0.6946902044412692,0.9945750634170866,0.7713306355925615,0.46727181453665584,0.8176543411854307,0.9667491685898678,0.7964162703658002,0.8350732925710225,0.7730532829333117,0.8425531315843268,0.5701272374070504,0.9882026477277003,0.799900279221431,0.32967846234987935,0.196351285113434,0.17759856746880687,0.16175992629510388,0.11810673341390288,0.09901882249629529,0.1305439541015758,0.13342537222334214,0.22181227830690967,0.6870333133116545,0.7084089944595091,0.371142348881292,0.2809177265484071,0.14761547094979913,0.09638158203811087,0.08067602935036587,0.10184549260539917,0.18259603332314525,0.08057234174043218,0.01720903629477547,0.009451082834554075,0.005718759914025292,0.001958650747597647,0.004564997564628439,0.004075356694023642,0.0029954962486128506,0.021727376360363444,0.01740878082077396,0.03610460383509389,0.021210972399688912,0.053598957872181045,0.1547475571730258,0.03664410429333446,0.015895374316673306,0.006878679130006043,0.011285893305388067,0.02288617038413925,0.029207066418552446,0.056487198040020614,0.02642234415531312,0.005156409221512664,0.0010368085294972036,0.00029301344991223676,3.682629494587001e-05,2.102562145511343e-05,1.5149047384029341e-06,5.422194204186927e-06,6.630443629309853e-07,1.4646361090617855e-06,1.9725178331920474e-05,3.466896083095084e-05,5.9142237231701294e-05,2.761694928361062e-05,1.2943261498383847e-05,6.2308663891612275e-06,1.172825042391383e-05,1.533592838441401e-05,9.164597514959485e-06,8.685359421316439e-06,5.876096811189066e-06,7.455034003055468e-07,9.65447311864648e-07,2.8172058210536e-07,1.9469897673591665e-06,1.4762202341210775e-06,4.640747133937219e-07,2.467524174877359e-07,1.212968708023185e-07,1.67496009718176e-05,1.4439493737246102e-05,3.868485747710493e-05,0.0001220867715725788,3.469549769352074e-05,0.00010873827479852575,4.8740953248787886e-05,0.000144840412338865,0.0005448687954738235,0.00032733910786382286,0.002071130421847116,0.0004972607637592075,0.0003994852510783472,0.00021010570971664874,9.787947221268428e-05,0.00011981379565191325,2.7053022613618606e-05,4.714309935900894e-05,6.043097557077222e-05,2.0849356829996943e-06,1.9293035345841447e-05,1.1213555063646051e-05,1.3790087462430358e-05,3.455900925063822e-05,1.8672423496960255e-05,0.00017773939594454056,0.00020792063346994412,0.0003115214066512837,0.00029553451581124237,0.0007311681642370102,0.00035416763144946955,0.001867176133765277,0.0038734298755567016,0.006442162111568784,0.007324921085077632,0.0027377103936039424,0.008859064682555196,0.03814660227583292,0.037443423536210066,0.03633342916731594,0.05706802394637224,0.08750318921748217,0.09852428460954755,0.08552280917502683,0.07421665726495764,0.11771820194941132,0.14611715380047866,0.1901266200443141,0.30751788108588746,0.2303368480839094,0.5807288540660811,0.5880218502521236,0.3966054267592944,0.5353292428817098,0.6303576411413913,0.31747600828841044,0.34159628199565195,0.3333005519280055,0.7224933347587614,0.3504504711403042,0.3127132016345533,0.4732234229824973,0.5449234608605068,0.8589495427165895,0.5866660768276593,0.7326911112156239,0.6486851252781548,0.5697226897027917,0.39674416413890407,0.46789014871478973,0.8752695607300033,0.7175505103974069,0.456649128715136,0.414186217758905,0.24817856629621976,0.6187827468856729,0.8054538182284138,0.7859471965413025,0.6380991435242785,0.9432102792312762,0.9597125056883723,0.9612571183960767,0.8405018616076037,0.7474779904626009,0.6016515580200859,0.61770679724443,0.7897625037752763,0.8073350165934209,0.5394381667489202,0.3904805071496214,0.251724265264643,0.18518618134979326,0.3154735033879458,0.2906229324424921,0.45094790257204165,0.19461865167226344,0.1599088694564432,0.1098313178591082,0.08270953578257983,0.16555518795337423,0.4671259245533752,0.410944706340611,0.497504255761056,0.4333383849454978,0.35621313074312,0.3149878641198384,0.23112862391781114,0.16552120935972212,0.14426434402150548,0.1741061999980848,0.23966506103074592,0.3509846707344678,0.3742645526170117,0.2526129186115783,0.331780681088012,0.4397437501323234,0.7416515454315368,0.7948503819505837,0.7569976759920792,0.7021333970444794,0.8320216601912506,0.6517720506711862,0.6988956866355726,0.8698966341668891,0.784587984356464,0.5959169899543573,0.8334698149993878,0.5010012149131851,0.21593713346089669,0.09550203337611445,0.035380580183961494,0.006673694583115718,0.008619925675882902,0.00392134684239672,0.003229794132160792,0.000499572896635144,0.00014577862030352027,2.3219094938316095e-05,3.313720085362753e-06,3.142267187405986e-07,5.35007231398698e-07,2.279256891997309e-08,5.949697002445123e-09,3.375700795545414e-10,1.3567579503686043e-12,6.547301076702701e-14,4.7400196860718775e-17,1.2457890623879146e-21,7.25851326098426e-30,1.1406441390771783e-37,3.997211408067488e-46,8.479367952808677e-65,2.4907106177778937e-89,7.739520614620218e-129,0.0,5.196320169785548e-119,7.650206044964118e-89,1.3893506728701824e-67,1.4694445187327743e-48,6.634437687421744e-40,9.006160419554451e-30,1.4839490949321958e-22,1.5624116209932337e-17,2.3697043241148356e-15,1.9096582712964273e-13,1.0624456280914334e-11,8.738617042127849e-11,7.187875781583757e-09,5.961526413001455e-08,6.543000446178474e-06,6.221089738361107e-05,0.00016410780116813656,0.0017155064180468305,0.005049432316275767,0.03854827548109719,0.07181020136544655,0.21172910599574973,0.35095464729404513,0.19648863187298263,0.3545665781338106,0.494382476331817,0.4968039950701193,0.48616573164907617,0.42623185388228657,0.7900308252648728,0.87951464649562,0.8821030444753784,0.8851902394418222,0.5284255033623749,0.8416956628068881,0.8265890671770398,0.7592003528615872,0.6474987928165166,0.5855408696074266,0.882568534292544
15.999999999999908,0.8829704441946352,0.3044194816493033,0.296056233337949,0.21170157535981998,0.3454862886450005,0.8744522073190998,0.835006680329861,0.669566582022508,0.8063680603574693,0.9699771734347565,0.419401594235803,0.6538402781889298,0.9108781898167579,0.4588790944026768,0.6558317085344602,0.542532823781121,0.7365232891820643,0.8938333251507683,0.530248572743605,0.3260077078254018,0.5112281816829918,0.5555697707555932,0.601315637444377,0.9434017307980163,0.872729963207565,0.583839622603644,0.4275499114418648,0.22700898543281633,0.49760562203341596,0.5899202388068762,0.4127734204336011,0.5248109846745128,0.7857877345775762,0.7241717668335643,0.9059316722555889,0.77533018945374,0.6530327808347555,0.1995210866903176,0.13038845592905507,0.12559436300265317,0.22210086226296152,0.1289181474082351,0.08620177866385634,0.1002981616841221,0.07830457160892068,0.11969942985571776,0.44347090855526144,0.49864104073069854,0.24137500123916283,0.2098926851581553,0.09060846958863353,0.07819851571548371,0.07843759201428087,0.10001306713034216,0.1798682639131542,0.07824460619077223,0.02123460280593553,0.013009124055189848,0.005027400107534763,0.0021147096667822173,0.005255568057881338,0.0033148078557134063,0.002053589748277363,0.00758506301666914,0.012549232053742044,0.025059719511700055,0.01839617755348793,0.05026225702114978,0.12377268183957135,0.04747682549742363,0.022736161364711214,0.012666273312541072,0.015850200652507005,0.023943848235954152,0.04036487859316127,0.07213197967582109,0.044284298060422465,0.010135262720153587,0.0020081383006368076,0.0006159784966048513,6.856088327776708e-05,3.146431833201263e-05,3.925719158947443e-06,3.13978468479427e-05,3.775297816601012e-06,1.142415851959298e-05,0.00013850880524894377,0.0002564877075000992,0.0003425843172530824,0.00042558969049822265,0.0002895096192970173,9.77978369942073e-05,0.00016473161220751655,0.00023295882190111999,9.378404074431368e-05,6.752757425588122e-05,7.912247636770457e-05,2.197303306964387e-05,2.8839039444108695e-05,1.0984951279098066e-05,5.503543384667731e-05,4.5733762035067396e-05,1.8050674588136448e-05,1.2997731927589127e-05,4.100937530376073e-06,0.00035181126338422366,0.00027747534828083945,0.00022058635433885933,0.0004196614518157509,0.00016283333667351627,0.00031413426341686366,0.0001675850629889327,0.0004745122148996953,0.001127704146524917,0.000659601269155237,0.0033815741842549074,0.001156086355311588,0.000958769004247188,0.0005487115629037382,0.000289505650210179,0.00035093258330559326,7.523387311464577e-05,0.00015006931089572116,0.00012335300460330543,3.5743421946136463e-06,1.1726006816633181e-05,4.66112856187134e-06,5.466885836680516e-06,9.895463383198255e-06,6.173625332306843e-06,6.986929347330975e-05,0.00011169742607883936,0.00025430712519172315,0.00011220957553459353,0.0002998986417972744,0.00017981533702602116,0.0007354628326792339,0.0023768927868472243,0.003940511375208487,0.004569068357982468,0.0018297462738740959,0.0052508433408420836,0.021325384196400565,0.02436148802133332,0.041123434163712363,0.06771855944706683,0.09002336598858779,0.09545418243103086,0.10671828073750372,0.06820927188476371,0.1069651273151057,0.16629078900999064,0.22445734196213193,0.4350393166805148,0.3574443255282145,0.7962968797309853,0.7985621038472651,0.44731732317747114,0.4304039079492999,0.42959930761191706,0.167727933989174,0.21524253854811656,0.221791964374136,0.600142965619132,0.22838573436389978,0.21022590237960448,0.34512038513024473,0.3918487539458073,0.8148783968924596,0.7145059309225393,0.9220535594091042,0.7374170863388715,0.5918192134399983,0.5067742042910098,0.5664508680477346,0.6973832023455512,0.548626998751678,0.33034437537277,0.34585174780220546,0.24184083067214998,0.5659089911752194,0.7322548179366473,0.8116504865848946,0.80326438110558,0.8500956559012284,0.8430375411398964,0.6925147654872269,0.5755180635778909,0.5333416223701695,0.40655505909230094,0.4015497457373841,0.9087124364094247,0.8648957175475632,0.7938914159995724,0.6558013607207359,0.4508635058725363,0.3577867582525468,0.4901524612020298,0.4605373977968644,0.6346078238005335,0.32308865222324146,0.29000607328867667,0.22140655291139347,0.16604103927958508,0.2653246353011334,0.6935631558133505,0.652637027288285,0.6567917290553795,0.6204597663059271,0.46770091406835346,0.4477555895766018,0.3220933380755226,0.23794938344899288,0.20289338816785785,0.21287976957638105,0.18312943991594835,0.2637255162224874,0.23356502295362414,0.16754104629665797,0.2451045869690971,0.3043374824294725,0.6890316762298206,0.7072765326553089,0.6792497743631186,0.6920339839688715,0.7040723039088588,0.543038623845744,0.5805743832046026,0.8306181319926045,0.6971379948515809,0.5396801845020908,0.7322396786081242,0.422746321325226,0.24592893577560349,0.09528386775680434,0.03484447794742213,0.008142278749030053,0.010032464074389425,0.0058504407052947715,0.005467303149127583,0.001745485037749545,0.0003225708389231027,7.925595605217121e-05,1.150695840670023e-05,2.4875102690719044e-06,8.588320353408798e-06,7.794796094356742e-07,5.240976003559226e-07,1.1705247523478403e-07,1.3718535955930268e-09,9.277247838289839e-10,5.186264539567937e-12,3.505536402357473e-16,1.4934326338178802e-22,1.452672190777034e-28,2.0119264944925868e-34,1.19901527698562e-47,5.551842847259239e-64,3.4393561449030046e-85,5.196320169785548e-119,0.0,1.0919085152571688e-134,5.999584898128982e-93,6.265158079593809e-64,7.03495334329995e-51,1.6682473357351417e-37,1.2447486890713254e-27,7.917255151000205e-21,5.392139362727145e-18,1.0033216935581236e-15,1.081011617860796e-13,4.477412506889358e-13,1.385296552350175e-10,8.439676519637152e-10,2.5261801430701243e-07,4.752649984437159e-06,2.7440253706111595e-05,0.000351090486478535,0.000981091210560042,0.010401389195791488,0.017877883526579163,0.07323398698258236,0.13154190842392183,0.060140560249689286,0.1329631381147576,0.1927330874115697,0.24317358147098853,0.2730617776574052,0.21000120803698522,0.5832366338461851,0.7210418377322959,0.784953652058096,0.8684699236421024,0.4510357978440237,0.8114034945690691,0.7642560370983712,0.7145242057198617,0.7738025176992216,0.6705121174844206,0.7369030944375782
16.09999999999991,0.8870951619482643,0.4600321775946716,0.359426319923813,0.19699992205950484,0.4039280111440789,0.8124893873525469,0.7484961967228246,0.5930729055091988,0.9319117457035063,0.8474566308381225,0.53752375826391,0.8400539181583426,0.9223456248171424,0.565223956381075,0.7165939502957619,0.594397737603024,0.8206194574907605,0.8752001174052066,0.8635234301873546,0.6171842314632486,0.9920891354090914,0.9397288166449325,0.8890147885529265,0.49946461999535957,0.4156870986520047,0.27168986126692496,0.1859150383081072,0.07985212835904086,0.214074089799394,0.26232062819540714,0.17169889843564975,0.29261709585658763,0.46006548576652173,0.4786958937600444,0.7969620745422252,0.484599763780531,0.4648661278992788,0.12172441912601292,0.09054971054683941,0.07482776066682202,0.1308610290904576,0.07243192917108322,0.044107832923079175,0.06652168324228494,0.03825948102248271,0.10256753361090457,0.40917775556671365,0.5640678682363073,0.2747207823066716,0.29335360625260976,0.12407631237470525,0.15053607226052956,0.1374223384291898,0.15985464771637026,0.2479190471386524,0.17146964780486498,0.06452874932828982,0.04665510955536329,0.026528732027965414,0.01636031423953608,0.03282909828675554,0.01998153417621911,0.009667519224082398,0.03973255176267017,0.046417270730925636,0.10371815187431953,0.07889029814784686,0.18304979724631124,0.3769644460639703,0.2404206595327807,0.12865748039297614,0.06237735265118697,0.08540987373442992,0.09169320429633912,0.10572292940878265,0.13149076638261,0.07870690098848461,0.016447735808711336,0.004379268056476593,0.0017633134059468827,0.000225049573076395,7.799768222524291e-05,9.651631080813635e-06,7.090406030656693e-05,6.192020610077424e-06,1.622890500547556e-05,0.00019226996089532323,0.0006094432736203171,0.0014147111131202921,0.0020180201109665204,0.0018421080006813632,0.000627810166359089,0.0012469173525520255,0.003439907015307445,0.0011541567244554606,0.0006260642362924463,0.0006461461737863515,0.0002252584372702585,0.000319851582799217,6.682153012984091e-05,0.00016355960680688257,0.00017597652313907,3.985191191791517e-05,5.05914533444615e-05,2.2827715293843715e-05,0.0007933512670972446,0.0013222963500333152,0.0013164076428785199,0.0027631334978852826,0.0013902815273980672,0.002184434536054688,0.001046420244772172,0.0025567402788837317,0.004295237196184867,0.0021782202098726187,0.006323581187121903,0.002947646108218843,0.0029050066729170046,0.003160940901420207,0.0009675215739628931,0.0007475864081511697,0.0002267794588794296,0.00021122440814581655,0.000635216651145169,5.358107444723863e-06,8.336432741082647e-06,2.3468615079679283e-05,2.6505990603085056e-05,4.125941262338832e-05,1.700367111495082e-05,0.0002073396641492306,0.0002780206665929254,0.0004205786308413941,0.0001845372723163635,0.000586478239679553,0.00037176094337478395,0.0031477774728908225,0.0072170532508564755,0.012551008041369277,0.014328706080835928,0.004935817145291912,0.0071738044251121675,0.018595644996657956,0.027079114264318412,0.017879075827214683,0.03400244462501943,0.05187706480855765,0.05240280244721755,0.08530961742177846,0.04059478289586177,0.06611254572020397,0.11708690684137776,0.20671419125014776,0.4102547333687613,0.2878822420708228,0.6457759042098284,0.5936318084430635,0.37464263393455977,0.4224918175728173,0.3499989015015752,0.12428897146232143,0.14899881335623844,0.13470759989260336,0.34547003986633645,0.08041176624948096,0.07971861107615924,0.15017894658098985,0.18812696989540229,0.40995216986892774,0.8369313065985945,0.6119550014886613,0.848205857604337,0.9941514366669806,0.833779869246523,0.8587408477723021,0.45185424564360227,0.2815669899714005,0.13261270954515694,0.13619211741457374,0.11698759971179122,0.28026329908998937,0.3223263661901957,0.6587864566708734,0.5929789350604656,0.32050605079139777,0.4070908266487782,0.19854573610052761,0.15645349283643845,0.12758040007879495,0.10366776412121788,0.12077980473941949,0.3590748417315744,0.33398087590411674,0.5050792180469993,0.674631755644155,0.9431163435083485,0.8278873207062422,0.9737726103053127,0.8328752793625943,0.983054189365816,0.6673661968483499,0.6413222681356268,0.5284890646690016,0.40879298284148746,0.5211640375281598,0.9723720338963289,0.9231811279057266,0.9289854988546311,0.9002839970358707,0.7001731836528846,0.6583415443262502,0.518249625709285,0.39414722973167976,0.30157503600376834,0.3844698568614568,0.3708874048678759,0.5108224891109066,0.42598264254915563,0.2655055981045124,0.3826684102395948,0.41158476245224107,0.8301718214518503,0.8489516507370657,0.7764038436716364,0.742381324361516,0.8296534705172981,0.6727189604560947,0.7790037589817022,0.9995462123991814,0.9089376325092124,0.741043852638425,0.9706320037545761,0.6527794748535032,0.3885527315668806,0.16206020816812763,0.06878857013427812,0.017684159831928475,0.024646287786840533,0.016280162837444517,0.012065897635689863,0.003991251223847945,0.0008872583421509127,0.00023820417992067157,3.5283189398076155e-05,9.189216496607062e-06,1.9841978666308182e-05,4.850355198292589e-06,5.904477284187842e-06,1.3245827046210002e-06,4.4457529699735703e-08,2.60231280082989e-08,3.2268960494474645e-10,2.7979494464830546e-13,2.1628549302055984e-19,2.7382056037306486e-23,8.141286468064881e-28,1.9027640146591692e-38,1.4686566821425786e-50,2.5811770369567344e-69,7.650206044964118e-89,1.0919085152571688e-134,0.0,1.0667933604397632e-143,1.135594736834035e-93,9.433408947399872e-74,2.91089702075146e-51,5.4544788847856e-38,3.11008268007987e-28,2.9698809957186133e-24,2.284042509566346e-21,7.60907386728846e-19,2.159588856639167e-17,6.866939564727225e-14,2.1261041105261394e-12,1.8052669482274686e-09,6.046102677642344e-08,6.862394816474456e-07,1.8733453581123834e-05,0.00013869165105388537,0.002646423001751304,0.0050354741481587716,0.023632358856180685,0.0325082512674424,0.009974382120005064,0.02598417739960913,0.041946932802310224,0.057632161448885194,0.07062789380867142,0.035246979846555476,0.15667750749642304,0.2640717681740137,0.25121396627943404,0.36009355694661366,0.17993587755637586,0.5927617799109779,0.6922563923946391,0.7571724316848326,0.8640657690812138,0.6832037694996418,0.6799526447793125
16.199999999999907,0.9493445122161881,0.31223697274063594,0.22003081802261856,0.11230995558915148,0.27591039103988696,0.9675156057795727,0.9243372109749394,0.7733585389094064,0.8443924548612849,0.9875053858358418,0.4840768985545498,0.7670566218200152,0.8970037004558222,0.4093206447104258,0.5770154988115188,0.5578011358234204,0.740567248390236,0.9694325571761455,0.8352005496612847,0.5679121086637087,0.9790185436197854,0.9574308298876916,0.8825937135388794,0.5559896513077108,0.4200487718676498,0.2958873108376886,0.21952667360334552,0.0833138780754108,0.1940143608856348,0.21097480116505446,0.13551268942708802,0.2730997216949249,0.4582317847116491,0.5591511276583927,0.7630018255944542,0.43169873331037256,0.3756355174886158,0.06549671582908202,0.05910210508508967,0.04242198336890664,0.09029710046486342,0.030476909739886933,0.014869175002179035,0.02823411908347826,0.013596954148290657,0.05379755956906321,0.3148581738608347,0.44621300105110084,0.28056238377925874,0.3167285958884726,0.14928880304278597,0.21542090937735778,0.2046900356756392,0.24039238773439894,0.3220426684878704,0.22890837465398203,0.11734260496910649,0.08741393794567684,0.05994578590557073,0.037491330545277333,0.06095265341423622,0.0389530854864321,0.023520010187157034,0.06995117167395956,0.08611609872747449,0.1663832770028312,0.14155317293098182,0.27330895194966487,0.5171220211371583,0.3944288935797613,0.21187981065332928,0.13397820675974623,0.16670224720097845,0.13968896209586162,0.16639627236919782,0.22927265202425373,0.1293209934672995,0.03680274158740428,0.014103480988677412,0.00870416440146992,0.0011836094647978588,0.0004480754816099674,5.8933992957797176e-05,0.00033481368675763665,3.874884824751433e-05,0.00012215238528526606,0.000919531546817639,0.00379819122975804,0.00792204873753249,0.007030081570659346,0.007535869867728312,0.0023477714035894334,0.0036563668217973275,0.011196797124928881,0.002677848656810851,0.0011760689277374784,0.0010507734025203765,0.0005693617235095954,0.00047551577334185554,7.466173091981822e-05,7.110214936727576e-05,5.729109256809214e-05,9.967234444149168e-06,7.608578111163113e-06,6.010381015608849e-06,0.0003056448363842621,0.0006120722684730982,0.0006878145059507013,0.0015827766804548077,0.0008998527995575695,0.0011613474061971324,0.0005711460860914312,0.0022693892571593243,0.0034409576069091533,0.0016241477438417777,0.004311341658574868,0.0020297165753388998,0.0023548718167042456,0.0012826109419564649,0.0002889696141355111,0.0001255222859885604,2.700150449791511e-05,3.3683962801378536e-05,0.00013327114337945763,9.243158974978306e-07,1.5184930454422975e-06,3.9695889344973455e-06,6.053986922570874e-06,1.1288611786557074e-05,4.2173222085426164e-06,6.779613047067535e-05,8.972313992168052e-05,0.00018252775078101216,5.125623098260852e-05,0.00020167984078936247,0.00026210994421554354,0.0026752910769379714,0.005412344114960908,0.006228631298642769,0.00979116083949343,0.0032144358584908655,0.0049717792115537805,0.011209874553911642,0.02317551900338075,0.014385190018628544,0.029262700191132224,0.0247806146878374,0.02085957237954144,0.037620387242862194,0.016937729694930223,0.027448134564361803,0.0572330506209557,0.13158352483111996,0.2583149169623539,0.14913661367005523,0.4155846727139441,0.3498848410011904,0.23733945107595011,0.26659949554543033,0.22447163136309287,0.06835480808401859,0.08206551367803577,0.08417078511830965,0.22839757260042842,0.053784612520836085,0.06968189572749428,0.14703647944800402,0.18716634859785417,0.3903009502642538,0.7642271705232879,0.6214659183557839,0.8600105253713431,0.9824233201633031,0.7905626286308243,0.7971134031347198,0.4809949496749493,0.2959896461678423,0.1492957310870599,0.13079210153767346,0.1523773715915499,0.3682393177535299,0.37676445265598285,0.7217432274749306,0.6835552367597029,0.38870434704648893,0.4317339795870775,0.18393169964046666,0.16262591994148,0.14294694072291864,0.10725448945882572,0.14104556143236863,0.38341367924748276,0.42500973609852927,0.6498847311925559,0.815106124413321,0.8589665607357944,0.6722511895604226,0.9079064529234656,0.702783131588222,0.8503375191941294,0.5610526641718285,0.6070647094540345,0.48875668989052456,0.386617619853217,0.4473465420263278,0.8918567756345531,0.8194415517934935,0.876709606665892,0.8797306628646666,0.6851470775212856,0.5393087572286173,0.4127153122049101,0.2896770709616036,0.192163900998968,0.29094232607911114,0.2905744187735529,0.42405545471135264,0.36379234786058245,0.22551037399727142,0.35403266714395415,0.41757758825496705,0.7610688359045017,0.8146936692263621,0.71386153650505,0.6804957557318708,0.8129135261699506,0.7464792561228101,0.9954616136932999,0.7710179559713933,0.83140472861497,0.8968652754910079,0.6843081724608997,0.9976141579206589,0.6222885245727559,0.29904849147650714,0.15935550429337667,0.06210985381917459,0.0966809246571929,0.06730209966871586,0.04824031384789373,0.016357681553197192,0.006506946519931276,0.0013875096741729,0.00022724627323296605,7.880437687427998e-05,0.00017727391023418916,9.670952608081331e-05,0.00011818046359323002,4.749469162378225e-05,3.35171095279283e-06,3.0328499143420395e-06,8.871286387045451e-08,1.7295640774174856e-10,3.1490129274068258e-15,1.4171375078258422e-18,1.8019822722897363e-22,8.286009670589812e-31,6.111966656467342e-40,6.4936182351913235e-55,1.3893506728701824e-67,5.999584898128982e-93,1.0667933604397632e-143,0.0,1.8165001201601918e-135,1.3359109239080925e-95,1.8869114272922886e-64,8.4458342565877565e-47,5.162075757620722e-34,1.8442667658313212e-29,6.992025645604269e-26,8.873137130726012e-23,3.992811162855442e-21,1.772684494645637e-16,7.736662009959115e-15,4.187273530475395e-11,8.8003835166458e-10,2.156146769008432e-08,1.2084078249974287e-06,2.233923119050882e-05,0.0010619347346795822,0.0015683354122573653,0.011096775592886843,0.02173937545305865,0.006245685125581458,0.023699089505482294,0.04182419359819463,0.046041627903221104,0.05888551276006222,0.01872500369035659,0.11142563394389432,0.19159077356333665,0.13504151626591002,0.20604113207104172,0.07095500447117474,0.44201268334908034,0.569865684679862,0.6799000664456751,0.7650870206814505,0.5054245315015452,0.872550516827653
16.299999999999905,0.7834034530620811,0.2550839393266022,0.18420847080088085,0.08600407982108076,0.22691192134296298,0.8968231526851725,0.9204025292411581,0.8954601287940609,0.7742015903978803,0.8214116567032347,0.41463903970832766,0.6373952594372567,0.7347386699946213,0.30928555295230115,0.5415051644618694,0.6140578342740364,0.755366547879722,0.961072941568545,0.943669173365941,0.7242757924441252,0.7190268412473386,0.6036300334727258,0.5922913204325296,0.3475022950486664,0.1898618110493317,0.13340237644555542,0.125703335136582,0.041349396591230894,0.09018385270243719,0.08460722919973296,0.05540093946715304,0.14684086677538896,0.2599320876648989,0.28498115374234567,0.3511210328867259,0.14097766045623772,0.12892591284758612,0.012929896428079369,0.0168437967352619,0.008230102155708486,0.02017321304944717,0.003369465607049478,0.0014898558816079956,0.0034001995185608583,0.002118472292765789,0.010377588360724154,0.09328933895831697,0.13057869934819535,0.08169429909776744,0.08377023859372401,0.0388148616741632,0.07155950028040092,0.0557238830305139,0.06150318734682699,0.086880854030156,0.06859785891892017,0.028163097951972138,0.020061916778614856,0.013035164371557838,0.005807248212733919,0.014855222491349076,0.01136539008721377,0.009955792995098276,0.024062250429768933,0.03787350909402972,0.07771591210109909,0.07273990265139382,0.14790850431658056,0.30526293480137284,0.3122449308379095,0.15947271299299925,0.09420297784183637,0.09758677836030055,0.07930255878059594,0.08644088885318477,0.11417922115814566,0.0718824445454248,0.020699568349030244,0.007165257161982378,0.007049998567505718,0.0007456827985699472,0.0002474375633460642,4.0754508516343844e-05,0.00030555756680173475,3.318998465899356e-05,0.00016808821549788738,0.0008876644871125116,0.004824551815918433,0.014261556170902382,0.01317042511492568,0.018884212253431124,0.005909411335911603,0.00805228946777405,0.023613454557359786,0.004784575797249476,0.0019626313762718495,0.001437990576180627,0.000868123848564544,0.00080443023796217,0.00016047152896547518,0.00010712230093620699,8.122376206263743e-05,2.05874392539369e-05,2.0903966164571538e-05,2.7426329876212976e-05,0.000806234617144867,0.0009955106245338634,0.0007134869680556393,0.0008390512831505044,0.00047043546151012743,0.0006460954597630592,0.00029614041503608354,0.0012053790047056663,0.0013225251254881346,0.0005067143048244226,0.001601544753364389,0.0010555571884513083,0.0014797339348911784,0.0010623487857703204,0.00017919279043854207,4.534735448507337e-05,1.4105299018138392e-05,1.4038047160493953e-05,6.10903155563883e-05,4.2082096586714594e-07,3.3090925551009996e-07,1.2792549141490836e-06,3.204366708113334e-06,3.658667136107933e-06,2.7958379218116285e-06,6.047583286298853e-05,9.166004775630343e-05,0.0001801618793027881,2.6521764877017086e-05,0.00010272043063621132,5.354275534867546e-05,0.0006922096980084453,0.0011108262828785724,0.0012305315622652719,0.0024634741127701073,0.0014262535861610086,0.003550198971510582,0.009333571946297348,0.01993152955811421,0.015041525156811623,0.035008361988322675,0.027612517367243263,0.03557074393679621,0.04723716373826415,0.018575800595721854,0.030355529884939947,0.05982734476532313,0.19324498017327277,0.3513259104138273,0.23068112401671434,0.5739775782210728,0.4536571178101475,0.3061751781428045,0.31244353037737155,0.20496301098415556,0.056519530432881555,0.05747181573621188,0.059330978294998706,0.13310208545467414,0.035988095030848516,0.06316160225140732,0.1641674626878916,0.2523327866632572,0.49463885490050913,0.7993290889093597,0.6899864201731318,0.9772835871717676,0.8366591925893669,0.6145284841771214,0.5525938279646079,0.837260229661421,0.5263908675058745,0.362907967092792,0.3250808913269446,0.4322187202653247,0.8311246746207938,0.7806445992277713,0.8388672051262968,0.9881309691055583,0.679614412702811,0.8163445378279706,0.3721232705899404,0.3901039438528312,0.3304912727141771,0.32927777748325404,0.3516627786432736,0.7794858320439942,0.9409080961863762,0.7917304592615816,0.5653769048216263,0.34623868597852686,0.21928602996102067,0.328333442566517,0.21121927942392582,0.28896492034307053,0.20063032524884172,0.2271124465717566,0.1683642430744676,0.13913834736373684,0.14844991995803206,0.4247880797262807,0.3599893156081536,0.4182232799328458,0.48111721616829994,0.33237869887813276,0.2449063579028819,0.15815458942240604,0.10027298175735598,0.06046384761049776,0.1099054323244515,0.12078824521372976,0.17325400341243755,0.18840636888076184,0.09354119043149957,0.1930770987334939,0.27503670296386523,0.5359958165478906,0.5635173469613273,0.44168711734484684,0.47526426841292424,0.6174991892339106,0.5165097105268902,0.7955288610256341,0.919054238145089,0.9979250971145096,0.9783082029922971,0.8051690916377938,0.9380764635696132,0.6349202364345999,0.3279847670383,0.1915888210256042,0.11062205662282508,0.20832868752756115,0.17783030077612474,0.12752432179941117,0.03697519342079413,0.02222885475954649,0.008464013400926796,0.0022145086175523973,0.0008539232246714013,0.00251160170395421,0.001309599472764556,0.0012600935912601735,0.0007389676039228536,9.81516199702587e-05,0.00011229183587244304,1.3485857513694027e-05,1.2861271055340098e-07,1.0993932488605719e-11,1.92679139383064e-14,2.1258041189979026e-17,1.35189924297366e-23,2.9832748519280444e-30,6.466614739441223e-42,1.4694445187327743e-48,6.265158079593809e-64,1.135594736834035e-93,1.8165001201601918e-135,0.0,7.376888142978819e-135,1.0734274642964256e-82,2.3589906612298316e-57,1.0017920823122879e-40,1.9739620638551738e-36,5.289274268884262e-31,3.306763779372551e-27,1.0769357136372271e-24,9.471366489530274e-19,3.95522234930073e-17,5.436566003268703e-13,3.2374809075889444e-11,1.5072093313247588e-09,8.449946677802159e-08,1.5063474765960973e-06,0.00013564155960157532,0.00020666058867085523,0.002008680503877616,0.006013637296291345,0.0010027881109700696,0.008702167903136422,0.0206258893450744,0.0234666992939605,0.0363046535734644,0.007543136059759839,0.06563190742683801,0.12051315003064707,0.06453741054855515,0.10929311570628146,0.026383147109960585,0.3669564452279178,0.4892077378644096,0.6657939082154298,0.7541695407626691,0.40295764308357457,0.9598225143600105
16.399999999999906,0.7428062423442148,0.22013103614062166,0.14935573821907963,0.08197762353332193,0.23100934462986675,0.946009549137405,0.9705592731868036,0.8692933525782969,0.8358748482589059,0.890679334844168,0.5196045556069123,0.7162897088438168,0.7473999930744567,0.32069020428495826,0.45368103074823635,0.5773637789567162,0.7794321309002029,0.9940966115344293,0.9787791007160266,0.8421612142696235,0.5683693512768124,0.41018480352510245,0.34520547688812786,0.20659904252796774,0.12444170534859823,0.08314268959850715,0.07136254995615313,0.021559524094485288,0.034790404621881744,0.02720003541686141,0.012976751106256047,0.05132109484903218,0.11479489666826063,0.12189492920420106,0.1740107712522983,0.05697124931872291,0.053500733396643844,0.004608032856091227,0.005380115426016253,0.003038230521015475,0.00813431610359884,0.0024035253145139887,0.0023299205079689135,0.005810757824464381,0.0025751460023363073,0.010160348059401749,0.07651287321568007,0.08709408231642897,0.04431942564811134,0.034855842090134995,0.01165085063045856,0.023849189178662862,0.012983823194649755,0.012790425129234617,0.022755391393862363,0.012130849163847521,0.007467026098262367,0.006026243780724149,0.003720136780874067,0.0017580548422483546,0.006605767241998034,0.0034843733537358065,0.003053333325354044,0.012855869130372254,0.015033635459160836,0.03546029495680484,0.027712028811132453,0.06393395916978964,0.12949699738107748,0.10388821797562765,0.0323756291546008,0.019083801091943367,0.025697625869348296,0.03317912172308345,0.025601960002739264,0.027318018371516237,0.020413507780095326,0.0063500816674538834,0.002183098429094516,0.0032168612766594767,0.00035808963931447486,0.00023499027284033653,7.123309813136508e-05,0.0005588910856548291,5.934920910164591e-05,0.0003336535213152938,0.0012830142997434107,0.006704894657137863,0.015298049520382974,0.011611617346418537,0.017076462407970824,0.006068410727162555,0.010185257036111494,0.027881333243229642,0.005375534746185495,0.001958490872371891,0.0011045564525377454,0.0006151416128004205,0.00106509488568721,0.00019248006846182974,0.0002088887549328912,0.0001469450385198733,3.894318102361602e-05,6.565657106954148e-05,5.9698318553186715e-05,0.0014075236973418498,0.0019249086837237492,0.001882586815003597,0.002989126114773222,0.0013369128229485637,0.0014571353550959915,0.0006471374166587211,0.002892606659880061,0.0025553583247265362,0.001064683592990246,0.002782681322934988,0.002560876679313987,0.004309886807140272,0.0032819307252535805,0.000519171885666302,0.00012394194067269702,4.7718277447549276e-05,4.135565527510027e-05,0.00014929565896682482,1.971027376339863e-06,9.03187736054912e-07,4.668843105586649e-06,1.3851912939404761e-05,1.3597511723570128e-05,1.2584357928340475e-05,0.0002564648033676856,0.00024574155957512674,0.0005545221049014299,0.00010435232505901743,0.0005951681628186869,0.0003315794744756772,0.0025938688569339475,0.004886488779524013,0.007160210538646382,0.00946313772591319,0.005942162765786192,0.00872417503399754,0.01865192382694192,0.03664722769841441,0.01558017984483111,0.034395120641546505,0.04045387534937099,0.05332211572677117,0.09193793890474387,0.036426377864730346,0.08763912981083632,0.11703819330317349,0.33272688558153346,0.5933126036598568,0.4022109087118251,0.9633830718489115,0.7657297294821622,0.5819009564212211,0.6752986624973606,0.4786870586954604,0.20965836766751275,0.15214520183324498,0.13517585290057793,0.20524564419878483,0.052187419878882056,0.08037973943115494,0.17625404757495797,0.23570348197444504,0.48012150450417546,0.6740970978437132,0.5462846957246549,0.8493463271882428,0.9618060414003091,0.7742790401547986,0.6390060790023901,0.8117790159319553,0.5233328984712846,0.41786811990151845,0.3327777673940371,0.36196893266744645,0.6233995484344227,0.6387582617452211,0.9330256665517278,0.8235997028280587,0.5277000480387951,0.5965512322948106,0.23518866520088832,0.18421226859054027,0.19147473064316103,0.1722875817289501,0.2360486826673418,0.5484627152091955,0.7993642768520092,0.8670129919506178,0.5741926090886378,0.3356740844631199,0.24523776572877198,0.34204153967027506,0.20640834074621894,0.2900253884732653,0.19083484721805674,0.24370131448424126,0.196934754264412,0.1764693652582098,0.20722327596821216,0.4555307608367299,0.3955602764011622,0.5041683521670068,0.6464434963368493,0.39933089741778455,0.28364197380319256,0.1931235866074529,0.1590284463262476,0.08389149300561591,0.13026655949069657,0.11520984800555543,0.1491131139523001,0.18931039566038296,0.10028155414954834,0.19449707221141466,0.2424801842482351,0.440178850343087,0.4005009217517867,0.34761856386563866,0.39669292743634926,0.6150904737181724,0.5751310178162014,0.8174568186484131,0.9168822509025291,0.8117207824936216,0.8269213938754469,0.9735267001150119,0.7381795205002403,0.6147345029569942,0.2746479133978854,0.15509752266112997,0.1256137898787918,0.207078954844684,0.21939971780270556,0.15159917938327144,0.06699593111499534,0.052519307040826614,0.027462591326621134,0.009620005018208443,0.0039768059931207436,0.007971331080362777,0.003966348990538985,0.0022911023993626724,0.001363848076666872,0.00014328497820924606,0.00018063548353239192,5.554401612030546e-05,1.4143922351574673e-06,2.7725992260146595e-10,2.8374554620875464e-12,1.4053655857162733e-14,3.778754057792494e-20,1.7321625907582562e-25,1.6516263930377823e-34,6.634437687421744e-40,7.03495334329995e-51,9.433408947399872e-74,1.3359109239080925e-95,7.376888142978819e-135,0.0,4.0771773250665225e-122,3.820513433393686e-78,8.916436671504512e-54,2.7132127017831035e-47,2.1650698357332232e-39,1.465749095152442e-33,5.459096262665513e-30,2.521802428133341e-22,5.319114960238717e-20,2.091011640187605e-15,7.383900293560705e-13,5.165150720774638e-11,3.601700647601286e-09,1.6422046943876334e-07,1.9433684645203315e-05,4.39458836954332e-05,0.0004107029676177814,0.0024444433409243453,0.0003220363343818101,0.0032933428522130648,0.00794521833400623,0.009092226600078253,0.014950999425515279,0.0028341925426681783,0.02348467631568147,0.041282525987776306,0.025073668585007165,0.05022245254418254,0.010377506713297915,0.2233104719222156,0.3228793785817388,0.4230102363874319,0.5223467515533979,0.2500281243933373,0.7771144559655992
16.499999999999908,0.7196486538484383,0.40306219135081134,0.2837330556180419,0.1374828770790291,0.3634868333990893,0.9238265286574312,0.9047104250654171,0.822097562791362,0.9118647182381285,0.9899850701953807,0.6663535467854337,0.8136016201434687,0.7598539293637879,0.3637796794849156,0.46468839245520654,0.7769444534758467,0.9088020544675771,0.959435938305327,0.8861052601249135,0.9703852703053811,0.4043262579254264,0.28237500940153754,0.21115319331591564,0.135021970289659,0.08205649195309622,0.0561085329051817,0.040618510576025384,0.009397126123608993,0.012722888497488224,0.004794528833175613,0.0012250783657807656,0.006757660664383404,0.03444808381109789,0.04645548464007468,0.07496469780814996,0.03163186901900105,0.041817945393499076,0.005064604444996137,0.005082430010397286,0.002174145279724573,0.007549734323219164,0.00288410329931876,0.0015187726212040897,0.003378628975334113,0.0011639779531749596,0.005393788329664463,0.02649078661387708,0.020736520855394226,0.011162425670800441,0.009199631049221417,0.002754308647447309,0.007431728794969226,0.00375685386190862,0.005284676349103687,0.009968806182530918,0.004983737285611552,0.006344402061436424,0.006769163167681063,0.0036468900448570246,0.0028271304132632485,0.00867552114793301,0.002937106933591407,0.0023654165497637753,0.011397985445199082,0.010922195675943209,0.0171016561022705,0.013279672443704326,0.025137206710226425,0.03672639303156933,0.035845152122491175,0.012451770263423508,0.006473234770413096,0.007110809768272217,0.012597252718160147,0.01040446631555165,0.011501471142478762,0.009004303995399426,0.001668937566290758,0.0005989212104736355,0.0006897870846976193,6.739928382061074e-05,4.711130482983915e-05,3.32087841750884e-05,0.0002871205889489328,4.423722930226791e-05,0.0002645097379557634,0.0005547946950079909,0.0047323264653885595,0.008782028407310481,0.008276276767467804,0.009143366875763954,0.004280550285938848,0.005777268695879195,0.015118000925334127,0.0028141437892026484,0.0011496708435931146,0.0006933420969586628,0.00048510130573255726,0.001269677930440999,0.0001711973437806455,0.00020024861528959544,0.00011059710326182906,5.4880298396296336e-05,8.570080605489958e-05,7.168480853563494e-05,0.0008996060830820266,0.0013583279784594013,0.0028173106044534573,0.004462065047455838,0.0021107207604296593,0.0014515660827082992,0.0010202719647513668,0.006353210032267962,0.002606240842338483,0.0016148881320050426,0.004503146959153134,0.0036393175138649835,0.007225812867011964,0.005592273959366077,0.0009013386682786416,0.0001594623542764352,0.000175393599837503,7.929193344331312e-05,0.0003060598859334995,5.685105038508473e-06,1.9992072868825976e-06,2.3992795717886594e-05,7.102454654367786e-05,7.197527810743803e-05,0.00019498571346964017,0.0014659265810203924,0.00045096523363486536,0.0014968290024360178,0.0004888207949863126,0.002407493742804217,0.0013338438833334955,0.006718709755053941,0.010884545422004809,0.01422375580011895,0.016305892412318685,0.018494229848393152,0.016271018590704605,0.02574992684079255,0.05684076796623972,0.02348001714675031,0.0453597898182978,0.05983327564193975,0.09130130963510356,0.18556827420261168,0.08103347093642303,0.14161355324778746,0.17901269249647786,0.45959052898130054,0.746221748056019,0.48873958944526036,0.9669785183793351,0.9282585117715805,0.7097818692894609,0.7703454483274806,0.5695848388928485,0.19791045470703994,0.10632037040897784,0.09603220928352427,0.12661119975227186,0.03567056887188222,0.07711660700026407,0.1771474934025146,0.22876872390879802,0.4509733522216109,0.6500615148098081,0.5109768355630095,0.8763539271666864,0.9652996423282139,0.6776155737014078,0.5923422957982725,0.831360367238492,0.6018499308350743,0.5040827087481049,0.47125121541758547,0.44966755702567485,0.6056379828655762,0.6039095209272912,0.7492298973523457,0.6657683652783154,0.3955607895130839,0.44165108880402537,0.1589830844888835,0.10819822141069706,0.10103456229628675,0.10994908296057182,0.12133189036081046,0.3958238994004557,0.6558931957329022,0.9651368785827698,0.7843796506370572,0.4602320852105676,0.27012531360958053,0.4194290086933986,0.24113634391780983,0.34935418700438103,0.3293931878382661,0.3613497302240384,0.24824403534813227,0.18083498596116682,0.2220695426804674,0.3339879536386241,0.22722518488004909,0.35163791687796075,0.4641348750510849,0.27765227057255815,0.18911421256601438,0.13135447942438194,0.11150052250640759,0.04281014326919881,0.08198326603739962,0.05943118446431796,0.0767609904979824,0.10004375801318949,0.048065485249269936,0.13838689515116387,0.1599140997687668,0.2685390631012113,0.2179826069762767,0.2099160058213704,0.24103385132615746,0.5039643526034925,0.48073616135525127,0.7786221064772754,0.9238431110130673,0.8619469043356777,0.9295012761000213,0.8735193804895136,0.7180369572449461,0.674808166795022,0.33241943443417665,0.24532358542616425,0.23797477684058402,0.3326102199746253,0.3279652949621258,0.2501646249357543,0.14051083627853822,0.1378399273977367,0.089472737044119,0.046316536059990816,0.019715994484609468,0.02895556753448101,0.01205379067997046,0.007045924965437855,0.005069185146979162,0.0005326778393097323,0.0008095530771216044,0.00026802391157635394,5.032563874110047e-06,1.4590854626448825e-09,2.460764827270502e-11,1.298026708645067e-12,2.1361379684602898e-17,3.7541945267282045e-21,2.662131686818691e-27,9.006160419554451e-30,1.6682473357351417e-37,2.91089702075146e-51,1.8869114272922886e-64,1.0734274642964256e-82,4.0771773250665225e-122,0.0,1.0258037006946648e-117,7.82841161772343e-80,3.6928010515472296e-67,2.788082391447011e-54,5.2966024787608e-48,4.106341682185767e-41,1.2229277400492588e-30,1.4616344357777483e-27,1.3737343891035383e-21,3.83825900704506e-18,5.0806165744907445e-15,1.3419018452085626e-12,2.2522628010835214e-10,4.014528080554756e-08,1.3172089238281828e-07,3.2135385843781786e-06,8.026268082663704e-05,1.2465415772121706e-05,0.00022493084602160325,0.0011639174022569955,0.0014663477750883004,0.003461033853786159,0.0006449509686934844,0.007542205776952781,0.012519496511435203,0.011465920934518203,0.01958850316926382,0.0050420921259432755,0.0856423219920118,0.1275234794823731,0.1852300655937234,0.2382707313300603,0.12461290756591388,0.5646326442784256
16.599999999999905,0.8584273840103693,0.6493645174323587,0.5205903397678865,0.34018804463411406,0.7288894238411218,0.5755354845681097,0.5466944093514724,0.5270650624860891,0.685544949302464,0.6234007278188546,0.9306175700847628,0.854861799282869,0.9565791543350148,0.5916374272328524,0.7151638263365764,0.8736747221779914,0.9050456282611736,0.8801186132280978,0.8422452158665463,0.9692240728255332,0.33115640228837934,0.21081117075314393,0.14639477797456646,0.08850700352751267,0.049300781404028056,0.02709815989960511,0.02046971702434558,0.003379254772356878,0.0071856350847796435,0.0014915164197543173,0.0006473223098436798,0.0027883993764703957,0.0066165752376359036,0.008989113297201914,0.011879626584943525,0.004296265995436547,0.012340199895895524,0.0014513959964708313,0.003832466944771014,0.002343494950162455,0.00684056583222718,0.0032800961043634707,0.00234746931763672,0.004220062997204386,0.0014955078991310228,0.0044395019817851135,0.023706663825344563,0.015713736293203617,0.006811787794276843,0.006847693717653994,0.002339037324411537,0.006579661502048294,0.0018458787936506203,0.00255391074787521,0.003089964884437039,0.000594434160750332,0.0009737146499105556,0.0016743525353179857,0.0009459981368350658,0.001163125601440703,0.005845461132708385,0.002017985607610594,0.002672445875241335,0.0030697121596540288,0.0018457193224140384,0.003656277887365016,0.0037242672640934974,0.008987286388609978,0.01084017073230702,0.012687378739579208,0.006207102360425731,0.002988236793381878,0.002220694751959682,0.00652453533691218,0.006654935578375704,0.01943718940583642,0.012535641822738324,0.0038514494766197266,0.002039847232817852,0.002487732125607199,0.00025823809960404673,0.00017953552881569312,0.00021530417258505146,0.0009915256659224693,0.00026058366171958955,0.0006310887259235754,0.001802074780467511,0.012318828777890098,0.01569614054846495,0.009640891767106112,0.011128177945751527,0.007130512681985816,0.0066915906550150586,0.010160661605253021,0.0016407644869501654,0.0007392695234181389,0.00034810145199744665,0.00025135284095132733,0.000681189756905037,0.00013953745847272123,0.0003234098048768041,0.00023407345521394014,0.0003029250309354525,0.0005946655685587013,0.0004385060789872472,0.002066487797069931,0.0025674819273968784,0.003810926116144887,0.0040679185548026945,0.0024452352797927177,0.0011312073872260342,0.0007495010958670568,0.0025469544364624132,0.000621915639140449,0.00037166313300841927,0.0026062319679383454,0.0026404093552729636,0.00637014463545089,0.006122970964512477,0.0015017675906418566,0.0005517890540215912,0.0011701854772948447,0.0004480578665767741,0.0013944309201528885,7.50041480710472e-05,2.310232827916088e-05,0.0002668390370320238,0.0003797296971380492,0.00035798471165217306,0.0008598861188474003,0.002847840465228709,0.0012642923432641458,0.006307086793182003,0.0014340137639618487,0.006643058380872023,0.0034928090205120603,0.010688842551031306,0.01914246754082516,0.028393418728912854,0.03632576052632661,0.03920146921822655,0.06204649242953429,0.08992092672293414,0.1135334971671469,0.055419670866402836,0.1037207865645664,0.1641114350461522,0.09946723240701648,0.15442172697233492,0.17276435296885875,0.21808163625273308,0.2315941113762921,0.48000841807555816,0.7225126082734384,0.6467651345881383,0.9279317919065344,0.96311581743805,0.8241416840401791,0.9485295777452837,0.7124046769961864,0.2541443585581644,0.15923113461127952,0.1795175800589181,0.12440389698872843,0.04347732170974588,0.06870412250743718,0.1590615345067854,0.20768337814827942,0.2947690204570807,0.386942126346505,0.2765631832488484,0.5838207736816854,0.6886552830136545,0.9330979456706968,0.7471833096917753,0.28389138013220694,0.2701610754668303,0.23687350658741363,0.3379622448284904,0.25752715112642943,0.35166961921737233,0.5650117689071421,0.691178396303589,0.62715064337875,0.3644961608874289,0.2648621180467938,0.0842907096381165,0.04959198261245248,0.036521838124939116,0.03246212327595043,0.03706520858515378,0.20686304521225457,0.4296650582707185,0.7532136568023092,0.9982931289418768,0.6721735825387203,0.3743451547615318,0.5608954471422877,0.28118344999323946,0.34051910954100184,0.38840081932294757,0.43675303159666273,0.36589714734246737,0.25088362740687276,0.2720430456564904,0.2639614482631892,0.15570354716191523,0.23866260061531666,0.2768204209951865,0.16557865315748285,0.07903749941080934,0.06724073400514163,0.05822758482332192,0.02678719590788048,0.04996224340209635,0.03884155325119097,0.05133163128329398,0.06271852002573396,0.03098965087071759,0.09703517668841594,0.11931963755034795,0.22382630861297265,0.17544938068357802,0.22293928216859343,0.2554478751505862,0.536821862822397,0.4794581452552687,0.8408407458438414,0.9289241204768502,0.8854705869123831,0.7487209563761852,0.7087969014953689,0.8967181744382339,0.909447619224153,0.6271256970915831,0.5185741010463613,0.5982283914408361,0.7307134734136954,0.8180680805098581,0.6874281918590686,0.43335214910191544,0.4180782804010129,0.2565978376820788,0.1248251665439084,0.04908887278367041,0.054550613751723986,0.02134324637162678,0.02306229868557578,0.02159498266634254,0.006064561070966679,0.007923288667420293,0.0030717567605136552,0.00024749025675679866,3.8424861426009594e-07,1.415288913978529e-08,6.9934869823288156e-09,7.196664394494424e-13,1.2073276830627212e-15,1.5150094975777538e-20,1.4839490949321958e-22,1.2447486890713254e-27,5.4544788847856e-38,8.4458342565877565e-47,2.3589906612298316e-57,3.820513433393686e-78,1.0258037006946648e-117,0.0,9.439337426540048e-137,2.2827661940302456e-102,2.7935493943045345e-82,2.364083257055845e-66,4.191219658252426e-56,2.034161201457919e-40,1.9086772225229344e-35,2.426933656733107e-28,1.2313867629282242e-22,2.5699253358513247e-19,6.527712437260989e-16,3.9424522485107344e-13,2.2450078307950529e-10,1.42583284029687e-09,4.679698768171252e-08,1.6600403998528867e-06,2.0550384928326105e-07,1.5240845495261327e-06,8.889498943280247e-06,6.072772258095646e-06,2.0932564317089347e-05,3.7105637655448673e-06,9.389427681934516e-05,0.0003260491517731553,0.00026310954449049396,0.0008063634419383553,0.0001955429919909213,0.005863466129666938,0.013480716221700082,0.018681851679816352,0.02832412179658825,0.006314608735970607,0.05970045694213806
16.699999999999903,0.35336612239582743,0.6716406475152069,0.8117600015683661,0.916190797867816,0.6103765872103307,0.1764915233101572,0.10906819625640427,0.1473364300604673,0.15873144336022066,0.12837129340948217,0.3207477552741819,0.2614927741044135,0.3964587077712054,0.7932951851565012,0.759197452464992,0.5502378822212372,0.6324379817217619,0.5676034776885233,0.5581925992068715,0.7484429704039924,0.17216287262641522,0.07800855179155215,0.038428382575540036,0.014468831327239931,0.006971646672747339,0.0022186021635244137,0.0017969349187821667,0.00019951208842127792,0.0005461743245304075,0.00017923482436318217,6.671667127528636e-05,0.0005551493063588978,0.0027646961993146456,0.004200734896905032,0.00596875060171379,0.004244842986307879,0.009332596712623062,0.0013501102773865457,0.003262071325920657,0.0013027795651568838,0.004801840327524196,0.002150232583817963,0.0017862273966971235,0.0030817802339001142,0.0013605562091681478,0.0038390836264158026,0.013884782518383279,0.008787720171989522,0.003726583889372065,0.006134604642484074,0.002349704876450816,0.006551844617400265,0.0015107763294072098,0.0021768135354984413,0.003225197942527075,0.0011117405053574366,0.0034662906623557756,0.007174868361075746,0.0029468806732274797,0.004538126797413054,0.015518214412906059,0.006334990173413144,0.0069215406742292734,0.00801989857463929,0.00556940803834007,0.009313923264719366,0.007381312284899523,0.0210239448743924,0.024869638113782067,0.05261821792644604,0.023228616696241034,0.0146307942795141,0.010090695406100293,0.02100666022314935,0.02510945430588781,0.07058846833386802,0.03370859795649848,0.014716768822720001,0.004156979966517439,0.004044984614070044,0.0004620306236055208,0.0002480306285645501,0.00039914357239461133,0.0013915390421434374,0.0004100889423310813,0.0006181337836088754,0.0019916560373919364,0.010535352525015609,0.02250374043693459,0.021379806672117543,0.03136995407402679,0.028081701547092386,0.033129298487065334,0.05752037188526086,0.02576372644952752,0.006308579330733674,0.004027921492973794,0.0036725954198092788,0.003939979150049731,0.0017909084346029796,0.0024185663894648788,0.002352377175139853,0.0039954513058805385,0.003873377491422647,0.0027296437516223346,0.004108560443271213,0.0057998605658516784,0.011486712029583445,0.017323571922811722,0.010616074848519839,0.0035123030095566767,0.0028035528428698646,0.010708555475828723,0.0025054161705141027,0.0014362553699013945,0.006118805276132854,0.007523878878810193,0.02136911424345062,0.023462866661315553,0.006960609248634038,0.0031004813722463305,0.009488161288835376,0.005903999178169349,0.015779881645044028,0.002080709273620862,0.0007377346780156105,0.0058699053091240795,0.009312825547390229,0.009958174760654501,0.026623402470621508,0.05730458181609898,0.029415540350988773,0.08848865502290104,0.034483061744649844,0.10366809765514831,0.09839051962609191,0.1461422356052902,0.19114136449620492,0.19564825914434888,0.114313777115019,0.0952386127642431,0.08345503164164655,0.0869550317291764,0.09278912531149766,0.025646133303515374,0.04706817786426594,0.09751987342384165,0.17197403253034113,0.25865290422058507,0.11908887781993513,0.15461657572407675,0.13132197857272992,0.2282859278148298,0.42299429708894093,0.3643855999024494,0.7089209467735903,0.8697520531881386,0.6134425557436889,0.7947077970995461,0.49823313236413724,0.1785419918540728,0.06910620166405024,0.12222493651338232,0.07809452292215906,0.024321850506218864,0.0520953936844185,0.11064983904945937,0.09012779257274091,0.0862071531014267,0.09806098424719438,0.06384414853898504,0.2393332959485261,0.43200035953048255,0.5640191122771818,0.32654767124482365,0.12002905462857617,0.18154408093914734,0.16630741667338136,0.21947147367442607,0.14121060335094043,0.1442952033336446,0.23628646643277257,0.3011727514138908,0.28954492486346994,0.15463236239506187,0.07426273404537069,0.028666220461253257,0.014549733400300042,0.0096704053853669,0.014014818708913815,0.008464687045388688,0.1308984260284555,0.2524541710713474,0.4366608074700519,0.7114323987510628,0.9872210959500031,0.6592040775145461,0.8471323601186722,0.5054601993569448,0.6766373517824166,0.7636968571560192,0.7976983537767931,0.665389631117886,0.536465838874266,0.5651242376253282,0.47332044147221475,0.29509575817039907,0.40337253400173806,0.4116415092233081,0.3365003528794631,0.2323658443126428,0.20501605232305473,0.18931085026160557,0.07273910536415533,0.1275905329607923,0.10741520608453764,0.13610279669803688,0.16739049819328425,0.07410240194277788,0.2009967281748947,0.18178772466012227,0.2178956589829989,0.21532619988564566,0.3259015039677504,0.3524905900590494,0.6989700949224739,0.6693642550913692,0.9153678975698645,0.8195711762665987,0.7665791863753084,0.6246279322088136,0.6344285089181163,0.970797966149967,0.9520421296510265,0.9158471103181424,0.9088721183627131,0.927212941285176,0.8990181364946752,0.8063283809853022,0.7858593140754911,0.9264278765695162,0.8533250534667404,0.8753824145719339,0.626944810539657,0.358633744162352,0.3247681453490988,0.15190482199359628,0.17943636266154034,0.1522003762313645,0.05050664325359292,0.0519263473348014,0.034943072506067034,0.003943707860717363,1.2448939778954792e-05,1.5027791056985542e-06,1.3268713315609116e-06,9.076227348787032e-10,1.5555466235801423e-11,3.7445147438447425e-16,1.5624116209932337e-17,7.917255151000205e-21,3.11008268007987e-28,5.162075757620722e-34,1.0017920823122879e-40,8.916436671504512e-54,7.82841161772343e-80,9.439337426540048e-137,0.0,4.784259284718811e-151,4.3390301403545096e-117,1.364828642459905e-88,6.600366288466366e-73,2.3466797619887397e-52,3.552119340634907e-42,6.274266853083461e-36,2.9843583050668503e-28,3.4494668843973413e-25,2.397041953543455e-20,3.469987809521726e-16,2.723476928255707e-14,6.072894439877789e-13,5.3256668583554565e-11,5.09874585532269e-09,9.72327008012279e-09,2.2401995526012945e-09,2.5354415664835422e-08,1.2277876691289907e-08,6.887903765477739e-08,3.7217424669324636e-07,6.753037203681841e-07,2.3194426374599835e-06,2.291446795461764e-06,8.12850104386462e-06,2.7891111460943625e-05,8.875960801928232e-05,0.0003769433238364386,0.0008034084863589252,0.0013496391940832119,0.0018335491877390251,0.008096986804220729
16.799999999999905,0.6460713811241967,0.9484948152659187,0.8604633945969902,0.5987547312623794,0.9397623838444737,0.3623015347741201,0.24739221576243173,0.27480748702921876,0.3256891841337663,0.36572336566752667,0.6946587801619567,0.5771442773476607,0.7869589528007038,0.8868446891159255,0.9010437212918365,0.7341396596124021,0.8287713776167503,0.7537688014381337,0.6860181572913131,0.8790059026280791,0.27230928818157946,0.11655884067785134,0.060614733409928324,0.030629058871100352,0.01661903053646035,0.008329195856217721,0.004650610330746322,0.0007321296317385518,0.0006663390674470176,0.00013901235658098812,3.2897872034502754e-05,0.0001759155247015698,0.000983000823502558,0.0005710440561365986,0.0006663371217199942,0.0004962107257351916,0.0007914191634979362,9.660640068191865e-05,0.0003166056728439989,0.00012458313151944857,0.000552160480365268,0.00023993349869274672,0.00018835924008670622,0.00034343711679304446,0.00013065925597768532,0.00045463493122607416,0.002716638466529796,0.0015439728310007372,0.0007699031387356311,0.0010057775760051297,0.0003445878215898355,0.001134851932950266,0.00029920735801079127,0.00042224704545304616,0.0004345866237322976,9.76002983455517e-05,0.0004196252950729489,0.001004777601144075,0.0003638955474983536,0.0005133809072153221,0.0021799045566754777,0.0008819410467092179,0.0011729946465851714,0.0013805126764347528,0.0009830734952977432,0.0010323565049033868,0.0005815422040033653,0.0023463834040294697,0.0025888192782259883,0.005733361649194793,0.003872376528834416,0.0018419621516464182,0.0010748491441406472,0.0028179712542646153,0.0028286334496240846,0.015399326114619307,0.005298327138260492,0.002036822555732479,0.0006839664220639642,0.0005712638983294421,4.228777895394001e-05,1.7249787308300613e-05,3.3363216996922844e-05,8.125846912480332e-05,2.058956698413719e-05,3.41696676682563e-05,5.986347232454794e-05,0.0005475418714383401,0.001375484162207542,0.0014924359841814964,0.00224634829331956,0.003166660233120022,0.0045525030735147215,0.007448656746910919,0.003166315860104146,0.0004930785934983772,0.0002196343009349493,0.00023916451046769526,0.00021171025739423442,9.594068995243601e-05,0.00013500009171092287,0.00017013360385376679,0.00042207094198419754,0.000295086635735642,0.0002907183348692762,0.0003532232950509918,0.0004448158504386327,0.0009938907172306868,0.0011272214904875222,0.0004669983076797846,0.00010351845604972387,5.6284152638040985e-05,0.0003665508417548332,3.823867171492921e-05,1.7256051066452904e-05,8.293397840556566e-05,0.00016918337753026716,0.0007864517328460745,0.0008004714480537928,0.00016167062513975682,8.036116874747849e-05,0.0003065834724701585,0.00014735896213205035,0.0004886531583551903,5.209285708273724e-05,2.2875662757927525e-05,0.00020875494686809626,0.0004022059894501477,0.00033516947658896996,0.0009551057149961331,0.0019573041786893628,0.0008189096709258598,0.003756840144911991,0.0007685427658607327,0.005267423982340422,0.005131212553909678,0.010714526493630373,0.023264629010775695,0.02861933073484823,0.016668592638549935,0.019373758248175037,0.017680887310010697,0.030035467779317305,0.02890103640740555,0.00997383711175764,0.018450924448958548,0.040160151280752794,0.0904184040179084,0.11854624235267472,0.057955473294659395,0.07765065543121091,0.08887132437939031,0.2956182153524806,0.6031924894312978,0.5575546358506674,0.9782997132462282,0.8883345554601946,0.950343947383155,0.9010465699748709,0.8064403643410979,0.37997960211694537,0.24045349948161832,0.330588066490252,0.1873777197702536,0.07609592326002758,0.20237664858929902,0.40156885199238773,0.4031304585203873,0.35535989416762465,0.41660058897574775,0.3278922660593358,0.7910110399688933,0.9991889385337691,0.7593041726776505,0.9890064569785774,0.5922131719346202,0.717123263800227,0.6697377591696734,0.6967668109904172,0.4884833476773154,0.5872539864649785,0.8542295470596789,0.8650973250357502,0.8191463141449453,0.5254930799960786,0.28433147602422937,0.1366027391863724,0.09869565593900606,0.10637997752486608,0.13946158433977862,0.09782775640429694,0.5711650841087665,0.9859747485259794,0.6465364039656193,0.4156971906060412,0.20999559935552592,0.09034149373996472,0.18524916586857387,0.13419674776942864,0.19576716840272987,0.2312009965984529,0.29673992533906596,0.2608614021613878,0.18141912975824823,0.14844313425033995,0.12261204689203682,0.06711172100369081,0.11915538076994403,0.1423756404941238,0.0892664342922101,0.03377113436917441,0.015808993325899117,0.015316861858609762,0.0054656563627580495,0.01441922560301696,0.014502933969145705,0.021220990225572854,0.03659003113113661,0.017141639619678177,0.06630131804344407,0.05368593369243516,0.06310849957906917,0.04991580740912698,0.0792550341914214,0.08000220955689936,0.25503958653613595,0.2497014203435049,0.49652599701625955,0.5926064076276427,0.6193541782322501,0.7597318931465019,0.7591316429888948,0.5649618000295216,0.6755364378694246,0.4512516838721772,0.4247981499551201,0.5819505350352207,0.6219426039447004,0.8399900283532646,0.8726140504415393,0.6727371635670025,0.6326144138147887,0.3757281819369374,0.2263326272846877,0.07345400076477115,0.07300489464514887,0.022355920404393236,0.020823083958916064,0.030095996417064848,0.010242627861959888,0.012086185291808818,0.00634078133532014,0.0007541542498038096,1.9910262737638945e-06,2.312762275243276e-07,4.6341968163456305e-07,1.2336942054507025e-09,4.2088647823379305e-11,2.1455877436397343e-14,2.3697043241148356e-15,5.392139362727145e-18,2.9698809957186133e-24,1.8442667658313212e-29,1.9739620638551738e-36,2.7132127017831035e-47,3.6928010515472296e-67,2.2827661940302456e-102,4.784259284718811e-151,0.0,2.7031199101352547e-157,2.2675810912773e-112,1.8964476363634208e-89,7.4786221623863435e-62,5.06246639684102e-52,1.3325890573631837e-40,2.859300449269012e-31,3.247124591519062e-28,5.1717250568583794e-23,1.2967570074130115e-18,4.788369640383298e-16,4.1664403066830426e-14,4.358227877047904e-12,1.1942625844506073e-09,1.3054882430010704e-10,6.069223967269483e-10,4.655292192307835e-09,2.4615401705853758e-09,1.798934251555798e-08,2.193516738012781e-09,2.0375066674444952e-07,4.826797779996027e-07,4.0996286705100035e-07,1.6118061034201118e-06,4.6891923362029807e-07,1.808018911332386e-05,6.19765306682843e-05,0.00017290464614018393,0.0003838494390613855,7.277676341391903e-05,0.002809246457883303
16.899999999999906,0.2301109207742676,0.5389261099197414,0.6825790138013103,0.8670521711319256,0.4701142728717592,0.11393850746656657,0.0690550335148364,0.0789950906838638,0.07630911779529365,0.09515965274590266,0.2585257691125503,0.21707012099589676,0.37773966152986777,0.6692734889783676,0.7256158123243915,0.470602981464698,0.5676506832194577,0.6046844212267327,0.5896239337844457,0.8193248094968426,0.2503070044894326,0.09394319412758824,0.03424752008794306,0.012014480508757587,0.008113150307696609,0.0034505147500509103,0.0015818149542986058,0.00018318783204690007,0.0003137994603689686,7.091046766942421e-05,2.3909005232930884e-05,0.00022559177929433816,0.001161240955418837,0.0009838194250482379,0.0013802813109016878,0.0012251141203655543,0.0013999096462139662,0.00018954509220946896,0.0009532086909044141,0.00027986139991148474,0.0018697226699364547,0.0006599425657694424,0.0005175038710143482,0.0011317450850326187,0.0006299593536226473,0.0023146727906346266,0.011650582558964175,0.008501574395041619,0.005108630342021356,0.009846369856059885,0.004107041194595596,0.009795692927924206,0.003047306819449036,0.0031627876149016264,0.003969918267941091,0.0007774206796221824,0.003566832748140136,0.006629038865370409,0.003177071354693159,0.006453979831645025,0.01658946832523714,0.010743548964177662,0.012864546361710702,0.02063746809137459,0.01373666214918625,0.016728955611533057,0.01350243142793651,0.03772029320530108,0.03898506112648512,0.08969933225079084,0.0805943209819288,0.04330393511170721,0.0300975926548977,0.042290919171280285,0.03925544688328147,0.15885929687267195,0.0567169322576177,0.03723465611161406,0.01428835182034185,0.010500640414634905,0.0009369591952201441,0.0004522307079525057,0.0008942112948628687,0.0013759259307415592,0.0005811124564435323,0.0006792603979693546,0.0010094085601148287,0.004776371457134586,0.008166404243883369,0.012773713190396283,0.016089307615932646,0.03161543003928793,0.05605165988505214,0.11251833021295651,0.06816280889574099,0.0078388270929703,0.004904751325051524,0.005221548656073899,0.005134713404475743,0.002814910679023556,0.003202379626044731,0.006947636111113043,0.012118690539981233,0.010149968805909761,0.009416203463092892,0.010176575961263236,0.014836497620949867,0.03319063634726054,0.04194696046748409,0.018522207838132163,0.005352214436372395,0.002846997898756276,0.012466613564778045,0.002046378957767107,0.0009035463567448502,0.0020082099876912074,0.002942568419568384,0.008989228478617318,0.008303242730084055,0.002481730281958358,0.0014524031511971354,0.005296426717728213,0.0026055838117484634,0.005683127371224993,0.0006127514432452962,0.0003748993584551661,0.002005908682771676,0.004372788542630076,0.004295044229070932,0.013052233163705169,0.027388030061223135,0.011899794430867989,0.05072875660535025,0.014397305895420381,0.052964665028652,0.04786747505422413,0.058362192450997975,0.08842248499698624,0.09811118099498567,0.05178321378979478,0.03833902439238959,0.024186333666645368,0.032606901346346494,0.032113656135649704,0.00557612503785116,0.01119650612712919,0.029135913242577388,0.054073092626546596,0.07641860525043755,0.025337460837587165,0.030048032313531748,0.026015206784533146,0.06043113687575142,0.1521844393914531,0.12211209248355336,0.32910161666973,0.4792033105037571,0.3930302390197885,0.6173885834491002,0.3785753723084122,0.13347443730772346,0.07652692285948859,0.1065124225078774,0.06090597278045186,0.018024923884012826,0.04539541572301142,0.06156547817593504,0.03898005408284054,0.0230058530262607,0.029878652666270506,0.019827035212412216,0.10470796901588847,0.23099560885700907,0.31657389993145585,0.1285564863748757,0.04145727520647658,0.11217860786279303,0.11248504233138985,0.13819007704536826,0.055941083887134126,0.08275532070328896,0.19880030409323188,0.2632592091705385,0.2734622574697087,0.13672743736022688,0.050503384670982816,0.0351868488693195,0.023431275836806653,0.02268699281240214,0.035160706016992276,0.012390402481538646,0.1834288450270093,0.3389023475258911,0.6282351346743613,0.967289227738699,0.7143762376622841,0.4225627112065919,0.6700167460145567,0.47771452553920835,0.7062689539023022,0.7993814801832377,0.7508341742191763,0.6536653066480421,0.54255442630363,0.569359157976672,0.574795449340589,0.3559956057930816,0.5313095608404005,0.5575098826912356,0.43504778055875803,0.2935979895969317,0.18013729771128842,0.14609146327956424,0.0670462494668195,0.11187457528557461,0.08557516960357589,0.11455705663723542,0.14720710476626192,0.06400292763485552,0.18389906310491547,0.1174315277079546,0.10039695549233636,0.0891162953886027,0.1297795889033627,0.11844179709111502,0.34070596508750617,0.3279666162084664,0.6320265238408938,0.7323377099060455,0.7490211398842221,0.9331195912473699,0.9674227362484807,0.7548935519048379,0.7680462538830539,0.6037892387594229,0.6858214913775496,0.8843154821374687,0.9789471286687862,0.8997009941634612,0.7381694460309455,0.8142538970569336,0.7841867962733674,0.9106282106704207,0.645539685552355,0.41845612621863776,0.3842178818002231,0.1416000807208919,0.19249314165571,0.1579952427498257,0.06155868094192631,0.0870799957156854,0.05348755008652751,0.009322235928415615,0.00010355195464672144,1.687937876143889e-05,4.3168426449928034e-05,1.3839210665323967e-07,6.913573685197453e-09,1.6197122175949281e-12,1.9096582712964273e-13,1.0033216935581236e-15,2.284042509566346e-21,6.992025645604269e-26,5.289274268884262e-31,2.1650698357332232e-39,2.788082391447011e-54,2.7935493943045345e-82,4.3390301403545096e-117,2.7031199101352547e-157,0.0,1.150506919293464e-149,6.953533002818737e-107,2.932920045521328e-73,6.918801229042394e-56,3.2296334925486314e-45,2.3056856716502144e-35,1.2424704141004245e-31,4.770666553495999e-25,3.4904799133872393e-19,5.4661914893018244e-17,3.4217431016461986e-15,3.593586953092584e-13,1.2979139215945517e-10,1.6994594537138354e-10,3.4913930702678834e-11,3.1331948053938816e-10,1.7480155805783553e-10,8.534789059101635e-10,4.712750379286644e-09,1.009285933043754e-08,2.3476349054681496e-08,3.7414828793274915e-08,2.15739700206502e-07,9.66865002565821e-07,4.3988160822801475e-06,3.030509799571806e-05,0.00010874855142847566,0.0002993564587596185,0.00034147478323402243,0.001813970112448444
16.999999999999904,0.11023825848991389,0.28281368030125054,0.4149024689770008,0.5533807802750018,0.32262781586093936,0.08324326302863826,0.035380982251355005,0.03621244025896876,0.05429854269968752,0.08406352652898104,0.2448597197742907,0.24538492662317649,0.4079760083144626,0.6934953985936266,0.6808177820181772,0.35828558941902644,0.4083460351133964,0.43693722137625207,0.4058784910884201,0.6241846232735175,0.1583977812040478,0.054181359667529336,0.01618345886480454,0.0044297979778710125,0.0032552987951263834,0.000981877055667155,0.00033866176647385647,3.705669818809213e-05,7.287205175809232e-05,1.8497121445724028e-05,7.150884351827342e-06,6.951862171301779e-05,0.0007252963514251693,0.0008696844629444507,0.0011780316230347364,0.0014752260877585104,0.0011399330772396998,0.00026237217443036796,0.0011228437621459346,0.00022781835962998098,0.0015724210755062784,0.000829316514711366,0.00043738905529023766,0.0009055680602061335,0.00047406883370589297,0.001511938580230388,0.008630463628327421,0.007858234525538887,0.004859452311832847,0.007783405865606425,0.003130085848510312,0.0098834269970903,0.0045096806034281185,0.004841634384063947,0.005855624802540524,0.0015096485864164527,0.006443412937634522,0.00981799978411562,0.005180833260456738,0.008555331058337619,0.02183133622425504,0.01873654756293934,0.02214173428720091,0.041843764421474465,0.0410187633311054,0.039901645763140786,0.028404413366560365,0.048755706555170586,0.05214612325993611,0.11280897057641082,0.10935729843331003,0.05113001841125051,0.03572036650083422,0.037380956181435235,0.03294672549626421,0.15690707667369763,0.05271625325380978,0.031002819172579726,0.010958510453206902,0.005777856153253616,0.00042220422683939717,0.00020400177584900208,0.0003635484333808352,0.0008270366067197887,0.0003600258095600607,0.0005842535299654682,0.0005496141088109544,0.0028283153412782336,0.004917611251335149,0.013330141220621173,0.012040673835503382,0.02279821844036147,0.0453723327077071,0.13483844736220238,0.08005615337439748,0.009691800762896104,0.008107684138381765,0.00978231383870819,0.00915997689882095,0.0039376002352508425,0.0025662472565157204,0.008895061940152004,0.014987941891369802,0.01262057423552684,0.010736807442627104,0.01185053552107498,0.01751797276286424,0.04527044440300881,0.05873504594925441,0.024793745618160133,0.008698321877378738,0.004601802695262768,0.017594144966516335,0.003483695280829334,0.002255973106122877,0.002269936037541021,0.0041865157499835675,0.011009834648940337,0.010536284685829274,0.0036385269538084467,0.002063500850505456,0.009219875680372046,0.004034547704119567,0.008164887733345484,0.0010085702255815897,0.0007209892811949705,0.0028007018163603114,0.006870009092611358,0.007524818888062651,0.022963800909385892,0.044087642878066075,0.015855142464141714,0.06450827964409109,0.017474080649144724,0.05053797321703296,0.04645779123393717,0.04537010212224998,0.05253413167165098,0.058973494060660867,0.029272640735375357,0.022052084239485216,0.014418388057916212,0.0194589684227556,0.021465138808454215,0.002750755395146546,0.005120352542382018,0.01437987311505087,0.034244392779013956,0.04464039535275448,0.011710037741783367,0.01633463174497555,0.01956548534210757,0.05464177163458807,0.13877285346677812,0.10268194671926788,0.3251914227220102,0.4399704149755472,0.32858699603909824,0.5225886101063146,0.3291619428077171,0.10444270799289565,0.05873919708147596,0.08202231929592202,0.04384162671159352,0.015070438360949668,0.035458871287680514,0.05784100819790652,0.035944403739970196,0.02539213494992241,0.0327421986486365,0.025695733392386438,0.12192607452789783,0.2860350268327586,0.4020989444780841,0.21663781426730114,0.07404000591306154,0.1904464973790955,0.2000747350640938,0.25009096064905667,0.1189539308603033,0.14787072735769166,0.2947078487211733,0.3690055624833112,0.3669555993225318,0.20287711989033033,0.0811449373616603,0.06586198473153165,0.04339308609526429,0.03819449809752761,0.05805760842630402,0.020370390386466233,0.2765309797602812,0.4720514859884,0.7840076109919933,0.8750152329983436,0.5458897391055844,0.3100999625395033,0.5704212912169335,0.4992521121657961,0.7257275343248516,0.8994995758104696,0.8113895148686653,0.6542709456330777,0.6452466880509592,0.6704130071672034,0.6823574730600057,0.4125615049119123,0.5495685659980568,0.5315539818767319,0.44011163786843155,0.2897068265046169,0.15983718456519375,0.09939875988700886,0.04624197860369321,0.07010947409778771,0.052498851708930504,0.08675784142968242,0.10798691493069924,0.052005219278866525,0.1472765623509268,0.09108031166997971,0.08467689692076937,0.07052889899431816,0.10254368542786876,0.08970264609401192,0.2908589942348317,0.26851353778306813,0.5665330246563867,0.6428414867324527,0.6793056178571817,0.965849279757893,0.9696924782198976,0.7930751723486503,0.7733210522803242,0.54796121064117,0.6331207072147609,0.8034828425525223,0.9629392034025911,0.9804612172143935,0.8442733766102223,0.9665300751600095,0.9874472998522174,0.7646920347216737,0.49037723373411296,0.29264949077850155,0.25080469809833217,0.08925006450661474,0.13432579676965525,0.11095041430472895,0.0432223329621724,0.0691014850230607,0.04418040233833322,0.006704558079726021,9.249067189748753e-05,1.1531237449441549e-05,3.634752746442279e-05,4.455433636475103e-07,3.841294761668347e-08,3.5465705593269765e-11,1.0624456280914334e-11,1.081011617860796e-13,7.60907386728846e-19,8.873137130726012e-23,3.306763779372551e-27,1.465749095152442e-33,5.2966024787608e-48,2.364083257055845e-66,1.364828642459905e-88,2.2675810912773e-112,1.150506919293464e-149,0.0,2.747497258667196e-126,6.472080690991692e-87,1.8792253235045777e-65,7.08654215791271e-52,4.672770332499401e-41,5.825411951913403e-34,1.1318623090692709e-26,4.9843514177229686e-20,2.903147100129162e-18,9.933430160859752e-17,9.487491764467229e-14,4.6119170968944574e-11,5.833234390173513e-11,2.3147266083357372e-11,3.274515010780287e-10,2.3614697473823246e-10,1.1622414849133e-09,7.3521132660673845e-09,1.6155210445062324e-08,1.952088417629339e-08,8.785697897602827e-08,4.872133933712226e-07,3.301514553196904e-06,9.079195441241486e-06,5.1388651430931594e-05,0.00024534644278528513,0.0005781079768456233,0.0005012728763564802,0.002974530006470473
17.099999999999902,0.3335777729960935,0.6941561152934861,0.7868922370903967,0.9771155547346284,0.6845544720493068,0.21645153932891123,0.12575005236704379,0.14069206503912599,0.2238090343581407,0.24461625436664006,0.4849518649343604,0.4718922962952885,0.7203094956601978,0.9727869638691692,0.9693186751622744,0.5636187660325067,0.5484339399116972,0.6416827140826343,0.5704007021752542,0.7908946108214462,0.21608598583421557,0.09647470207728928,0.024950694810053606,0.0054572458665871505,0.0024503923649063274,0.0004120395535939299,0.00024613403699927193,2.21794717486967e-05,9.804256316384761e-05,1.909850537793193e-05,1.0372998376536476e-05,9.268744801817306e-05,0.0006816517970448209,0.0010012914753165056,0.0006940751462766947,0.001445639390712807,0.00043337573161669063,7.609342802279477e-05,0.0003918489611117297,0.0001321512251606176,0.0013890647810678315,0.0005776950495110906,0.0002742639721342202,0.0007265287174406656,0.00046670813183135977,0.0011556664896584259,0.0050600163199322435,0.004246343598324487,0.002718960257379482,0.007098540758309704,0.00251953910419371,0.007576642576525518,0.004228969896625933,0.005106231166957213,0.006404640652177092,0.0008500857518156305,0.003046803612580765,0.004446084760301052,0.0021130146357085915,0.0032976267860164343,0.010922503370464237,0.007411012448339238,0.010661162437598562,0.01346215247535215,0.009884141068606382,0.007141186313787136,0.0046063378984494245,0.010010736562907206,0.009969059762876568,0.03213279141354858,0.03681002593673523,0.020885303209038704,0.010120422991644045,0.005737308689437401,0.007624486266175224,0.05097257867297964,0.009669944126062997,0.00556758278340347,0.0020917314657657015,0.001212293561838671,9.721134791970731e-05,6.49586386082103e-05,0.0002427828072706662,0.0004325921761016634,0.00016602841208635533,0.0002508887057028238,0.00028294718320716756,0.0013676136782014043,0.0014116135621078003,0.006633871399268138,0.007271062646975964,0.012329418509232574,0.023930769746642953,0.054652984611034294,0.03687580429951923,0.0035142325977318154,0.002232234763213661,0.0019483910657054466,0.001555307648707409,0.0009689087929076112,0.0006171145161204595,0.004057425683248909,0.009056936976991491,0.006284499805569342,0.008375858452305282,0.008877994754253476,0.01650088970941124,0.04139710006618556,0.037760943860617895,0.02352128133883409,0.006576212753093376,0.002937093332473627,0.014834140550203087,0.0019907537463967925,0.0036756580332172437,0.0023686978554986866,0.0058686080879477255,0.017059389917463013,0.014550759567900941,0.0068635962527278105,0.004353766040987248,0.01625105549728787,0.011089558572355163,0.016001108523220293,0.0025035678093787155,0.002744231235481552,0.004821310306938334,0.013252474414231954,0.013687677041582018,0.04026342095450405,0.08339108638239665,0.03264643796384671,0.09105833386209246,0.024530924700669855,0.0748494662239503,0.08254319082078786,0.07687752964229226,0.0798352712781286,0.08067675780480686,0.048192305943417404,0.04254075836093525,0.02304506727048477,0.031185461481760643,0.025959882959234494,0.004117350075618347,0.007374194878940208,0.023725313935447696,0.07328610515361243,0.12508228814813208,0.03960670987330484,0.04218922744299248,0.03739616199778799,0.10594387249975945,0.23326733603872343,0.20231985937000962,0.5369609847681727,0.6637248773143819,0.5555868155086925,0.7068783662703854,0.437037552883743,0.17631285146022685,0.11254340644296892,0.12072490766853777,0.05852272374384456,0.02565094545494818,0.06071520031468813,0.0818702014149996,0.042749276294130514,0.02640067805345761,0.024039459963318074,0.014879917446867204,0.062188809112637515,0.16478747383156653,0.23935664976902515,0.1554191165800145,0.055690643787734195,0.1107380069249294,0.1140604809826316,0.14711631037209053,0.05545270329194041,0.048951355762998076,0.1564625907362396,0.2038875505978341,0.23005136049366073,0.10100147025510883,0.042313870289787635,0.03586032409709642,0.026025520994237494,0.019877570336626058,0.02956404848524768,0.013931412224633235,0.16756611741380845,0.283123081856447,0.5235556976032101,0.8094240125482249,0.8888593433125085,0.714960820599593,0.9857077057503576,0.7452719289208496,0.9054142799638499,0.983156922855014,0.9146096603480338,0.8131942393990376,0.7499125603972362,0.7242085377112404,0.6970847631577168,0.5028624194730801,0.7142461417819335,0.668736952779502,0.5639477913914345,0.37702402626420556,0.21858622921196963,0.18430919326530823,0.10674659865824856,0.1544635865686083,0.14376210644931908,0.18459765851926663,0.26524614779917594,0.20839631189961813,0.42999722336071455,0.29982028131181865,0.33377618378751506,0.28198783543576333,0.3449915409106032,0.304062881831842,0.6579919847391663,0.652940916151819,0.842464119651296,0.9532121061399715,0.9904660263315983,0.8017010880519087,0.8550460897683287,0.7882128234516804,0.9857724932023902,0.6959806142485963,0.8329959712538629,0.915536315267122,0.9871355115859684,0.9829464189402459,0.7958382602675041,0.9892061755313711,0.9584258426541123,0.6397867011266672,0.2938288581900652,0.16111734923645354,0.11973475242738349,0.039083263675361815,0.07392093870922618,0.054023655763191424,0.022463351630848626,0.04155528505926761,0.029269120185691704,0.00456034836006039,0.00010952088153345593,3.312165952903067e-05,9.80923453404092e-05,2.774548269819393e-06,2.5270553557286855e-07,3.84983224604925e-10,8.738617042127849e-11,4.477412506889358e-13,2.159588856639167e-17,3.992811162855442e-21,1.0769357136372271e-24,5.459096262665513e-30,4.106341682185767e-41,4.191219658252426e-56,6.600366288466366e-73,1.8964476363634208e-89,6.953533002818737e-107,2.747497258667196e-126,0.0,7.36393491602925e-130,1.0863211735145968e-90,1.4629213704749196e-70,8.053957603806153e-52,1.209947110414299e-43,9.934124267313554e-34,4.196960962009763e-25,1.6658739679725434e-22,5.761823656597059e-20,5.452917421466434e-18,4.935858843342552e-15,7.303946552123885e-15,1.2435014770453265e-15,8.869992503486491e-14,1.078457390477512e-13,2.02775461270698e-12,1.7308650583417926e-11,8.998331996739297e-11,1.7182003006142872e-10,5.694938655686332e-10,4.847090942547414e-09,2.0767568034298348e-08,6.403087278851836e-08,7.215045434757824e-07,9.022613984267487e-06,4.173790117554225e-05,4.288554024791419e-05,0.0003467976023646815
17.199999999999903,0.21294202486965821,0.41423581865856846,0.5833290095964881,0.7955795671173567,0.6130966828708082,0.2654116373065601,0.15097784749355334,0.17719409941651257,0.2885443020141376,0.31777593096096457,0.6083392760773525,0.5864123757154583,0.8594527272961434,0.9544943576227132,0.9267777589062008,0.6804377126198335,0.7140180903305355,0.9396296871991989,0.875121382228725,0.8481506159464273,0.5078936373244396,0.33782083688531916,0.13401943208233408,0.034898451321204726,0.018703063033312012,0.0021940759607946294,0.0014544862716347783,0.00011732823813644157,0.000284143371779181,0.00012308100530133696,5.0430514249242266e-05,0.0004431357086956543,0.0024550628972453375,0.004184466026749452,0.0022063350479489146,0.004183454662869972,0.0015616526242194044,0.0005631755938780411,0.001557819907167055,0.0005004448042529466,0.0035225424647426402,0.0018150887102016283,0.0009944870833646945,0.0026314503689533917,0.002234110303912429,0.005223183483313046,0.015591087728575068,0.015325402008921709,0.011597741298237757,0.03378748982104459,0.014669478130995752,0.02434155905094734,0.008946549765751264,0.008020380356276856,0.0075607255315222185,0.0004101722253492832,0.001306176081618778,0.0009011429126343959,0.0002169631872261398,0.0002883095682687294,0.000796809614901705,0.0014429492495560165,0.003787641503770901,0.004502165005525923,0.0031061558120304414,0.0013191297657223773,0.0006732678756467171,0.001327042831899578,0.0015426696719936643,0.00719383420741551,0.010672318512593816,0.004303680469710273,0.0035519945158541868,0.0012501667842697967,0.0016999512935275164,0.015789647337722597,0.0026965073926139066,0.002724578106108079,0.0006486228423369493,0.0003859319637322107,2.9919203287976035e-05,1.8364169570299394e-05,9.620199115310185e-05,0.0002725853286100102,0.00011917271364012284,0.0001644957556285997,0.0001299498107874678,0.0003171893818158081,0.00016743204593526765,0.001470672327930695,0.0018740222115644655,0.004348401234532686,0.008707950642101761,0.017916610429790383,0.013649783727698912,0.0011364269534807853,0.0007635698878995134,0.0012622216051604543,0.000893765533571851,0.0007139475476761788,0.00031531658667227516,0.0029098168296886923,0.0072383376000410395,0.003707529007201676,0.004892157050187474,0.0038058849163925775,0.007542409577993712,0.02079923939710601,0.01668402005464987,0.009991088269589872,0.0031994834473297517,0.0013763344673550304,0.005614336332962021,0.0014396680845264154,0.002868139444849888,0.0016371112316990173,0.0033805472471118087,0.00800914422247,0.009386360263920817,0.004043211286307962,0.002630824844420667,0.014179032816840314,0.011630636033566066,0.021644168582437864,0.002094914351682753,0.0025395231904411656,0.005098241389414209,0.016242391098740237,0.02284612877606088,0.07461297680834668,0.08770600249292337,0.05356193333618682,0.1302324910335664,0.03367305548414482,0.10974088507513928,0.10448159409492748,0.07411883118379063,0.0678690577191275,0.0874271062831358,0.03969326748620832,0.03731523292840222,0.013330512531961469,0.024984981338207153,0.02018613281837067,0.003920750295068821,0.007407756301751238,0.034570133639478834,0.1102964153874802,0.15936732991085137,0.06560800459227412,0.08926355089254617,0.061970743718496674,0.15504327491695943,0.29602444440050607,0.3100117618001834,0.7613938519273091,0.8544791088850842,0.7381340645994023,0.8732103281132149,0.5531884184520955,0.288007609019167,0.2190840161603572,0.2149358526930605,0.09175999652501479,0.06181025547095019,0.09540837152904615,0.12087164755020378,0.055171227241186664,0.03466405275940478,0.024295999242207097,0.01073346773648417,0.040979325805960434,0.10929657881083098,0.15884011312880394,0.10412197666657047,0.048991620898213406,0.1032216401483685,0.13847406891145345,0.17525109230005942,0.05734991331275772,0.03292925307313256,0.12143432437962397,0.16899222459435628,0.16956034952287816,0.0728265391474969,0.028126575201838228,0.028537959803735538,0.015861466100586898,0.014261609735291869,0.017297349227013707,0.009489501745036235,0.10145327346965759,0.16951331683981383,0.3784215723352105,0.5812300492074857,0.9609661139382638,0.8731935660429782,0.9311292716680296,0.7816675459227818,0.9777079921307453,0.936748783338243,0.9640156452348888,0.965524180455486,0.9651788741226802,0.8279590835656855,0.784619733435524,0.6135945183824095,0.7584915604748192,0.6445042000234616,0.4839606067693582,0.39293495430414865,0.26894332274634597,0.23317274245935496,0.17155080254537755,0.29094659500910297,0.2636832529648706,0.2890494827875467,0.3130961554330781,0.35242009887080095,0.5176418089526096,0.30692324209089583,0.44900991866258966,0.383043689719246,0.468400948581382,0.39162355605370563,0.7008339918342619,0.5885860420857926,0.710647686616001,0.9997305288610124,0.925945673891414,0.8351316170150155,0.9220259258956172,0.7744942324242468,0.9428553584374266,0.8001203234638555,0.9838448358448362,0.9662412122030896,0.9506942002045501,0.9610449553253182,0.8115260893998597,0.9961597773380573,0.9307223175893491,0.6935791245337082,0.3374829616888574,0.2122518163661037,0.20217574270224153,0.06632013767697234,0.11532157518082654,0.07105168822053887,0.02651992606789749,0.04014138506766824,0.04327920804992945,0.012247551978555605,0.0005997552652585996,0.00017297609251829744,0.00044728950713858305,2.473854359760833e-05,4.281938746367063e-06,1.2543880047840776e-08,7.187875781583757e-09,1.385296552350175e-10,6.866939564727225e-14,1.772684494645637e-16,9.471366489530274e-19,2.521802428133341e-22,1.2229277400492588e-30,2.034161201457919e-40,2.3466797619887397e-52,7.4786221623863435e-62,2.932920045521328e-73,6.472080690991692e-87,7.36393491602925e-130,0.0,5.956546414070723e-137,2.3033842957490994e-94,7.928638569356527e-67,5.254661863752408e-55,2.597012275793758e-41,5.906628260184228e-32,4.7141986666279193e-29,1.6133519798451185e-25,1.9040776131112927e-23,9.028952744797889e-20,1.5037558012309345e-19,9.310368166440988e-20,1.4274462846253845e-17,2.9932580478841717e-17,6.063780218886182e-16,1.6456334946470168e-14,6.631458029999565e-13,1.0252700941791617e-12,1.3127513282454123e-11,1.3731975813843573e-10,4.82904175903668e-10,1.2965896072435061e-09,8.450776823495317e-09,2.9370519152596783e-07,1.637044614662935e-06,2.2738353819236412e-06,3.0317262060674127e-05
17.299999999999905,0.7903159778962866,0.9241440359249494,0.7648861497094587,0.6770013100038209,0.8436053045577907,0.6874685023276966,0.46027805484865325,0.5244753678042721,0.7715207912280994,0.8493545597303327,0.6824377756416049,0.70900991657436,0.45711901496367163,0.4015399490634536,0.4394227147083476,0.8873579341925232,0.8373983731282394,0.6322037142982831,0.7355484143280183,0.49564298639966664,0.8580022127749101,0.6594454206996897,0.3569028170949754,0.15623905106269875,0.08295665238717535,0.01890667804787197,0.009023094521317738,0.001022102126316074,0.0008484751383763787,0.00014645891972889997,8.100498834645981e-05,0.00029469972359841555,0.0015404083649413866,0.003032362150851029,0.00246849559139695,0.004310258212164457,0.002412768130459278,0.0011379660359659965,0.0031849117853042074,0.0013867342225521674,0.005805268647515575,0.0040258498154403565,0.0009491673928865194,0.002206358786579101,0.0012081487574483066,0.002228655673658744,0.0056123293671533694,0.005910192377229505,0.004054622557367119,0.012854317708606506,0.004592683795373399,0.00886975341070033,0.0028563099515128343,0.0025390448198872304,0.0020414285321275574,2.6254807571495363e-05,0.00024983234338326953,9.654465561608584e-05,1.046580655530007e-05,1.0859461000557344e-05,2.161562858857583e-05,9.986917645413634e-05,0.0004270182740020267,0.0004536116583519984,0.0004562439633659212,0.0001412844066485604,0.00011303008885438432,0.0003037514728105837,0.00037997839193301995,0.0010975817530312858,0.0019246119715680477,0.0008100708226201286,0.0008868917843024892,0.00024285313347286122,0.00016102452104312047,0.002822249947968217,0.0005326084416041337,0.0004832473752450681,8.046630769649854e-05,2.737086547840384e-05,2.5469706272702588e-06,8.564303069127747e-07,3.263892536835043e-06,7.345176139911954e-06,3.7161386612081078e-06,5.7349955827224e-06,3.4633454524991862e-06,9.189562398955403e-06,3.699893335161213e-06,4.874825408256371e-05,5.9816188048936284e-05,0.0001331111416397974,0.00020643932574360987,0.00026174738502896563,0.00016045444688259623,1.0209239987167576e-05,1.2494542917445858e-05,3.214964874271447e-05,2.323753072211649e-05,1.632329972318955e-05,6.70152152647768e-06,0.00010910024365153858,0.00048419900069964725,0.00015215347465120837,0.00016060306212006728,0.00011801505925097612,0.00024425231145451325,0.0010960520733582176,0.0009398444614503819,0.0006158679894808979,0.00011872967153564214,3.87936177977199e-05,0.00021573309036457025,3.848300791349212e-05,4.297667993913803e-05,2.554507242343343e-05,6.047545571991945e-05,0.00017273717822703178,0.000271361610222797,0.00011716277099646872,5.0445676049260466e-05,0.000684717299842215,0.0004660914713017853,0.0006247083672593298,4.478862724855064e-05,5.9383664419496394e-05,0.00011501684923482074,0.00025831704362000213,0.00048350261506741016,0.0023392152283783904,0.002049707169445503,0.0013810497998972982,0.007600211620605815,0.0011908531963330394,0.007791749519131421,0.011523319378099861,0.006918924610605715,0.006722628641290568,0.006923732395504603,0.0037029591462150167,0.0039841462062495435,0.002209701566364566,0.004885126227188944,0.00460741056377012,0.0017861383771194048,0.004122255268413072,0.015901197169427967,0.06533036656201062,0.11180155661817114,0.05936891238947294,0.07157122894840917,0.07376995858275476,0.24469985215434673,0.43413102219247846,0.5048184723219508,0.9311242532896054,0.9503705477030016,0.9450888995983202,0.8792101217196571,0.5123583538044353,0.22038634124793313,0.2640168874413444,0.22820210827839976,0.07649227603676402,0.06423886773300647,0.1212708905008901,0.24963397208864707,0.18281079831934183,0.1446356975248992,0.138427579329931,0.08232513451859269,0.2002888573059525,0.24732417908710708,0.4414026048635297,0.43503558174941226,0.2175649676840563,0.24742042721754717,0.33573561146511205,0.5049500111068397,0.2261318911049058,0.16191485528552374,0.34787585168794016,0.39332026287315125,0.32925707412213123,0.15247490810607817,0.09388509187563863,0.06525762462005831,0.052105261687525016,0.04831817568595657,0.06660913860097221,0.05565763722695918,0.30503351127065376,0.5093357295716033,0.9501434608871931,0.8004939495926949,0.40102897246198416,0.261699135881769,0.3524587442951459,0.22586261013100992,0.34501322804294055,0.40266232077161196,0.41298492562520395,0.44103136547197697,0.3592429622978046,0.3043658761546882,0.28802651199384666,0.17773788321270184,0.21113658922524567,0.17305733402153345,0.08646140918146361,0.06516859061115907,0.028772817910846522,0.03415804202947732,0.029868708633765364,0.09879898885938117,0.10394615769688265,0.12188708313241674,0.11620181027394748,0.15089208405397408,0.25960652926252537,0.1573977311377934,0.3716483612283802,0.2591247869660442,0.3339026484291613,0.24573091313903198,0.48541159258046784,0.40895861654836313,0.42700369974941355,0.7066238869736385,0.6688834650133586,0.8861598205361543,0.8104869152104341,0.8560672769596174,0.943300630212106,0.6281830887555734,0.8037966338972302,0.8335578351656759,0.9561683932957635,0.9084354168190809,0.9623915197932879,0.698039407748511,0.6772061214758168,0.36098656683180574,0.14915588269288255,0.058628488404151524,0.07165496100590162,0.02873876177485927,0.04818613653858023,0.033186811504743126,0.011940949497503938,0.018054519022001576,0.014389551539355805,0.0036006084011909537,9.51384143846555e-05,2.3840229082499896e-05,8.171784347671692e-05,8.501367171573702e-06,2.2635700898898437e-06,3.3073698504781554e-08,5.961526413001455e-08,8.439676519637152e-10,2.1261041105261394e-12,7.736662009959115e-15,3.95522234930073e-17,5.319114960238717e-20,1.4616344357777483e-27,1.9086772225229344e-35,3.552119340634907e-42,5.06246639684102e-52,6.918801229042394e-56,1.8792253235045777e-65,1.0863211735145968e-90,5.956546414070723e-137,0.0,1.0444318193037706e-142,2.525465233285538e-93,1.5615467070044783e-72,1.9903098742854068e-55,2.220340360549189e-42,9.081317270108683e-38,1.534270690788422e-34,1.064434602792863e-30,4.8949795847826947e-26,1.3461393895528645e-26,2.0102837836875382e-24,5.151596618142004e-22,2.5521170008995653e-21,5.319724232597165e-19,2.487908455613516e-19,1.1645994143054543e-15,1.1150470932552483e-15,1.287077687428492e-13,2.5727221961584077e-12,1.755119017259878e-12,3.668722640546867e-11,8.812756998719426e-11,7.950438428444967e-09,7.550733944258022e-08,1.0471221699923995e-08,1.998898958711845e-06
17.399999999999903,0.5972007041191785,0.9028805205105336,0.8455075996560036,0.7713279339122884,0.8721416124790268,0.6491350732835196,0.4014243672423269,0.5128653480700267,0.5797499834804115,0.64439712331599,0.9930891107104923,0.9195264969344596,0.6536656576743332,0.6404837995473025,0.670882337038551,0.8569858527078822,0.8505524311958526,0.9161081818310848,0.9087122012915606,0.5719126952568491,0.7895238414695134,0.5782395854334436,0.26694758011850733,0.11049858841168907,0.069154868244171,0.011698053652648789,0.0068252722736221755,0.0008371058739509334,0.0016181915152396918,0.00041032090432427095,0.00033667498121114345,0.0015250176547973616,0.006897583011262652,0.02485275239388121,0.01419577099819533,0.02717896890810912,0.019344681679021994,0.006250551142855739,0.020138397499085185,0.010200991058890652,0.038256992503888226,0.041548071854778434,0.01784229486801123,0.026888996670909035,0.020138902562238888,0.032607952844679954,0.04313505879394486,0.03685859589207209,0.020426974629656126,0.06757314805981347,0.031653023591026626,0.04773889127670707,0.019034759235095136,0.016132426752925748,0.011210264509496136,0.00023897990936649988,0.0013327474750480938,0.00045531457247327295,9.129513522882197e-05,0.00010113639517673671,0.00010360743805470693,0.00037938471049579384,0.0016502095376317487,0.0017598114829265891,0.0033217121211233207,0.0015763367177415355,0.00181422153493742,0.0041112834543687625,0.003945764777846222,0.012191323155737743,0.014633504962366439,0.009218682220624276,0.010514202748476352,0.0020039957257384352,0.0010910607273662961,0.008953883508784993,0.0016944356957605356,0.0021614242644881587,0.00027864316085170497,0.0001821299091044213,2.5067050855170382e-05,5.17599415211741e-06,4.2452733948678715e-05,4.617580171707186e-05,5.398616168528551e-05,9.170308858425729e-05,8.086310179721657e-05,0.000190412741368547,6.101667013954882e-05,0.0005186937243533073,0.0004236963813401913,0.0009716057219109959,0.0009316028813818061,0.0013037650681902747,0.0009017306974477348,5.1446462241377894e-05,6.477218032585148e-05,0.00027992790548560264,0.00019943771927061958,0.00023723106847222097,9.083847274537559e-05,0.0012855489017616637,0.006387798716144505,0.001197089306499252,0.001956731155498363,0.0009691101494601525,0.0018870651138036486,0.011779144454945283,0.005581162750657212,0.0069504455712731394,0.001414532880703163,0.000433040432657213,0.002922271494549622,0.00034068564201928666,0.0006729258811954347,0.00028519031174459867,0.0004093621235974906,0.0014087780740449315,0.0021797459101271896,0.0016402116595516502,0.0006021799132181401,0.007236891524190257,0.004833310214648628,0.004106790367484969,0.00044839509921380474,0.00036840801837749985,0.0007996568478080123,0.0016872454224234348,0.0024068157936753152,0.012603375355291548,0.012018757768284007,0.015048217598385207,0.05913629697443572,0.01363239649402782,0.06443924637051719,0.059329660954721496,0.04067399627895626,0.03508478482930051,0.033003593561085565,0.01634643500873676,0.02178652806471806,0.015325210790014802,0.020098638685637157,0.016901569963723474,0.005087839862222482,0.014955695963819826,0.04568366112066528,0.1429492847919587,0.18609185443784282,0.12827363590852917,0.13235484133585454,0.07461466044533395,0.18143916995850654,0.22116869498450353,0.30458646023598457,0.7125655477661054,0.7366855999518649,0.592255405882349,0.5625178110941718,0.23877488191598503,0.10288531164008075,0.09301640161424535,0.08076409962311137,0.019811108772061766,0.01845184413912298,0.029646072852554276,0.04394724127832237,0.019977828720435215,0.008514555942861645,0.0065941475041224355,0.0037082789575079225,0.01016560056748184,0.02491707571388829,0.043974663897998194,0.04072921540989902,0.02414780099486812,0.024564461332384054,0.07405476169259184,0.17333297049435145,0.04784430631106001,0.03161026135352444,0.08068499943763123,0.1174540573628179,0.08978645155183863,0.04409220571225596,0.02876766513003239,0.02004004367930612,0.014109739462959866,0.007975852944419945,0.017078623529228735,0.012035023982608901,0.12705801871667313,0.1674916899747268,0.3460964762081013,0.5306350842201275,0.9407301324713202,0.8656542364294475,0.9640444193738394,0.7505679432604916,0.9729307308945832,0.9674456243045598,0.8806542952665292,0.873461419041634,0.969995262280743,0.9326273126877117,0.9431050239902873,0.8227871343737401,0.9010441381115979,0.6818434520428719,0.49081242586674956,0.4575510075897473,0.30167415435494754,0.3118824257742147,0.2996107040162006,0.5833061841653889,0.5404538134954224,0.5435381464294713,0.5291264335554595,0.5101861543298198,0.7366053080649098,0.46259741710037816,0.7748350996820085,0.6477789690990075,0.720828693402266,0.6231259605407538,0.9928512108914759,0.9880032654549206,0.9225619777083559,0.8497995431402109,0.8877809939737277,0.6805641632603251,0.788481550053273,0.7437549841785152,0.6113926708137742,0.9029216962377583,0.6492711174710358,0.7030296941403209,0.6055635022543954,0.819340078754038,0.6478492856227791,0.9780604016199222,0.8785540192863364,0.8243230311167908,0.4149765077809513,0.2313837692197878,0.20424587510739126,0.13220968284375495,0.1954054800724957,0.09386617880197924,0.036400743568372834,0.04528578162840109,0.054149307706358236,0.0207502215239065,0.0012050398695052128,0.0007750187118248784,0.002031450592828513,0.0002414249519983139,0.0001437962963414373,3.105648034405491e-06,6.543000446178474e-06,2.5261801430701243e-07,1.8052669482274686e-09,4.187273530475395e-11,5.436566003268703e-13,2.091011640187605e-15,1.3737343891035383e-21,2.426933656733107e-28,6.274266853083461e-36,1.3325890573631837e-40,3.2296334925486314e-45,7.08654215791271e-52,1.4629213704749196e-70,2.3033842957490994e-94,1.0444318193037706e-142,0.0,3.0772232977630105e-136,6.593557677470829e-101,9.63479902736065e-75,5.482653875808462e-56,1.7660779061336763e-49,4.613579747585686e-44,1.8723531209841398e-38,2.7382523609450886e-32,4.205926366554993e-30,1.624812127090326e-28,2.737272286371148e-25,1.3871618292841048e-24,3.2580481586146603e-22,7.944435723709348e-20,9.557754757134521e-18,1.018838662392435e-17,2.1501508362921296e-15,4.77976958175599e-14,5.934045893933799e-13,8.443401129703717e-13,3.932716460579595e-12,5.622520273681906e-10,4.285900553494661e-09,3.6760346991122413e-09,1.2415378347497266e-07
17.4999999999999,0.9703611055309305,0.726851202716988,0.47847779325161943,0.5286916585328836,0.5497723341899785,0.9881560344790631,0.7178020717778447,0.9060759400547598,0.8830597165274705,0.943798056577148,0.709416207920765,0.608909776250882,0.4646146170013843,0.571007303987019,0.5465332139837885,0.9327443012323681,0.8831652428227206,0.9075363662941859,0.9183016440731978,0.5297603800252331,0.9282805024839736,0.6998816735899646,0.3354060697765548,0.10978619612440971,0.07990620346695516,0.01298417114672268,0.009262176107065638,0.0019390580684826837,0.0022633218727910027,0.000814149043428153,0.0005224183173907095,0.0022468484080111284,0.00798671219048999,0.04364416788838983,0.025593371327771907,0.03902958900139257,0.027590953462339255,0.01144881651554668,0.025814504281660683,0.0149931904125137,0.059090415566034525,0.06395830084605626,0.03273647438378212,0.04046174813483597,0.048331911174995065,0.06080721777054767,0.08527494222565726,0.07289744411329295,0.032194385660058035,0.12340026070039198,0.05145036422680748,0.09428604319390585,0.05349234104011457,0.054701552287417375,0.05288981500701016,0.0039474001718824425,0.011142725506957623,0.0028049512877354158,0.0009520963823384464,0.0005625652010478012,0.0005827157625671965,0.001027642589881802,0.003949218090470944,0.006401853261516907,0.01074383044532291,0.007798533388135691,0.007387138988679966,0.011908021231980174,0.01046510326955732,0.022769772172506784,0.02040923331838024,0.014006085432452747,0.016594437481623946,0.0035608961239092913,0.0014939438762639765,0.009975109542140616,0.0026151439117198102,0.0027079001636465066,0.0003984882948394817,0.0001859089700158582,2.1750499738287613e-05,4.3256342159405215e-06,3.009217951926757e-05,4.193364916893154e-05,0.0001286802586047724,0.0001901566426856606,0.0002935479681813363,0.0007792695045620792,0.0002687831522951032,0.0013626154159256546,0.0009613912681583758,0.001299136269817345,0.002018320951684,0.0035271014739408062,0.004009987713190901,0.00029145654895773083,0.0006830326257912971,0.0028575895792377496,0.0020620463694434633,0.0022530792183156475,0.0005485900988804885,0.003988561581652294,0.008804764563306778,0.0012690040382843024,0.0019606714855102962,0.0012769897950251753,0.0025450495148251345,0.01541772694196804,0.006207341326983651,0.010290971289246753,0.0020854728347664787,0.0005067288195277613,0.0047129488065447275,0.0005668444198924334,0.0009166965775889834,0.00027047522656619105,0.0002551874900216786,0.000507743279168229,0.00042978205568353284,0.0003121513702965225,0.00011546721330135798,0.0012278627528404709,0.0008158403745847554,0.0004582193331200058,3.6196674721349766e-05,1.966016136699361e-05,4.95599422451966e-05,0.00011182186955189777,0.00018941962735135538,0.001157908563480747,0.0015058707381683614,0.001727449447329521,0.009249380159061777,0.001552587607260836,0.009746276539434062,0.012221770846380278,0.008878124798771434,0.009291216334212146,0.010784468149309796,0.009158130584860131,0.00889134952678201,0.00472585885320388,0.004276560860384172,0.0022801872621698834,0.0008553227435114078,0.003283455127361465,0.007530542938702264,0.03198744673222174,0.03966959683344053,0.03935585099579347,0.06216646473128838,0.03099351880916716,0.05862868266821887,0.06878664942014998,0.11209429434635503,0.3577556245472729,0.3792321137427398,0.24594154683202962,0.21969639116959466,0.09174499726749409,0.04286582147754343,0.04556517069802651,0.035840555310550755,0.010701848585538073,0.021342571378084155,0.02973994809674645,0.05384093923061249,0.024482848763585537,0.00835125018821886,0.012971419936839798,0.011992143629054543,0.018881894830337146,0.03522869511857232,0.0726329504871205,0.07582039372310387,0.04513692071285866,0.0338954256156739,0.10570079026178654,0.27722758033050987,0.0870627066598706,0.05697787058710016,0.11038406555952854,0.13440555047860295,0.10602835721443775,0.06712608557926074,0.048958872263939995,0.02824491716471083,0.018504455780944527,0.009362285366581225,0.020195521329158205,0.014536844420195118,0.09761174296605683,0.13763955896404995,0.25993863421711494,0.3149105625022393,0.5781973534464216,0.7442692838504887,0.5756705481792682,0.854002830402959,0.5514564446407644,0.6425530644028377,0.4818501925731684,0.5652652531426879,0.6639365365244534,0.7037519677217113,0.6572432360815544,0.7017684702715099,0.6023849171564668,0.8513161465130891,0.9292066517524616,0.8239705513343807,0.6050208989690729,0.562166080261712,0.5163818560619919,0.9249640396819164,0.8278254408124748,0.8300506276056867,0.7532716491914516,0.6709817664785713,0.8772204193231209,0.5282005990171306,0.8109668648204647,0.7487578167033702,0.840396048910078,0.727646862655181,0.9829792013679806,0.9181046380446805,0.784989842603557,0.994377888880857,0.8950065807553997,0.9327308000421943,0.8990523825864707,0.9004126909512301,0.9903995247439815,0.7313811671079389,0.9722036132773625,0.9592688711453539,0.7932239711289808,0.9690339689937119,0.7882578724556467,0.9362035840545438,0.9573926580453094,0.7729381580817122,0.39436461759023717,0.2605626623469318,0.2697412084865325,0.14646546179002537,0.1782170593801642,0.0713338355789533,0.029347425918180035,0.03917584709319865,0.036387142796277215,0.016581050629781102,0.001624990920308159,0.0018922285454603715,0.004333055481742293,0.0006068248181790185,0.0005847974703832302,1.9131515155467543e-05,6.221089738361107e-05,4.752649984437159e-06,6.046102677642344e-08,8.8003835166458e-10,3.2374809075889444e-11,7.383900293560705e-13,3.83825900704506e-18,1.2313867629282242e-22,2.9843583050668503e-28,2.859300449269012e-31,2.3056856716502144e-35,4.672770332499401e-41,8.053957603806153e-52,7.928638569356527e-67,2.525465233285538e-93,3.0772232977630105e-136,0.0,2.0169133934815725e-136,6.278333871756867e-96,2.5875552227262335e-72,4.5071387543732827e-60,1.9415537601032592e-53,3.085906674211483e-45,1.3924604248406795e-37,4.756164082170712e-34,1.368586748345165e-31,9.19711898803917e-28,6.978763599321852e-27,9.543209463824456e-24,1.2192284389655852e-21,7.408900600346587e-20,1.6260319091249448e-20,4.2390635077465195e-18,9.732558710299651e-17,1.0549511296766228e-15,2.4681312910392595e-15,2.079616977716125e-14,8.860315731104439e-12,4.8871015339737747e-11,8.194063541568036e-11,8.315534003504175e-09
17.599999999999902,0.9438937325052893,0.6885423516060288,0.43399363574816746,0.47151198083956813,0.546748733686517,0.9820233897285018,0.8559189532165352,0.8656830549019304,0.9100967414784,0.646358960938553,0.4881771797456202,0.4160053830074662,0.3201820951891783,0.42153741467886696,0.41690762210852705,0.9093975087083871,0.9600649800212656,0.8003134581430522,0.7584500567980986,0.4443709511604535,0.9878704962654266,0.7734211177993213,0.4222456337108696,0.14775487920709993,0.10448080002266596,0.016055261394018326,0.011117192320256692,0.0017045674939210336,0.0009932027583614102,0.000429859508038318,0.0002699742803583908,0.0008037654019957229,0.0022960917815284952,0.017235688061510275,0.008121193977953134,0.012575326570936534,0.009278275893321152,0.0030722829906392624,0.010561529546424777,0.007127783897014168,0.043364274091250196,0.049602427846369715,0.034346884166362855,0.03486660185707737,0.050173896447483046,0.059458393962902145,0.08291118292508358,0.07786597185254918,0.03791250740088181,0.1796726634887203,0.10286732081885472,0.17775851372021287,0.09631824239373998,0.0993361555205098,0.109492896717501,0.013007805829657212,0.023758305827507913,0.008148134733676572,0.004019218562272474,0.0027389740072737722,0.0013552364933974114,0.0018282806066439359,0.007769885017807745,0.01091187315136138,0.013345638207964475,0.015036911056608706,0.013289481042011528,0.02195386678041924,0.015952122519444834,0.032795323437638295,0.029088674315943544,0.02416241688446021,0.04077376176464811,0.006974866695886095,0.0034217878508215603,0.016864400510392886,0.0032867924985618404,0.006792456977875188,0.0010151713930804415,0.0003494978296977591,2.596705267034507e-05,4.771989291398759e-06,3.768904837154551e-05,2.545008452208278e-05,0.00011500146717230725,0.0001603284731386912,0.0004097421009865187,0.0006599013246435833,0.0001309923086440247,0.0006460600502774779,0.00036475931395500466,0.00042256155900882074,0.0006951781241601136,0.001428148195550877,0.0016455719931617826,0.00010675957919890493,0.0003535752735602924,0.002867700844861062,0.0008559402741369835,0.0020222138656371762,0.0002695520747286998,0.002475475652625306,0.007587266737029809,0.0007988214148011158,0.001739004394497339,0.0004397077224354766,0.0007662148761557694,0.006772486022326879,0.0020850693114977652,0.00629215616248712,0.0007863413156568238,0.00022922829359113705,0.002484420618466291,0.0002820021843704079,0.0004784687724174437,8.673174104481073e-05,6.228679553022654e-05,0.00026006772083076016,0.0002978343689990864,0.00026764321410642126,9.924080533134247e-05,0.0008564422101303055,0.000802617981424053,0.0005482207683635496,8.732508481309865e-05,5.5477118639739035e-05,0.00015994424057747737,0.00034707996286212887,0.0003325461195437832,0.002119510152338526,0.0017796195373489209,0.0032641045649294495,0.013788113309986265,0.0034707528292878074,0.023760997730144815,0.016779746167114456,0.019761336296434843,0.029380557808521217,0.035045692883462924,0.021294702359453594,0.018536809977753158,0.00876214019088009,0.006008226080302601,0.0026581695633745863,0.00046752737819196106,0.002749688634479446,0.0073308063584477555,0.02490166827451308,0.020958318373550684,0.026209074196092686,0.029865431559241637,0.012730747185483837,0.03303373643432713,0.04883007475551287,0.11350875039130692,0.3059100844841714,0.4008515923947221,0.2705474840172303,0.26266028592376334,0.07945252306410668,0.03638302397656605,0.033260100183701874,0.031192416719723497,0.007545074390897057,0.014629329696987289,0.013878974214058972,0.02612245263967802,0.009604013250640732,0.0022380539751703085,0.005013599233892792,0.004950328188526223,0.007040877173115218,0.0172255832649783,0.03031885406360828,0.029248065463229417,0.025585239355416737,0.020583914849671994,0.07294533749574801,0.16505323356455714,0.026456840045775528,0.023183624679324298,0.05287481344553159,0.0626946783776119,0.051694272008061294,0.033809330018703225,0.018895128406821088,0.011246966303177494,0.00881959657672505,0.003266077601293399,0.014619961383689784,0.012172386146820447,0.09768451638871105,0.12980263162810732,0.24027366615146778,0.2761709696715979,0.41346154257786577,0.6644158976563633,0.551033513646771,0.7978031447547974,0.5113345911532494,0.5841965410544181,0.41703833134832136,0.5366607127874556,0.6448375271954953,0.7971253841379288,0.7236752693649589,0.7740029999174967,0.5846534868364355,0.8055744950972329,0.9719936490116333,0.8752428697238999,0.5857839255924411,0.6271165399674765,0.5985841266048426,0.8813628455463314,0.9876818357948876,0.97140586821458,0.9836725605727763,0.9937185400090569,0.8550470607896313,0.7234607072832885,0.9694366280271576,0.9279804382423237,0.9822897981921395,0.861602506096327,0.9035800489457058,0.914561888337913,0.8023902727812295,0.9894220876945565,0.9040112293383352,0.966096139895274,0.9203821565026202,0.9747984440035721,0.8194654985736284,0.9171579474571602,0.7377525042167425,0.8896761276344805,0.7377209319720085,0.9960071496149617,0.7503076696810206,0.9805028722104132,0.9361165224086264,0.7704400700302625,0.444392893382775,0.291287842291383,0.29305757958304757,0.15901432387394754,0.22641390362508715,0.10754474517515808,0.07006802215663172,0.08212267642842332,0.09531896963356926,0.05285150841004801,0.006887519241151949,0.007620037444781117,0.01618547554132798,0.0027447974774522997,0.002145738848551526,4.5001931236873155e-05,0.00016410780116813656,2.7440253706111595e-05,6.862394816474456e-07,2.156146769008432e-08,1.5072093313247588e-09,5.165150720774638e-11,5.0806165744907445e-15,2.5699253358513247e-19,3.4494668843973413e-25,3.247124591519062e-28,1.2424704141004245e-31,5.825411951913403e-34,1.209947110414299e-43,5.254661863752408e-55,1.5615467070044783e-72,6.593557677470829e-101,2.0169133934815725e-136,0.0,3.507762084504831e-142,4.625766254744248e-99,1.1012830147532555e-80,1.3537557433508427e-67,7.804932505713809e-60,5.9621912871100936e-49,3.4036079957092495e-44,7.1973928817849815e-40,1.9722148824738476e-34,5.7882479853698616e-33,2.87378419069075e-29,4.645985953068411e-26,3.435141225007811e-24,6.375067177103731e-24,6.2570642239336834e-21,1.8198380775952035e-19,6.700311748193582e-19,3.3338186315842425e-18,3.358927980536187e-17,7.40294878812741e-14,1.072585454436896e-12,3.9016463705370685e-12,2.459255134538929e-10
17.699999999999903,0.8949853953548065,0.5732585589005822,0.40667597034597347,0.4361365295286472,0.5487857931646579,0.9144882911093932,0.9755290223478736,0.8231255211954795,0.7931068900748821,0.6284120843683708,0.5658562501151401,0.4637903588953493,0.33679557870845495,0.3758352254734357,0.40196456253857454,0.8952703896297619,0.8959320814459814,0.772770162842828,0.7411960461575365,0.4906055106595279,0.9953239742778293,0.744519044311979,0.382896629212032,0.11729102149848745,0.09332713048828274,0.011574323692550948,0.007621723114900084,0.0018059113499825266,0.0008814577527226529,0.00037401404563796984,0.00026318192945808176,0.0010737957800595714,0.003277307601131805,0.017099269817577305,0.008719973587665577,0.01035355960976343,0.012040682820957282,0.007589054111669138,0.014218588870696287,0.014527109907286695,0.06759198056746805,0.08521424849263844,0.06962448523489104,0.06590436347302145,0.08381083971541238,0.08011075122891816,0.09064455030564797,0.10704323596769512,0.05650188375715732,0.21702016756021306,0.14461107177053714,0.2267634713382581,0.1354990857295169,0.12564967123508805,0.12178708548738515,0.024728734931113668,0.05376711113217469,0.021012399007015004,0.01285035429703141,0.007628529511702128,0.006918601428797362,0.007665293328779949,0.019406138523727592,0.02278819915253327,0.03285392431394082,0.05208261639813773,0.04422271507999058,0.0465509093800553,0.04037821640862844,0.06615979069918448,0.06891340831986419,0.06309276430962674,0.08590031677670905,0.016371865832409585,0.0088240315496357,0.0285139285601988,0.006575909089270504,0.006255455421662851,0.0009347630159138897,0.00027535753794713795,2.7276468550387357e-05,6.390935465879774e-06,3.266086426664987e-05,2.877091620932491e-05,0.00016499753071397502,0.00026330918008159534,0.0006274883754917214,0.0005014740579930452,7.456359072036379e-05,0.0004100538174507787,0.0002087630245369118,0.00031668927701690284,0.000590167547663627,0.0015803224032423376,0.0016311303744756392,0.00021022281519838385,0.0004417487050717854,0.0030106620649992147,0.0012617712182246585,0.0018639234892527674,0.0001899432790086009,0.002443188682163695,0.005484931080611304,0.0008686564862558854,0.00162723369902187,0.0006275772424736662,0.0007652000455924665,0.0041718601547991495,0.0015555305341675124,0.004643277767791444,0.0006284700730910882,0.00017198258362765252,0.0014488466604908054,0.00016900399771623573,0.0001643188029848772,2.5137077828201423e-05,1.8934292759875995e-05,6.915643769768356e-05,9.953971012025464e-05,7.198427358686548e-05,2.1351443892836777e-05,0.000136846522787853,0.00010302389265156849,5.313367346700837e-05,9.660789117807869e-06,7.586315560077171e-06,3.094161058251779e-05,5.8018002168144976e-05,5.5833684180336354e-05,0.0003840670750777279,0.0004564239909857296,0.001086632955935518,0.004347409246825198,0.0009567256659753837,0.004640032851137386,0.0028173896434981077,0.0037207791674286265,0.008814666726344027,0.014654091082858587,0.01055532743291882,0.008451458729514959,0.0034534384376612493,0.002579259643341876,0.0009276743041958242,0.00010097229411987701,0.0005558299800443985,0.0008346069720431504,0.004265705270388088,0.004491177835293269,0.005513120670409753,0.010057833380098904,0.0022369668947518134,0.006437579667647027,0.013179038742121408,0.04186643602202205,0.1810721660973923,0.21702699915210993,0.18945582266880764,0.18539246890117064,0.06268789465164701,0.027840834752207857,0.019657749651319705,0.021268802018372956,0.008256716270085944,0.021401870382135712,0.026769016297548884,0.0331753854570676,0.011828410240613697,0.0024114109409990115,0.0049922945483245156,0.0050016483929035994,0.00677079785658454,0.01620593345195959,0.03252296647197173,0.03928354738144196,0.040934331815182586,0.02608468121893241,0.08804534647395222,0.21511337241324352,0.05827653278843472,0.04757764888774293,0.06911966718410205,0.08069413255037264,0.07027907493168407,0.060540528047841186,0.04438599987364077,0.01960203928513501,0.014745323963376064,0.0049137640328316854,0.01883879228939123,0.017709388076385568,0.11670311780388938,0.1472688146706223,0.21876079921672834,0.24114357490828245,0.3559759761761603,0.5534508306217307,0.5168818094247088,0.7057340075874575,0.519853306364951,0.5668237183590206,0.37461304852488814,0.4611159573995743,0.5324660742325341,0.7219893006688914,0.6182460368619929,0.7998007264308864,0.6185236736072932,0.8606288359549701,0.7837067314627911,0.6071336505660314,0.38098428702459003,0.38280218844906855,0.3481487368205622,0.7839965325651115,0.6327297824440667,0.6311561574176969,0.6559442924580843,0.6357623776015285,0.763879305648857,0.40674098108229784,0.6282213135646734,0.5298448438320038,0.5939120258952877,0.5319137713195267,0.6963622585351469,0.5715171905971907,0.4798576435644873,0.6307236048893703,0.5187374449680363,0.5726855376141702,0.5027508008898921,0.5704103906135118,0.7058112241297799,0.5012582044730545,0.758317367818776,0.5811772253962871,0.7896081555882988,0.5402288178077557,0.8626578996896287,0.7899921566113695,0.815985954179643,0.6340462622342246,0.3927875774563889,0.31674413498639464,0.3275523507800087,0.1712245272653914,0.3188978155202575,0.18415911677690064,0.16793077867225875,0.18330922098136418,0.2307118699465523,0.14133129918558268,0.02488653531317752,0.03480659297342713,0.062226155747944344,0.01309295319491859,0.010861659759546094,0.0005205711236190688,0.0017155064180468305,0.000351090486478535,1.8733453581123834e-05,1.2084078249974287e-06,8.449946677802159e-08,3.601700647601286e-09,1.3419018452085626e-12,6.527712437260989e-16,2.397041953543455e-20,5.1717250568583794e-23,4.770666553495999e-25,1.1318623090692709e-26,9.934124267313554e-34,2.597012275793758e-41,1.9903098742854068e-55,9.63479902736065e-75,6.278333871756867e-96,3.507762084504831e-142,0.0,8.214797016619613e-142,1.8326823039375086e-106,1.7690067936083312e-84,3.1314533026222447e-72,2.8080958874736127e-56,1.830912725990421e-47,1.3505039991811471e-42,8.274887640087877e-37,1.7360216044026163e-34,1.3677048398915531e-30,1.65258602957384e-27,6.673594571533373e-26,7.213848493595336e-26,2.5339248845709443e-22,2.7009716477185734e-20,2.5691783943402774e-19,2.1884437407679185e-18,1.1476339838850781e-17,2.495041956681329e-14,3.4858945568355356e-13,6.65421699301683e-13,3.424499921294051e-11
17.7999999999999,0.7049093649338867,0.5057869595754714,0.3825349011817891,0.3880157034830306,0.43480381436504123,0.6862359277216172,0.7102428028851534,0.5659063033883691,0.5479737568665496,0.44716967367054034,0.4936393146817821,0.4327267734345103,0.32925164533738815,0.41285157972074454,0.4772056781443467,0.974369905870181,0.9979984770880795,0.8448987868436081,0.8070908342472215,0.5943666176080902,0.8596758765215425,0.6268765888505494,0.35278571971759887,0.10453458352703641,0.09346183915733446,0.020635996542693033,0.01235236683228467,0.0036207000759168697,0.0015625948574320217,0.0003214427727311207,0.00022288113298597902,0.0006924849640363699,0.0012452989644291907,0.012355344831945324,0.0038265483602360185,0.003433004661069185,0.005043878619163368,0.002894963980784826,0.008512838930133326,0.007727386517233313,0.043588261525445544,0.04009970953167543,0.03328378958768007,0.031674699449068026,0.060579709568807434,0.050671098402801,0.03749170838874336,0.05233790590267346,0.028452701175912632,0.12923226888962475,0.10734788104438694,0.15151270125380692,0.09766487419602735,0.11459258258883016,0.10489511440050726,0.020149391890971584,0.05572493706100557,0.01668022467184089,0.007520901916653646,0.003539656395940755,0.0022508117985064716,0.0030889694800150078,0.00824627528127518,0.007217841553545462,0.01166343717248363,0.019786775082590864,0.015273127672936185,0.01944022968473059,0.012314190184501177,0.01510425363239423,0.012154052231474624,0.009692591203682778,0.015220173231864618,0.0018161543371595405,0.0008907362963819902,0.0027039677344761473,0.000652118965969157,0.0006087449885544166,9.132136642059645e-05,3.292726103162436e-05,4.50614783026585e-06,1.1052375419358735e-06,8.803819262876742e-06,8.928620398011784e-06,0.0001336279039168141,0.0001825767259869074,0.00052540445635761,0.0003669665266733516,5.024566482150472e-05,0.00022885590924457235,0.00016249771131618382,0.00013837357990641188,0.00017525201427460825,0.00045423517247614745,0.0005398833300627442,0.00011807869373543809,0.0003482863355771091,0.0021394525102466522,0.0011698321149786646,0.0020055550082309142,0.0002829652709271445,0.0028060825833128356,0.003636614891930662,0.0006149016451334404,0.0007593772239704869,0.00032264154857704694,0.00027048251327885703,0.0016752217217868002,0.0004631823876230153,0.0025854314647019965,0.0004064345003721845,0.0001147977960637315,0.0010036519513165107,0.00012090838065834892,0.00012977905431682866,3.367342588795261e-05,1.849466837888373e-05,5.668310037284972e-05,5.620931002523655e-05,3.110845035267552e-05,9.3973473424125e-06,4.995932331044571e-05,4.567998914733015e-05,1.7976794788953786e-05,1.9457643376912168e-06,1.4075241945797646e-06,1.0106423815222782e-05,2.1314851693961958e-05,1.364548662485338e-05,0.00010958556185707106,9.745782333686101e-05,0.00033409481173083354,0.001003778499711943,0.0001230624296166001,0.00040342937490313926,0.00019388098490960478,0.00028756871213685397,0.0010359059282484988,0.0024869278332270875,0.0020028731851336567,0.002804569452028069,0.001174772782486451,0.0006721759997664196,0.00017053153469126763,3.826726176638685e-05,0.0001993758428378807,0.0002948084067281748,0.0015649099798039116,0.001346449025616826,0.003031760208656549,0.00624799086210908,0.0019644776586980007,0.008558009007845641,0.018007368645434747,0.0879172636432316,0.27442179115917126,0.37635131118470494,0.27783108836688936,0.2657369114346488,0.09904299803474478,0.04280002018064972,0.04737817979796249,0.04925962213397351,0.02258311276876829,0.07899270095454496,0.09950780369056944,0.1790417555822085,0.10277343769853804,0.029674185077308787,0.06946581092910364,0.07181169302819954,0.12956442223946912,0.2097467721497602,0.37515972685985755,0.32138882035291827,0.380721444691567,0.3560823605038627,0.5788127389982828,0.9443804536704886,0.338820976218518,0.2656375784170917,0.3338668261803733,0.3182965868954687,0.2844169057304066,0.2427051416205918,0.16314533029699083,0.08903596037557186,0.07756116327259449,0.029720123657932678,0.09867593918027759,0.09460362889970823,0.3881365993440572,0.5516847091249681,0.7333831842829109,0.7197646223241033,0.8688020171763854,0.8786137179082246,0.9325755770380281,0.7938352185785706,0.9031456222711968,0.8910865914123695,0.7853326199660061,0.8822301781878793,0.9577352079638353,0.7404230292517651,0.8036558551357428,0.7822013058645726,0.9995491497703235,0.8349043771094473,0.5360830177237407,0.3785299421946214,0.2414759554170093,0.23810794733963578,0.2433984357933913,0.6772833825210258,0.569194966032606,0.5356375787947637,0.593228199998053,0.5844227297523394,0.6128965404294343,0.2763631544083392,0.5386005348890085,0.4493925791840934,0.48982583175548466,0.48095743477392805,0.5854042083908544,0.44728838617081784,0.4254738611361453,0.5343285678024411,0.45971213953974427,0.5318122481292873,0.41105441651253516,0.478866981980918,0.7079866436869513,0.49723503761341165,0.7213551220733372,0.5494231136341212,0.8463011036016606,0.6115467058800589,0.7923305563027215,0.5905516623952696,0.5223031765767622,0.4900104395650417,0.28235507255979775,0.24659994978714192,0.2767714000541369,0.11504138001241396,0.2226250741137245,0.13414868072087985,0.14375019900313274,0.157947229642819,0.19167188189013393,0.11554679000481848,0.016317579904640115,0.03501441743541255,0.05495676922113727,0.012692616312317826,0.018384590287743058,0.0018740655828894369,0.005049432316275767,0.000981091210560042,0.00013869165105388537,2.233923119050882e-05,1.5063474765960973e-06,1.6422046943876334e-07,2.2522628010835214e-10,3.9424522485107344e-13,3.469987809521726e-16,1.2967570074130115e-18,3.4904799133872393e-19,4.9843514177229686e-20,4.196960962009763e-25,5.906628260184228e-32,2.220340360549189e-42,5.482653875808462e-56,2.5875552227262335e-72,4.625766254744248e-99,8.214797016619613e-142,0.0,4.206128702406778e-151,6.794358832905015e-103,3.467291248432856e-83,3.02912631337281e-64,6.54943870455297e-54,8.396734774057343e-47,2.999056143030947e-39,1.3660332476258982e-36,5.969014466812097e-32,1.5313070892873158e-30,5.985729318442169e-28,1.0715544532999596e-26,1.3169574853618114e-23,1.9723997798590535e-21,2.5095190370686822e-21,2.168138490886913e-19,4.376628072524336e-18,7.337976394914708e-15,7.674087148273811e-14,6.977537992717349e-14,1.3102785981950453e-11
17.8999999999999,0.9823275773196991,0.8363422833955285,0.6565648091678024,0.6376641825946359,0.6341336737684833,0.9548954424183467,0.9477750003438983,0.9192660293964847,0.9992698341550504,0.8382983580797503,0.9347902837302497,0.9155220522800875,0.7679257909660903,0.8787365419208766,0.923720902583185,0.5405856921768346,0.6031627781601695,0.7741125878984727,0.8205588479066124,0.955418462354827,0.5254522495880349,0.3461290729447794,0.19991169704077494,0.04505074711434636,0.04636025686631025,0.008180824744646879,0.004723084484569757,0.001353011293095992,0.0005065160157052297,0.00015785925995283781,9.959237079243699e-05,0.0005731317986020951,0.00073157237611646,0.0058549204689733805,0.0020920577376577877,0.00244263087577189,0.0034790393129850686,0.0017226005703389108,0.0048513627853008084,0.004482943193309782,0.03100689756593056,0.03085779316378556,0.0304300846171134,0.023247827231812335,0.04786823698004213,0.026678288291339492,0.016641079998899976,0.02325551450569929,0.015892109009052986,0.08938718608195971,0.07469937177976509,0.13543117793477472,0.0912301549799701,0.11716385689578933,0.10566082374193499,0.03498892799429166,0.07822579685691727,0.033704501064633116,0.012208056652023413,0.006893607442293553,0.005570531908816598,0.00744226804043171,0.013084534158159463,0.015125193012517258,0.019800406271041317,0.042639020357243346,0.028785954132046543,0.02634466424389171,0.01834943920670587,0.02023169891770185,0.01332281934211115,0.014161263535519003,0.02207029183002753,0.0039614938388198295,0.0027256149654570176,0.010699860056013656,0.003009701628759519,0.0034360204274184957,0.0007149408095177764,0.0002631638627761235,3.706532758359464e-05,1.584032251051834e-05,9.861413599004303e-05,0.0001647006608741387,0.001883450644481112,0.0021731486842158382,0.0047006629058687615,0.0021507749166228074,0.00028770427870791906,0.0010964774542001655,0.0008486801100923208,0.0006770865237612914,0.0007654314442062088,0.0019657725416785273,0.0020664792765375823,0.0007444621897098656,0.002826711465213088,0.013512266617602006,0.00681607332836527,0.009451014391905078,0.0018704571085875492,0.011836137362503503,0.012555948910841093,0.004028700415246531,0.004216229920222039,0.0016550105966895413,0.0018736791625119976,0.00938699805778964,0.0020529457682708003,0.00932114425259693,0.002002288539551437,0.0005698830736607597,0.002596002055890904,0.0006887195242517516,0.0008971977144554063,0.00022840392753048838,0.00020842797036745088,0.0005463497084083224,0.0005986856128577229,0.00036951397478810605,0.00020825093551038213,0.0006402218120301666,0.0004079966537212007,0.00021205871224979587,2.6443452757013918e-05,1.0093212901398618e-05,6.325623015707134e-05,0.0001614350566877279,0.0001088988533239765,0.0006078089753498981,0.0003988484980047268,0.0010259036435086779,0.002280889075342161,0.0003725208147130786,0.0013898275305099094,0.0007447949086082971,0.000877848175667833,0.0020441573692109452,0.0036414495837579683,0.002381635391272396,0.003745058869586753,0.0013967380847217995,0.000777408287367499,0.00015342820308725087,2.237754225429974e-05,9.78981257572769e-05,0.0002407668068056777,0.001796434243468752,0.0010683375446781085,0.001846559317828776,0.0036974431839317846,0.0009766867135374943,0.002755854401579228,0.004760571843753341,0.03864365282559586,0.1360615217721272,0.19625532028516463,0.11927261978915847,0.13112511490296008,0.04271519043288732,0.013578638851391846,0.011064948365328797,0.016764783984597645,0.006316565276991898,0.025962945003505926,0.033128742464204344,0.06613730966659354,0.04132450845115946,0.009362476859496451,0.021976377968776127,0.025557880385262466,0.06697772056595645,0.1623504824223619,0.32237824362730744,0.20276292065319845,0.28926962883405166,0.3720750480770969,0.6613258702977356,0.880631057326673,0.355282756083013,0.2981153026341561,0.4192870952544993,0.4469042005528536,0.4211481093743187,0.3565730819292364,0.2215184584414796,0.1585774691693456,0.12735569205543545,0.04713444478355229,0.13365965854344683,0.0867936895481748,0.39160167648532757,0.49010789100620306,0.5552621644420345,0.4689151152691637,0.5581181779092077,0.7093792529434768,0.631943929921825,0.7672937787053743,0.7012631291493169,0.69724978139098,0.4199300469968073,0.4437570501740318,0.5034446474322312,0.8189409606485109,0.8640283189908862,0.9079805302587024,0.7795955662026784,0.9443734444311179,0.6721784966544972,0.5113415115813543,0.3649533007224501,0.31018389418265985,0.31888237776133677,0.7514872664283803,0.65480655442136,0.5189038125739494,0.5755908453550541,0.5503898085871742,0.5218455651066516,0.21102011819137464,0.45986171657108327,0.3955542692627752,0.46582534906662854,0.45906903632705215,0.5452474524948508,0.38212063582340633,0.40507854196668636,0.5545541687799564,0.4641176060292266,0.5513027672309152,0.3522963256841928,0.41970109564544983,0.606684072477785,0.4880551449619706,0.7073680332629406,0.5861226783506225,0.8481258686181342,0.6676752243287983,0.8111582338881482,0.6742435065109452,0.6062396153041157,0.6469725579833819,0.5057717482231627,0.540916967863679,0.658098969955012,0.3782730242446214,0.6305316829247973,0.47926284744821146,0.5085418097444778,0.5633606296962741,0.7713969014632241,0.565000667363782,0.11260170824472517,0.14894251056284274,0.19615527287608503,0.0710962756703289,0.1038921760754512,0.018014461943032207,0.03854827548109719,0.010401389195791488,0.002646423001751304,0.0010619347346795822,0.00013564155960157532,1.9433684645203315e-05,4.014528080554756e-08,2.2450078307950529e-10,2.723476928255707e-14,4.788369640383298e-16,5.4661914893018244e-17,2.903147100129162e-18,1.6658739679725434e-22,4.7141986666279193e-29,9.081317270108683e-38,1.7660779061336763e-49,4.5071387543732827e-60,1.1012830147532555e-80,1.8326823039375086e-106,4.206128702406778e-151,0.0,1.0636499963384163e-145,2.0222451389415102e-109,7.425823919376568e-83,3.165002250378071e-66,1.7511628572066435e-57,1.8095331101755533e-48,4.2509168345778625e-45,3.9265941538479504e-39,8.352468709725602e-36,2.077430580747957e-33,3.8194261244552622e-31,2.327185555367923e-26,1.8726138128562102e-23,1.7728111810848404e-21,2.462953172935089e-20,6.311061088348367e-19,6.821908626185065e-16,6.273543613754409e-15,3.585040536470237e-14,1.4847400947118425e-12
17.9999999999999,0.9348034614023577,0.8283823524535686,0.6386524360023194,0.5794543686445991,0.5746054262840051,0.968597506013613,0.8771746864943905,0.8766640823077404,0.8987349156564126,0.6838347630700082,0.8321855299511587,0.8289271845058583,0.6535386330209149,0.7089291946630321,0.7487550600788375,0.640091116040666,0.6767504330882923,0.8187692347339675,0.8215863802766412,0.867974162037414,0.6423219884421887,0.5031905290564513,0.30049579096334605,0.09742188100573283,0.09575705355978342,0.01819296081678499,0.010995536561728293,0.002286288321374473,0.0007419254558013246,0.00010539503002981867,9.013382766224195e-05,0.0006765378355066821,0.0011350581090127058,0.0035997888504489457,0.0020309115989808326,0.0021357632456860693,0.002977911686325264,0.0016265001926619965,0.004206955900469541,0.0022337732021308248,0.01183429534988714,0.010693245336739456,0.006628130944142493,0.004066788431128312,0.006636549656977425,0.00326228482895872,0.0015720378880051788,0.0023472422231381944,0.002330974465223176,0.022958443591176145,0.020524000792908472,0.04469321782111752,0.042544997955249304,0.041843396723621265,0.05052249786868328,0.0250728219193161,0.05836823641061735,0.02946729605274404,0.012446280847666899,0.00707339146851753,0.005921021511317865,0.005775294865356608,0.00859136866233913,0.011298854418934263,0.015810788616799843,0.04394706171026538,0.03624003335852548,0.03256116442918573,0.029525311978209894,0.046250294134550805,0.021599416681052832,0.03210284446801564,0.037746480951364354,0.007552495699794261,0.007724755091547386,0.038210870460895933,0.009119828260762077,0.011560444828506305,0.0024802135564513748,0.00101814729895037,0.00014146025520202256,7.400881662332541e-05,0.00023780137150062992,0.00041889688305284854,0.003804541295782601,0.003303694956055656,0.006211230048719577,0.0031868885996065243,0.0006360912986455067,0.0019082899789332676,0.0014438887658311432,0.001360706252499188,0.001201711225080792,0.0037883605913200348,0.0030396637096869153,0.001628763460381281,0.005849607721671518,0.024168750824792484,0.00806010721344443,0.0074405581022686075,0.0019207440731534532,0.007257417892012295,0.011990686506883336,0.004876050979756918,0.0049407700689649845,0.0027075677920554513,0.0032311623378073677,0.014306180808488044,0.0031945683703835446,0.010524916218903453,0.00330901724439127,0.0006998576774234444,0.0031537499856644,0.0014595429331616934,0.002629092669612853,0.0005052646717378518,0.0003125056982622522,0.0006288530559723799,0.0008262973307964465,0.0006781416275999408,0.00030157205936060563,0.0018194077622222216,0.0013346381026453598,0.0006722255588490119,0.0001586661361030083,3.862180406459426e-05,0.00017563125124368738,0.0003424033318467231,0.0004406774668421087,0.0021382692858048775,0.001428177547968015,0.002769443107871849,0.006661064055003665,0.001582514587011796,0.003543101062101921,0.0021853127698679923,0.0012725399164405919,0.0023898514038846264,0.00241631041038692,0.0016592471948776812,0.0014013775691016786,0.00052599077237596,0.00027469124029391923,0.00010967197574223229,3.05862292573256e-05,0.0001948051545574846,0.00043910509764632545,0.0028876796046104266,0.001708515854896513,0.0026547791463722606,0.003703138103141341,0.002077016539685763,0.0033291407871352324,0.005237659362226361,0.040500839158417776,0.12454408579319813,0.18390099834728166,0.131324740514996,0.1379560320351896,0.04820830006429937,0.009147119264319463,0.009053822448748914,0.015234480287023735,0.004504482417614556,0.016779979812265186,0.027924972894329395,0.08959369968961457,0.0685898112515281,0.02707347945092418,0.053108441088169756,0.06843645412760527,0.16776574922438245,0.3744700702176338,0.7037258625717132,0.3806582131606582,0.3432622071646349,0.4131027366152163,0.8025614064905257,0.7186863857246646,0.5043607826567548,0.349415893702594,0.48726350820904785,0.5195804259454981,0.445513645687179,0.3265452791004003,0.22087781366106068,0.1813984264598119,0.13286814064455693,0.05464522574620661,0.10827472671417389,0.03871628228058215,0.22493877017888997,0.2668765210490181,0.32316666425141627,0.2401345069882936,0.3280953300658071,0.5272006757763176,0.43487739707562384,0.45066477749526446,0.4493218026138077,0.39648255590029885,0.22739487240453168,0.2562076850273015,0.3184472582071108,0.49243057664718937,0.5233108210404012,0.5824856954644856,0.5379359168738417,0.7854198564571001,0.9763146684017667,0.7513661959385847,0.5780477750362133,0.48613183389799275,0.5184028303098867,0.9776603784368368,0.8921344473049724,0.7674718273060513,0.7621384435075494,0.7400304905879044,0.6000529558247363,0.3070837002705765,0.6508514261512881,0.4916280545102155,0.580899775954341,0.5523379997654994,0.5105641711073715,0.33191236090309983,0.30835119875637973,0.4293297617198534,0.3179093986138181,0.37527076177111035,0.23835899839320449,0.3001951929603545,0.35586467509001746,0.304666370009003,0.49197212354279934,0.4884432181037385,0.7537061000782975,0.5476226325650294,0.6447741061134794,0.5476256368879808,0.4528557404536612,0.45200405320416404,0.3738194551018592,0.44525945275736567,0.572716949727701,0.4834050497555081,0.8349273858694671,0.7323981370475885,0.729938197571544,0.8668654152827594,0.9378990588496402,0.6887598866748078,0.1842474702904005,0.23554973253275494,0.31169258563773006,0.12480957784630661,0.1601085160236035,0.03792309934470252,0.07181020136544655,0.017877883526579163,0.0050354741481587716,0.0015683354122573653,0.00020666058867085523,4.39458836954332e-05,1.3172089238281828e-07,1.42583284029687e-09,6.072894439877789e-13,4.1664403066830426e-14,3.4217431016461986e-15,9.933430160859752e-17,5.761823656597059e-20,1.6133519798451185e-25,1.534270690788422e-34,4.613579747585686e-44,1.9415537601032592e-53,1.3537557433508427e-67,1.7690067936083312e-84,6.794358832905015e-103,1.0636499963384163e-145,0.0,4.366524135491411e-142,5.047152875849078e-106,3.827951575128358e-81,1.7238828867329525e-67,6.254516633153055e-57,1.8512087645387002e-51,2.659864940901193e-45,5.840335544523492e-41,6.96542745833638e-38,2.652372563442002e-35,9.626224101420334e-29,1.133780178422775e-25,4.2987877829071324e-23,1.411471310193558e-21,6.441524444247323e-20,1.0634160586817987e-16,1.8676190989880803e-15,4.926301186314482e-15,2.552359688805497e-13
18.099999999999902,0.995797893503945,0.9510633195334764,0.8898129085241847,0.9159445130384873,0.9076515336235256,0.8130521274801711,0.6653491393921788,0.9487020838262407,0.8531830790575892,0.8872403106672017,0.9251655293356383,0.9357555191606096,0.8815270179176246,0.9906664369055611,0.9946379704125384,0.4999225523531493,0.5585904832329162,0.7078346305139157,0.6227097369228616,0.8921293847558828,0.4866624570788771,0.4250923020743845,0.3164077804224202,0.10211420563421546,0.09073518744186243,0.01772172994491708,0.008932460909803503,0.004027395328877353,0.0007936378853118899,0.00013782222052727253,0.00021508570184914795,0.0015930519975129284,0.0018891287066709755,0.0031064876866063306,0.0012498516814966202,0.00155324309565292,0.0017964483208521853,0.0009437969818016619,0.0014953315579505318,0.0006902734654588204,0.01017066268182597,0.008687638918689507,0.00863464028718949,0.0047554640006699945,0.014454159497428464,0.005022153480640984,0.002177207063473046,0.0024383389311030436,0.0017427738843680033,0.01653591737701422,0.011259760437868112,0.024895685619535843,0.02002850296472687,0.02302009853313548,0.03504421247720776,0.014028396341688629,0.033271297780452194,0.01663586187254976,0.010755107593633519,0.010220179394704978,0.007876509513309067,0.009348078561715822,0.013743787087049068,0.014822291721127685,0.008131114675662013,0.023281824332504055,0.014790938379770541,0.00938067949034366,0.011099679168012095,0.01580425173568033,0.009281798482203426,0.014789120208223093,0.014032633384044903,0.0030906710600583105,0.0024874418878551336,0.0103924705094092,0.0030873689027521205,0.004657235634519635,0.0014104512044687274,0.0005751983045161537,0.0001170730865925007,7.873550494608834e-05,0.0003329821718534664,0.00059495960032971,0.005519452396746018,0.004249979914274891,0.009330415612603293,0.005388017844333535,0.0008014478826626997,0.003213949269107709,0.0029604119160851327,0.0019237469368492373,0.0012125975585383776,0.0030129564087837115,0.004282474244847068,0.0020956482656150077,0.004984660683094557,0.019212795885851782,0.009755072163921205,0.009696601319893642,0.001599667310429392,0.006653562679264501,0.011685468725341134,0.006345329786393965,0.007149588741057269,0.004035215522387622,0.0031551347417190408,0.011020367891631463,0.002278500165684042,0.006135313996175709,0.0020090864658682105,0.0006407012357376744,0.0025217049161602024,0.0014297505618231414,0.0032857674085547462,0.0005236851366216237,0.00032565318234061593,0.0005500290540138203,0.001374590346646857,0.0014307727114435684,0.0009805457616033988,0.007099052861638334,0.004039623859384482,0.003602529371077728,0.0008121044635126999,0.00020187043718292028,0.0011296124156600044,0.002703699899740431,0.002748715183043299,0.008357150061817357,0.0038868555528015496,0.005696595158498574,0.01241818633836031,0.003018532132323444,0.005775084117677393,0.003143348776604334,0.002819883616583492,0.004750552707935226,0.0041487593969986285,0.007061049684393675,0.005301216589042866,0.0012004273335349885,0.0007456043841375762,0.00016657153432697396,9.805882037055987e-05,0.0007521841070982696,0.0026661627624535956,0.01157243495865752,0.006362595489368099,0.008397378617986702,0.011940303462660605,0.005137474404610174,0.0078189514134246,0.016151475320999458,0.1339540024785642,0.2886251505510276,0.3195068502514517,0.26467522395915694,0.249280387969045,0.09580115036645684,0.029898350153552546,0.025651365227245516,0.03786118332015586,0.0077723971061041406,0.026645517791614046,0.03020380387037357,0.09907621863895008,0.07562479866030788,0.024605249174350148,0.06174217631547778,0.08112263109556506,0.19094460165229066,0.41917447542883823,0.8599477705221524,0.4996707478520324,0.5584344173878217,0.615322071980661,0.9892157749849122,0.44136407416956464,0.6020534394792453,0.39892939644567377,0.7304722972484585,0.7489702173375293,0.7317096393891506,0.5408421301874442,0.32373580620744397,0.26596799069691957,0.2192746472653996,0.09105811347542132,0.18416472934235142,0.08401868297555491,0.2761786206210708,0.28990610737726574,0.3419224365110059,0.2520792524275131,0.3126393429713164,0.3937247442286125,0.3682221120623139,0.4023242842169829,0.4126613967874668,0.3941738642213099,0.19145120492527887,0.1754612782555627,0.20972137139044567,0.43373405916230806,0.5130891558990754,0.5459296695898063,0.48408419235391703,0.5798548052103797,0.8536888634969133,0.980087865431008,0.7635763466399994,0.7439872807539195,0.7463604270092629,0.7747950682580605,0.8504099341207719,0.9599901493094205,0.9410029940746143,0.9915188831648063,0.7896537566058364,0.4058749524240323,0.6472073520371645,0.4981621112963363,0.5797102670501544,0.504511199075574,0.44485568957248345,0.22874071807404342,0.19399130038845772,0.3512650000054565,0.29276925996229786,0.3396271553532111,0.17529066642464028,0.26599397105624456,0.3266705639922917,0.34462545955566165,0.5246901576804939,0.5281000061550071,0.765763244472222,0.6144837895202526,0.6902929322201711,0.5971744979068571,0.5338690421066262,0.4511101120199744,0.46866412266858093,0.5951397992178088,0.7246937987977394,0.5628853970751982,0.8277878817405145,0.6868700520320432,0.7298639472352777,0.7449844241335616,0.9955410648933023,0.834241333889968,0.2518891776915311,0.3062102851662083,0.35788830307003766,0.18666617802509172,0.22186324450503356,0.07610907138050582,0.21172910599574973,0.07323398698258236,0.023632358856180685,0.011096775592886843,0.002008680503877616,0.0004107029676177814,3.2135385843781786e-06,4.679698768171252e-08,5.3256668583554565e-11,4.358227877047904e-12,3.593586953092584e-13,9.487491764467229e-14,5.452917421466434e-18,1.9040776131112927e-23,1.064434602792863e-30,1.8723531209841398e-38,3.085906674211483e-45,7.804932505713809e-60,3.1314533026222447e-72,3.467291248432856e-83,2.0222451389415102e-109,4.366524135491411e-142,0.0,7.075435298204573e-144,9.980748720269552e-106,2.9317172142289155e-84,7.28603938760229e-68,3.3249476490545296e-60,3.806188080708518e-51,1.6756360663762962e-43,9.496020849950793e-40,4.436041716540337e-36,1.090798390158732e-29,2.2063413881657395e-26,8.159033302218955e-24,2.841027435296268e-22,1.59374864649487e-20,9.635784583473761e-17,6.228584552489907e-15,2.0380094975698262e-14,5.407772242471399e-13
18.1999999999999,0.8037015391366213,0.6961243994344826,0.8285598797595148,0.8758853200933294,0.9091384538553816,0.6761841842050836,0.5128620866146136,0.9141044189622709,0.8046768036413715,0.8573548571711344,0.9995976930808881,0.9969372274968232,0.8247676181844481,0.9818029372982326,0.8865882876725146,0.613096417237772,0.5980152206266418,0.7257782515662788,0.5933806439669351,0.79480613686762,0.45555945334925113,0.4000126112087436,0.2563661826352414,0.0813423344667549,0.05488795976729333,0.011772508999551342,0.0058603534760726704,0.003162898475878789,0.0007577496354891885,8.862244240617632e-05,0.00011049615707995848,0.0006297870752937179,0.0004867207772770766,0.0009277525048849692,0.00038376528557500944,0.0003568587753001583,0.0005865078512375599,0.00027366287070593,0.0007226616810461252,0.00025116650677841024,0.0030004776721772298,0.005484980677327811,0.005423179170048421,0.003086064896077074,0.009751899203374595,0.0038070643604981706,0.001270055585987586,0.0024842383594176265,0.0015892347924384544,0.021919974392912257,0.01713774848298919,0.04310381457769838,0.04155695478567046,0.04774526147373693,0.0628668763020089,0.029126901275221738,0.05221834147105339,0.02322470608700648,0.014064766920485904,0.01714158740736058,0.010590669833804878,0.008564718617604472,0.012766645518132625,0.012338218079930461,0.006522031265580372,0.01747008881837126,0.010334085699259397,0.009950193290920546,0.012435499729550692,0.018779496238050017,0.009819639179664956,0.0173261897599379,0.021895266681007008,0.0063470689930991645,0.0051372817790058065,0.016808945003281096,0.0033243881279415304,0.006690032435657411,0.0019306097413295472,0.0006337539802987108,0.00010618843434085885,5.111294909927101e-05,0.00021844340552791954,0.0003661227447163761,0.005022593116621731,0.0038562514024451378,0.00842186004211705,0.003875899025236274,0.000544085889490876,0.002573101314289061,0.0038645521711229195,0.004129647680128052,0.0028165672983999535,0.006349668126272342,0.007524259824406674,0.004787962188396552,0.011232873171270462,0.02959397679447317,0.01520866614268692,0.014729548870578047,0.0031538699774059636,0.01405207028277533,0.027735995092885435,0.016430504567935707,0.021631206481805297,0.008433628142642905,0.005759588542515873,0.01584839337069554,0.002907940534399657,0.008903886070639893,0.003199961137199951,0.000764866493845637,0.0025657870394715262,0.002629513790185732,0.007011390154855662,0.0007241442990210862,0.0003582215435848204,0.0007372886356495183,0.0016748426849514393,0.0017608724083309985,0.001769019808577385,0.01274878106862359,0.007149143703543945,0.005642987925446551,0.0014653727229136226,0.00023276662959640092,0.0013954380071571303,0.0035479580650798663,0.0030223440677909046,0.01203964503605558,0.00486936851432101,0.010130472587850643,0.02182721994996956,0.008730381810803158,0.016328331124816062,0.008729968485332572,0.007249176712437944,0.010301135530318308,0.011673164565486616,0.01584490825025071,0.010893239454976607,0.0028229396848323163,0.0012326751033855526,0.00025707568903402965,0.00020979898618644842,0.0011822806866143433,0.006682168504230086,0.025638780412438195,0.013578389954457558,0.02336154138427298,0.021310047620750262,0.01835626727587684,0.02876515033544424,0.040406510842537886,0.21134778245765082,0.3338744053762988,0.4124751826129423,0.33824185644971033,0.2906016389477961,0.12472710996067009,0.038673624516679196,0.041955509972387506,0.05240078114403442,0.011569651952077072,0.03824252080030981,0.04592577448753665,0.17484721966767422,0.14995205854524685,0.05428445490563648,0.13038114777602655,0.15305797905603594,0.35930214698775764,0.7454057476361577,0.7313022721566004,0.8651484289931379,0.7616664886509426,0.8221832167452818,0.7305697687947511,0.340237139365323,0.7101080169059545,0.4510105405553836,0.8369795200128657,0.8571888179385855,0.6697964765752401,0.5386993203436562,0.3195139155866808,0.3141754414912904,0.2240272738975157,0.11556449171659068,0.1653335422934601,0.058100691123485426,0.16075257428472814,0.1519638465379197,0.2133780590279975,0.12605928754310308,0.19836954706738355,0.30119674196693813,0.27143817057436287,0.2848507615274005,0.23853427741998376,0.26839658927591586,0.104037841873533,0.0791968605420548,0.07268769241076656,0.1709042475959739,0.18218035356813267,0.23129803582864802,0.22002372871279893,0.30578171064752024,0.5250349646735203,0.6303324469358711,0.7940827346599023,0.8715411623438701,0.8729664353205805,0.49415311005796686,0.5460631947896373,0.712575656623875,0.786762096958778,0.616438888107873,0.8320909084164736,0.7081405427414027,0.9967341789838186,0.7976264543301617,0.8467372201485972,0.6678824409131173,0.5342241939540749,0.28524106237936026,0.19078988951684508,0.3063037143077306,0.20843232302349635,0.2175661619605733,0.10943866026013256,0.17344286479118817,0.18881214153114842,0.17951747317841232,0.36284854651265136,0.37231164526993343,0.5639574317340185,0.4447251822438907,0.4713265970320884,0.3669170055734042,0.29743645096980686,0.22949220988836103,0.24516382540023055,0.34629435345008397,0.505179198200121,0.4776015148912406,0.8690025737582366,0.7788133422626008,0.7499509113660235,0.7917885754211995,0.859918251107192,0.9589042603727806,0.4043122152639765,0.5246516016349652,0.5966088596908856,0.3424829693482778,0.37679220992111395,0.1303686048725942,0.35095464729404513,0.13154190842392183,0.0325082512674424,0.02173937545305865,0.006013637296291345,0.0024444433409243453,8.026268082663704e-05,1.6600403998528867e-06,5.09874585532269e-09,1.1942625844506073e-09,1.2979139215945517e-10,4.6119170968944574e-11,4.935858843342552e-15,9.028952744797889e-20,4.8949795847826947e-26,2.7382523609450886e-32,1.3924604248406795e-37,5.9621912871100936e-49,2.8080958874736127e-56,3.02912631337281e-64,7.425823919376568e-83,5.047152875849078e-106,7.075435298204573e-144,0.0,5.515854627292438e-149,3.3187601803457567e-111,2.393345235358657e-84,2.628988895841172e-72,3.523079990533644e-61,9.126617739032254e-52,5.484222208447351e-46,5.737718296272251e-41,3.374330791317551e-34,2.1487989789534024e-30,8.606298146139421e-27,8.363073498592553e-25,3.5611623282476455e-22,1.1112895334009238e-18,2.636395531728686e-16,1.5582501738323174e-15,4.0244611616432386e-14
18.299999999999898,0.9221928195457589,0.9956776926152385,0.8669719251161384,0.8513809753242111,0.7648991011639987,0.9604070110858061,0.8893177258882243,0.7230402345580496,0.8722123113949211,0.49155900482277315,0.6671304668589592,0.7734645489868923,0.6879320298224099,0.8377738615253145,0.7545105484527611,0.7993959184736061,0.7271931924690874,0.7807541758398577,0.6355600980170409,0.8783943740317295,0.494612330176315,0.4117149206308176,0.25153229219226436,0.0728139883160526,0.03717633341455288,0.01088078228467389,0.005447608127021238,0.0030286943913640225,0.0006456447572965148,7.964431913338573e-05,9.921259113278062e-05,0.0003320130752933311,0.00019355869131235825,0.0005802471718051466,0.0001734060029016342,0.00015428967579406602,0.00021416278452800688,9.602154683489039e-05,0.00025538276619913177,6.706462365619198e-05,0.0007662720555323665,0.001192145525210965,0.001017261992086726,0.0003907186704112493,0.001321995798405986,0.0005332564010907078,0.0002621657173567981,0.0006850395785315481,0.0004135880049353942,0.0072677778224524365,0.004094573123402906,0.012907351982741443,0.010901487355727175,0.011642252657054613,0.016418073951390378,0.004629204788149345,0.008062178314016483,0.003567843441950654,0.002446973973974453,0.003128479647047681,0.0014766766661390054,0.0013351753630331566,0.002083943688756466,0.0021944553266814697,0.0006657297220730761,0.001954781844702476,0.0007976747910306275,0.0007329178849250652,0.0006060502175561941,0.0006237280034203563,0.0002451502322708402,0.0004619790507122752,0.0007149447087637437,0.00021777486823164446,7.389791587511417e-05,0.0004872771115855647,4.566946792412916e-05,0.00013425176201071722,3.1945859672576317e-05,9.449569152355191e-06,1.2975181799193971e-06,3.9138168442068725e-07,3.5188331499539806e-06,5.800862593836536e-06,0.0001330424424475386,0.00014707580730532481,0.0003993253492220547,0.0001416592509848413,9.67145010958903e-06,7.680561095649834e-05,0.00015202923532072152,0.00016077816620669124,7.520443610255687e-05,0.000336733611318445,0.00046608716215635997,0.00032493779606125513,0.0008375163483549897,0.003209234449212859,0.0026584076226438234,0.0025300024054735106,0.0004864188068266731,0.0019603488377674906,0.0038339696012225505,0.001706388281383856,0.0018496240403828377,0.0006216073610921577,0.0004957801278633854,0.001449243877323887,0.00026347892197219145,0.001112758465154982,0.0004566278995856217,7.832185401391751e-05,0.0002743485194831216,0.00037063691789094915,0.0008356215477104161,7.472768304949029e-05,3.4671054398751936e-05,0.00011144605584919455,0.0004041436141256327,0.0004880569488238738,0.0005335174721265396,0.005300161046479283,0.0024613748243677205,0.001942219921427897,0.00039861905065080697,8.660991147188374e-05,0.00047305121188542955,0.00136128801220068,0.0010900179823604775,0.004689735010450269,0.0016526550616225645,0.0038159125990335934,0.008888503859733705,0.0037833249837334617,0.010311275921602142,0.004289597947584834,0.005512970763988252,0.007696348631503879,0.011127545815549755,0.017357742015770887,0.011315990689153697,0.0035703999837832824,0.0017560236962897873,0.000375780370332264,0.0005166619966295677,0.002965154077534038,0.016937656568087153,0.05009270325426758,0.025026799459614786,0.05018554483618669,0.039076515213204495,0.059800696364179305,0.11934911922462314,0.19410656602581247,0.6343799032097269,0.8567623080152107,0.9678935645858654,0.8039292720453232,0.7062661570357931,0.3979085656977292,0.17193501294751418,0.23743437495493078,0.24117763713746293,0.06869119708764229,0.16844714787598858,0.1698967933381755,0.5479283310561717,0.5059131110669775,0.2581496871877079,0.554222229379627,0.5973045869017167,0.9761734229947041,0.6918054756225688,0.26697184355051057,0.46711398285750894,0.5945747385535217,0.509862693540531,0.2635336120325808,0.08796784951964261,0.7506469508628162,0.9925011746703483,0.6000949160270457,0.6547433896718724,0.9157415438161507,0.8811354862320079,0.5761227256978279,0.5953600600726962,0.5352601822320859,0.3562513373815197,0.4615443842635638,0.23011429501872852,0.3859385060383237,0.4331393200785016,0.6793434038501374,0.5616166957893666,0.8563929857576706,0.9552384517272822,0.9853149672722574,0.9141106753095054,0.7958996182129923,0.8642114275222765,0.4767592056216655,0.4256623745831289,0.4072755718779507,0.7755892188807806,0.763750433008425,0.8066778400183403,0.7542587879857604,0.8043609908159017,0.865781967787527,0.8145630707396672,0.6066319352085096,0.5787686574812194,0.7009527363665341,0.8366143469334496,0.7931399932468333,0.8517507082391977,0.9879342667352481,0.7552764836681012,0.979721055201739,0.5506397918638577,0.8539995829350292,0.6469674883561072,0.6047633662439225,0.3849693530625758,0.27420457605152876,0.10237849894310344,0.06708256263818888,0.159597855310362,0.09704858240052691,0.12064932406527465,0.06134286369223237,0.11348009686791358,0.13567411982099475,0.10687678271865184,0.2191068332254755,0.2789737253517573,0.4454172050344211,0.39187747315284116,0.35860385143117335,0.21311430015435998,0.16363740623813444,0.10891546061214115,0.12422388305278716,0.15207367210983044,0.250605771693378,0.30911895487563956,0.5815283326105565,0.5755116872029041,0.599191014738675,0.6345605785809029,0.9250752998569325,0.778182496496338,0.26567379937200936,0.3412849687177148,0.42179221484633167,0.24617326969949974,0.23369335166941263,0.07167038124227446,0.19648863187298263,0.060140560249689286,0.009974382120005064,0.006245685125581458,0.0010027881109700696,0.0003220363343818101,1.2465415772121706e-05,2.0550384928326105e-07,9.72327008012279e-09,1.3054882430010704e-10,1.6994594537138354e-10,5.833234390173513e-11,7.303946552123885e-15,1.5037558012309345e-19,1.3461393895528645e-26,4.205926366554993e-30,4.756164082170712e-34,3.4036079957092495e-44,1.830912725990421e-47,6.54943870455297e-54,3.165002250378071e-66,3.827951575128358e-81,9.980748720269552e-106,5.515854627292438e-149,0.0,1.384845617922024e-153,1.1339783923532363e-105,5.572934608589048e-87,1.2573106749646053e-69,4.774079402573318e-61,3.2743446222539708e-52,4.459993620444218e-44,6.469618721967178e-38,1.4833739670570572e-33,1.0033527013634204e-30,5.775263163101012e-27,5.976157578038093e-23,2.1099689026686512e-19,7.727244924679214e-17,5.722787061616132e-17,2.0398280031540928e-14
18.3999999999999,0.2908773824588322,0.2200026799136427,0.30929655172285275,0.3664576752289197,0.4854740660013994,0.32402916917161473,0.28814876801377615,0.5708698221365989,0.39597281560240744,0.6417486904716126,0.49035314019408727,0.4107815156064745,0.5083316851769704,0.4082352278704232,0.5480717427257844,0.3047828423617856,0.2396697120329597,0.2710155664049617,0.21987239998327135,0.44214900150058895,0.2126904896424433,0.1504089679935924,0.08295654938103011,0.011358025214084824,0.005006043201535493,0.001122114788784442,0.0006435999254230301,0.00031380985006737377,9.511105757332098e-05,1.1495435947973246e-05,1.2706682895072784e-05,5.780021541721537e-05,3.4139695200955965e-05,0.00012779095061908995,2.4207266264083787e-05,3.06604164024558e-05,8.364737093236677e-05,3.585927455686857e-05,8.992387397902935e-05,2.8116761569692935e-05,0.0003311308376407998,0.0005755847123150882,0.0005450275207995346,0.0002474506448653819,0.0011344496331444482,0.0006642109371952704,0.00022560951578603795,0.0006035220262200046,0.0003824200796032117,0.00964073110376342,0.0037901519188197853,0.016868194482199575,0.013858617574699257,0.018060737250411144,0.024123883224002433,0.009427126649909004,0.018675462006057717,0.013016069796726681,0.007217904156908668,0.011672685156846663,0.0080329613556985,0.0061556777159924095,0.00735367357188529,0.0078544894205725,0.0019850865889008604,0.006208639679584705,0.0027074748753660428,0.002291634778625274,0.0017507293176881999,0.0014061022269160957,0.0007686489141649234,0.0013310564613773564,0.0019956058117382752,0.0006976982360324939,0.00024455803337883233,0.002346090035249055,0.00020502013564283088,0.0008172427773414162,0.0002359656487043993,0.00011132839857774217,2.2491415048447144e-05,7.627360093734199e-06,6.983470371223549e-05,6.695613908513854e-05,0.0009245661466299393,0.0010818647242172312,0.003447064477778545,0.0015709558821887265,0.00011391846148093913,0.0004833073048727022,0.0009461736626658516,0.000761281821319779,0.00044272320331307916,0.001845837941235014,0.0037851991488280644,0.0016586742147218917,0.005762431517345635,0.017070675549819475,0.014853063316522658,0.021542694844135096,0.006134062394159683,0.028492343941626502,0.04737577735555522,0.023771477057324214,0.02732671779881575,0.011305392195447886,0.009712865730252434,0.017392300797261825,0.004769646898041805,0.015137496310889982,0.007417141788174199,0.0020651224708390964,0.005392927668602788,0.006017894691089333,0.012154951072968939,0.001703580586344547,0.0013547032444523723,0.0028095768319662245,0.006737605499335743,0.007541392155704888,0.007493264675796748,0.046321385673182947,0.021612252231500165,0.016787387698564908,0.004872660712902877,0.0012713491684433124,0.009407633754752624,0.023837476575019872,0.02259545581305952,0.06615888467735055,0.038292362080717894,0.0636559690145797,0.10210804557941708,0.05704998558295717,0.11319618669707089,0.05744204350371843,0.06202198826667327,0.05143605456360653,0.055773284401145415,0.08074696836004039,0.05064565968949842,0.016699635603616352,0.007850503804557396,0.0016162360938120329,0.0017190495793512977,0.0072332328023748905,0.035433993922139966,0.11240923144148747,0.06921332536329064,0.10340360125173301,0.09785042645373125,0.11292325639225533,0.11220238960390283,0.16554893719591754,0.49161078102965444,0.6750345609742648,0.8397059082275122,0.6515559696678644,0.6831375285416879,0.4153441026521329,0.2541132013288626,0.2399722444735393,0.2512675476723886,0.07132202508067711,0.13517232842182622,0.11302152929622684,0.3323657529490062,0.2532095384396335,0.09017520931453683,0.2025416533172696,0.21468903205892886,0.5621664440810988,0.9623555547403347,0.4422595235683742,0.8621199707491253,0.9101999939073907,0.809987530089998,0.4602329892283064,0.17900725192813685,0.9086418229191894,0.6350111902868657,0.8925574176638716,0.9174605324946411,0.7995031121752801,0.5476026025090833,0.2576574230761943,0.3269967537152985,0.27585836709772193,0.12388239425528103,0.19747692693732777,0.047841513813699915,0.1375069506047089,0.13379725913212748,0.24551050902718155,0.1968911318263199,0.33773453443529416,0.43405265903522783,0.4015321814997166,0.40412255431042543,0.33459883155049897,0.41761612489152977,0.2361646593290171,0.20539925207733456,0.1699831990292917,0.4201166371055488,0.40385919329064995,0.5089960616371291,0.5272189122843108,0.5932354073738758,0.9498808197965386,0.9671602953276585,0.9115237130346168,0.8811064122926392,0.9857353074916323,0.6649551964441912,0.6240325413432306,0.7339679443768844,0.8404417772515059,0.6911515190367479,0.895381724963664,0.5844081563439929,0.7254134491413226,0.6308988648771519,0.5633780972364228,0.33193755795473345,0.252340705149022,0.09155760591861876,0.06549141067296868,0.18953376429488253,0.1352053991221956,0.1595956474707414,0.07373209124302292,0.133078479489458,0.17321820942967064,0.1657766200764238,0.3382074700416101,0.3895996593018894,0.5895255788678623,0.5946743234709101,0.5903311130788744,0.4590970618219615,0.36331253034928823,0.32607146339796333,0.32764237468268315,0.3661757301002219,0.4802145934410055,0.5538673480432167,0.94251757322707,0.8972227198697119,0.921985863329781,0.9221930957595632,0.6807840770946686,0.8404476526348432,0.5032760576784633,0.6303795822099786,0.7954293754689423,0.5632975527725648,0.5309472315900406,0.17686662189939012,0.3545665781338106,0.1329631381147576,0.02598417739960913,0.023699089505482294,0.008702167903136422,0.0032933428522130648,0.00022493084602160325,1.5240845495261327e-06,2.2401995526012945e-09,6.069223967269483e-10,3.4913930702678834e-11,2.3147266083357372e-11,1.2435014770453265e-15,9.310368166440988e-20,2.0102837836875382e-24,1.624812127090326e-28,1.368586748345165e-31,7.1973928817849815e-40,1.3505039991811471e-42,8.396734774057343e-47,1.7511628572066435e-57,1.7238828867329525e-67,2.9317172142289155e-84,3.3187601803457567e-111,1.384845617922024e-153,0.0,1.055234572036323e-141,1.3531250958879187e-105,1.2684953189025912e-82,9.063701144385345e-69,8.811769681102127e-60,7.350654457734069e-50,3.0499355454591228e-43,6.9672945768156935e-37,1.3580724261757862e-31,5.468002190674321e-29,1.7600561174710622e-24,2.4981859680086885e-21,1.4285264475049829e-18,4.738334835839782e-18,2.488458579856377e-16
18.4999999999999,0.21247696530492505,0.1901453721792607,0.2408035376539034,0.3209291745655419,0.36465246806964086,0.1949415989065536,0.1745398403663825,0.35115779822687054,0.2914230066179013,0.5200506911054968,0.44200683631806315,0.34625945706010736,0.4721819052583875,0.3881751046065406,0.5794220926687512,0.2986374076476874,0.27126601514984494,0.2954508780786649,0.2550550627951095,0.44680702360862345,0.2311269260848622,0.13387728176981245,0.11233966441615617,0.01570057825127915,0.0058076428670017465,0.0018370513455991339,0.0007612495601508383,0.00021811355685874185,7.739527923621309e-05,1.611092656197827e-05,2.261322692506059e-05,0.000108577696397614,6.932088089795002e-05,0.00017696527726488798,6.0378454917556726e-05,9.339532144056574e-05,0.00020117308109161822,7.757459221222705e-05,0.00019227941741603946,8.102133655550082e-05,0.0007236084513130253,0.0008764667363978217,0.0009631755233322001,0.00031510979089689663,0.000812684911824323,0.0004341037766356732,0.00011168546569855373,0.00019336726689307454,0.00017799836148731077,0.004191405343630037,0.00170379150033618,0.008298119735565344,0.006880067108765215,0.006742092187917727,0.008854744619845674,0.006289788884364883,0.012067307124120755,0.01073060861832451,0.007053485370341056,0.011677881394614233,0.008516155687262777,0.006234248684186824,0.008516917747494366,0.01297325371229766,0.004077709097960226,0.012932364039705308,0.0035334839961821763,0.00328886838563561,0.0023995659750310778,0.0011931307158516322,0.0006059203284694542,0.0012481451612079185,0.0026710680405309453,0.000937267032351689,0.00034014345873095166,0.003924325174238484,0.00046235817020498434,0.003079717684203884,0.0006939053614383256,0.0003801017984647798,5.813988525557869e-05,3.26344623997403e-05,0.00020252324681998822,0.00023162699193696241,0.0021286317635127224,0.002713426013035609,0.010152108087402424,0.004340874893005874,0.00026192145639883325,0.0005149835878554799,0.0008799156888565592,0.0004971216051908858,0.0002470460321147918,0.0012217887081065913,0.0017922096776730083,0.0011647553806567261,0.0034940172775537854,0.011519557184408287,0.010470074130505816,0.01501567325547039,0.003736735212036502,0.01162840226040519,0.02852273738741799,0.008810899192449739,0.014136663539980828,0.004954294988952187,0.0039506252358732395,0.010119771105439126,0.002714538891053851,0.00797965645441756,0.004852764215383511,0.0011516868198022123,0.003313741700833999,0.00535623930420596,0.010108950657156326,0.0015316124520942229,0.0020471294882571495,0.0034816627144963327,0.007552359885611758,0.007966225584291947,0.006957203678780824,0.038607946625721694,0.01870873452749101,0.014139479941057164,0.004998537194901214,0.0015707354190511195,0.011545153188318618,0.02114512139278697,0.02620138184898521,0.07751436316449248,0.052895891128417395,0.08600537672654242,0.14307201765915314,0.12251911552100947,0.2996638160929509,0.20510327787867505,0.20885827606600918,0.16452928654786558,0.1652494749200559,0.21958524319731407,0.13892841662731562,0.04334696827753925,0.02265420240040259,0.00614277887952928,0.005128027928010286,0.01624901164084991,0.06504494904864999,0.17905614714230628,0.11715365984779573,0.15419006024620432,0.10778309993785586,0.13038994371647,0.15805459992325116,0.22741313878489863,0.6440157617639055,0.8872306642052936,0.9749481271719307,0.8872660942429762,0.8765186785392185,0.5995247428756914,0.41023016058043194,0.3666822866367994,0.3516505059088418,0.10182640085386757,0.16799899852279532,0.15960261401663786,0.37291982892554176,0.2711451338342933,0.09437711559985365,0.19198018745765671,0.19139810447592476,0.6045148241405294,0.9493980721799363,0.4217500521408105,0.8210380269271006,0.9452925722103755,0.9169320792706087,0.5225691268847525,0.22636625111234548,0.8590791853403931,0.6467330488352625,0.9977154442314597,0.9425227866797463,0.7703481943410402,0.5362269603978614,0.2380737742453076,0.2879747079135797,0.23784301412237926,0.10123420817478469,0.1362860057808061,0.032578731736468615,0.0682778035725647,0.06718237014122384,0.15762020730923698,0.12139104799862754,0.2932176016217235,0.36005025856041656,0.34685470361207327,0.3254225666803348,0.2390604749965118,0.35700684725062176,0.23190801386165735,0.18711680527694433,0.18469948494953353,0.42688792861151775,0.4190075257014674,0.5346169152051955,0.5731029616345606,0.6012173844674333,0.974042786012715,0.997219071836202,0.8094162030512615,0.7325941640326125,0.8678399673393252,0.7756759950568984,0.7590012016695742,0.9567430797414397,0.9145885903082875,0.9292812184211533,0.8824095204720267,0.45707988612281736,0.6107445958066174,0.5031698851041793,0.5118716606070367,0.3330112822738432,0.2687099705078067,0.09268277311647667,0.06107083909820413,0.14628782356504103,0.12340120517787434,0.1507680423556927,0.07587675848524546,0.09976515655028094,0.1247642615667124,0.11889368300294274,0.23856042105635908,0.3092517791258643,0.5539590768304521,0.5823486454733291,0.6031876101102722,0.5845593828710769,0.4242420188635996,0.34314465677902495,0.38433943549716204,0.48421440424819745,0.545236899475321,0.6280153220805414,0.969824928383029,0.9451850828504684,0.9235960979718827,0.9169849569635078,0.6384567994789547,0.7836845181965609,0.5407308828977129,0.7304282989724008,0.9372415845859821,0.7247591348448941,0.6881214300853303,0.2816626664317424,0.494382476331817,0.1927330874115697,0.041946932802310224,0.04182419359819463,0.0206258893450744,0.00794521833400623,0.0011639174022569955,8.889498943280247e-06,2.5354415664835422e-08,4.655292192307835e-09,3.1331948053938816e-10,3.274515010780287e-10,8.869992503486491e-14,1.4274462846253845e-17,5.151596618142004e-22,2.737272286371148e-25,9.19711898803917e-28,1.9722148824738476e-34,8.274887640087877e-37,2.999056143030947e-39,1.8095331101755533e-48,6.254516633153055e-57,7.28603938760229e-68,2.393345235358657e-84,1.1339783923532363e-105,1.055234572036323e-141,0.0,2.0413782462640764e-149,4.87334327200157e-109,5.812279394891687e-89,2.117248533708257e-73,2.392289743090565e-60,4.884629782532481e-50,1.001149883089279e-41,6.489161710021207e-35,2.218538705461294e-31,3.855785872659745e-27,2.713245892316246e-23,7.300790339587807e-20,6.737942958772775e-20,7.23719413876246e-18
18.5999999999999,0.24965279310042238,0.2363316565241825,0.28067103097482243,0.4344887916058511,0.4353075429634851,0.2575966874911608,0.24774846869400605,0.45545022395215484,0.3795990823718365,0.6489505348443324,0.6466030609120871,0.5355170242701478,0.7216799587843946,0.585946696876065,0.7862945936503839,0.47037384410074223,0.47124947462685235,0.5471821418094688,0.5004589816088797,0.8414234237381446,0.49031356402382625,0.27858349301973523,0.1557043251466786,0.02984601612776213,0.0156809167911785,0.004885855466465845,0.003708409658253757,0.0016425982311111527,0.0006139792940477938,0.00010236530981058304,6.830110428775317e-05,0.00028332395864257763,0.0002048234175637353,0.0006636023979705077,0.00017452356114231057,0.00024367023614873745,0.0005743229212507524,0.00021095221151239788,0.0005271016971250299,0.0002801108556188459,0.0014686212113886122,0.0021999890413706125,0.002584296995523525,0.0006033438087560328,0.0011570683128095194,0.0007082130170434163,0.00021291358107366522,0.00025272176472507257,0.00020566046335374478,0.004476382805065998,0.0015436832465508326,0.00653706577259861,0.004187433282488301,0.0035806082067063013,0.0055254630398057485,0.003144043521861178,0.0063014970180022035,0.007066512418611902,0.0030907758387607484,0.009084362152833095,0.0035003342960197035,0.0027339227032164765,0.0029602191974990584,0.003772669114495941,0.0009230567427093643,0.0027543153844220196,0.0006142941174783973,0.0009032945979108364,0.0006365236858347102,0.00035146655095800327,0.00015921764094624602,0.0004928257728023046,0.0016896901886462453,0.0005557137023333636,0.00022032335967442536,0.0034662904082520046,0.00027405902186926166,0.0016799088631162,0.00031443131239350906,0.00024771130185705017,6.193571747045957e-05,2.5975195679958373e-05,0.0002086102007650366,0.00020217451202313825,0.0022738188889390386,0.0037472979487253384,0.011926825733808292,0.0045606780971894495,0.0002730010063769325,0.0004636754067231043,0.0006610494130372352,0.0003837289395195971,0.0001429549603987432,0.0008869574745104748,0.0013128618534465125,0.0006860534180975571,0.0023625441757487656,0.008689646723675334,0.007631984549184704,0.011839238171422684,0.0025862624860222617,0.010044952725959622,0.02608705994139235,0.0057921617197489745,0.013572708857821901,0.003290159235749268,0.003009899087864818,0.008277009705544918,0.002250255567179531,0.007536621943104954,0.0039557668256334595,0.0010411974445225364,0.003143272411406221,0.004813609174990118,0.010435114995902611,0.0019270831234497313,0.0023155474934675605,0.005097723359123511,0.009210896319499562,0.012323024995916962,0.011843954544626896,0.0422575610266605,0.02275687592231252,0.014349731362213791,0.006356940054898432,0.0016145101749074893,0.010666930286544047,0.020393012916015224,0.022691581211030338,0.08050291614900913,0.04727667775241325,0.07215306607814514,0.1295395007444355,0.11211641008106465,0.23345191980455307,0.15970529370392597,0.19816728242550666,0.14362087557655476,0.1605168820726412,0.17281424636856652,0.09621838376893205,0.029980383225029855,0.014013087376936325,0.0032260917847740235,0.002313280247057737,0.008446563286928145,0.04239659186160397,0.13956298936748618,0.08129287450955176,0.1335614568586492,0.07337605535458902,0.09174197530290165,0.15804762018748134,0.22729469542445763,0.5354072457380399,0.7070172409203224,0.8298495315818935,0.7304430325502824,0.7020153348844256,0.4854011592262562,0.2956213396832843,0.23306807303455288,0.2464216162778796,0.05260821487468991,0.09923674650278758,0.10559681029224005,0.24176503182966924,0.18524486803378623,0.06840781244777415,0.14532946077661407,0.17640948232846024,0.5266389676800142,0.9520896045060873,0.5241295000982402,0.8753330669348534,0.9235183762902354,0.9695961969795646,0.6475273268925577,0.3572564555890592,0.6421725225505,0.5179292523491291,0.79745609335751,0.8662341491849419,0.7130172569190207,0.5174874234930951,0.1962436451103077,0.28543885581344,0.2510074122665948,0.11127366634780034,0.11357958200392983,0.02132633423254147,0.030937878500823333,0.0401750739999845,0.10955507494153138,0.08472048902515647,0.20790304586116934,0.2513565641075535,0.2040298772054704,0.19593137387187134,0.12244089323459535,0.2118547514108193,0.12902188915600327,0.10748904869751735,0.11550088592527957,0.2791873363310681,0.27856614341255004,0.3578069648313492,0.41739833438474727,0.49373876654795656,0.8772331406731394,0.8621216280072058,0.9839621084380047,0.8078668862580287,0.9054030487946971,0.7729317195490651,0.8971560701321827,0.9877921079007215,0.8036997246055876,0.9110553710898739,0.7643685576542291,0.3898516494527512,0.4697959122439864,0.37132438442271776,0.31443500613656056,0.16800367765139834,0.14746377435355512,0.05078271643941669,0.04327920048037355,0.1074031472876979,0.10026976566124968,0.13790103028573086,0.08992135896464748,0.10452272474602003,0.11820263051696647,0.10307921514645939,0.18167102112768668,0.25994558463346884,0.4341568373308501,0.395239842277976,0.4420439124232571,0.48490349140335615,0.381472499300587,0.37538253773548275,0.43088927653603787,0.5542694211314378,0.7010092662710726,0.8349615861663828,0.8108117871652776,0.8400974705308636,0.7083576836233477,0.6897141573826349,0.48903327300367927,0.6405055938454761,0.7116155417492183,0.8344370777135176,0.9913415304667583,0.7386099899728429,0.7545501120057344,0.32100425018467427,0.4968039950701193,0.24317358147098853,0.057632161448885194,0.046041627903221104,0.0234666992939605,0.009092226600078253,0.0014663477750883004,6.072772258095646e-06,1.2277876691289907e-08,2.4615401705853758e-09,1.7480155805783553e-10,2.3614697473823246e-10,1.078457390477512e-13,2.9932580478841717e-17,2.5521170008995653e-21,1.3871618292841048e-24,6.978763599321852e-27,5.7882479853698616e-33,1.7360216044026163e-34,1.3660332476258982e-36,4.2509168345778625e-45,1.8512087645387002e-51,3.3249476490545296e-60,2.628988895841172e-72,5.572934608589048e-87,1.3531250958879187e-105,2.0413782462640764e-149,0.0,5.67509735566696e-152,1.7480430931772554e-112,2.0496229596540373e-93,3.958727433695368e-73,5.0166903738142485e-62,9.986818425051224e-53,1.5499258165707182e-43,2.686396748984337e-37,1.9232902302551627e-31,1.9435257251070223e-27,3.708125687606883e-23,8.911718176149821e-23,5.795601669075201e-21
18.699999999999896,0.1488325093871378,0.15698571682451978,0.2121952919194346,0.3973432772999264,0.31701868922731596,0.16631130997473342,0.16666201891220866,0.3484840363342748,0.34399978234067374,0.48464625707394227,0.5070703824891505,0.458084326401224,0.5991392473066225,0.506624232416913,0.6328184044519409,0.376117536380085,0.35887938372939493,0.3952300166065475,0.40796492279776697,0.690480098269632,0.4472830259025868,0.20953241131761596,0.10275623209230797,0.021341829486399202,0.009177435888757907,0.002619343220417893,0.0014790693659265004,0.0009319156221097296,0.0005166396412382452,6.678729655349627e-05,3.1686094802142456e-05,0.00014627542535339418,9.217217776767234e-05,0.00017217613624713671,5.321016479286445e-05,3.4988827819538115e-05,0.00010002723318315136,3.823870149148354e-05,0.00011056378507303442,6.41043268371066e-05,0.0003388736009527202,0.000815954842531338,0.00142751309266304,0.0003006074114688401,0.000367169617250304,0.0002521578300053196,5.091298592088468e-05,6.920414813506137e-05,7.461000537806901e-05,0.0016741645288249213,0.0009087611105233768,0.0022452489738883715,0.0021045050215839816,0.002108237378685071,0.00349894828561829,0.002830125670715312,0.005345200539042902,0.005400062153378757,0.001855821802708819,0.007174464458260101,0.003029533067884758,0.002102468957042181,0.0024174734692768633,0.002209581483719284,0.0008537067650410881,0.0031768720252604065,0.0007305258166825196,0.0012312048448333297,0.0010572472580391164,0.0009379789401902101,0.00034315501916737736,0.0005736535223519811,0.0016551094750512818,0.00038566153205899753,0.0002466567031395597,0.004649192881441886,0.00035648295965915084,0.0019899677111365945,0.0003854089813217057,0.00041869459885101993,0.00010150676871165958,4.892352642630072e-05,0.00037571193709920746,0.0003063419447361932,0.004663560702230877,0.005341679704783903,0.016348786100346915,0.005612763983700545,0.0002433501627771003,0.00023887548025238484,0.00031415349780329377,0.0002429908439907236,8.51415615850468e-05,0.0012574308398838328,0.0022006667224407257,0.0011670852471220875,0.006724197556598045,0.019919762108234797,0.015980731157416595,0.01902354528144144,0.005015954636797872,0.01406362261180834,0.04434909339137786,0.007846990172765635,0.025430369416704752,0.005078456641040408,0.0027768892547074347,0.006708828307989882,0.0022343176941340206,0.006621545461610771,0.00335916324932581,0.0008219615506018687,0.003431285696438356,0.006256248650565263,0.017792549711631463,0.0036471904436168063,0.004930879339559536,0.01251317772119382,0.022747535109325742,0.028839853420535314,0.031274642305883546,0.09557219559772209,0.06193900140907166,0.029423166607673246,0.015023549268202534,0.004806216173540978,0.03190307700501569,0.05725238034582704,0.06880195363074756,0.20714460168842047,0.12740514321529273,0.20984417679330758,0.2868502707879698,0.2894983738694961,0.4444182062129468,0.28484813996807773,0.37431284866387127,0.2694469086211906,0.2772676244299789,0.2690784255633253,0.2080597164011495,0.09454776108928709,0.04329444975072447,0.015094759548713935,0.006304940928854472,0.019847373396024447,0.08105565408591933,0.23136257538678048,0.16324955397785262,0.29343700082600566,0.19834173391934465,0.23912813411219672,0.378457196237055,0.5490597180511113,0.8524092351586849,0.9664749802523733,0.8247693670776687,0.942499940778715,0.8840383711401619,0.7790115097545773,0.5508519458284905,0.3739776397045509,0.41502510580279184,0.13508250405393174,0.20328085695777895,0.26398911789685614,0.48355507248610113,0.34474391861179177,0.16680249092128194,0.24035250216733137,0.2762041558280851,0.7945895381793702,0.7549548169331916,0.40501329101508254,0.798065013320918,0.9885684096829525,0.9986183983395088,0.6441039401860634,0.46366846606863044,0.5030553281333713,0.4419925825549084,0.6037651827344659,0.6963599947595684,0.5544836200816932,0.4337731507471603,0.16767394664406857,0.28158481475456976,0.26963960524297814,0.13897196476284118,0.13656186421655866,0.0200053604689366,0.028553988513928593,0.03016144836205728,0.09734009063200809,0.07335906783220851,0.17292548828453494,0.252595862482101,0.21007787263151495,0.18023765982540996,0.11004419620586474,0.18220837837114495,0.10694666757106294,0.10008440122611291,0.12195178621217981,0.27902914094077663,0.19930548859601535,0.3077191336451569,0.32970534610123936,0.3861156066844208,0.8694938173402221,0.8460749879044653,0.8103526461755136,0.9792100166563202,0.9333257051164965,0.5922032925201556,0.7002475804681538,0.8204977254836775,0.9588682431459493,0.9488581195575743,0.9398454892945292,0.5144963653154111,0.5845671134158796,0.45561010532802104,0.39750426542124856,0.2686657815115439,0.2080623323567435,0.10803623384442095,0.09326824047781314,0.16159431577304167,0.1497265912844951,0.15227629645502527,0.13235639169146768,0.16422930160656765,0.13802896126556072,0.10833430925566603,0.1582211322215627,0.20172921452845652,0.29497133503986583,0.2555520382298658,0.2627389767048494,0.34728142399778983,0.2609727612799101,0.2481437456047483,0.32052726384916763,0.446173889248303,0.5449830471663467,0.7466643647228997,0.839922750638249,0.8932953389060293,0.6922819213872475,0.5325319169313032,0.41082757704013606,0.5513134173698002,0.8480214796599554,0.9599556678187566,0.8645599777514341,0.8483149936622237,0.9451748637143872,0.3399569687977862,0.48616573164907617,0.2730617776574052,0.07062789380867142,0.05888551276006222,0.0363046535734644,0.014950999425515279,0.003461033853786159,2.0932564317089347e-05,6.887903765477739e-08,1.798934251555798e-08,8.534789059101635e-10,1.1622414849133e-09,2.02775461270698e-12,6.063780218886182e-16,5.319724232597165e-19,3.2580481586146603e-22,9.543209463824456e-24,2.87378419069075e-29,1.3677048398915531e-30,5.969014466812097e-32,3.9265941538479504e-39,2.659864940901193e-45,3.806188080708518e-51,3.523079990533644e-61,1.2573106749646053e-69,1.2684953189025912e-82,4.87334327200157e-109,5.67509735566696e-152,0.0,3.947204883055017e-146,6.986878708884598e-114,1.9807466597778282e-88,3.508239192282605e-70,2.824844184125002e-58,9.107978245495199e-48,2.4350682333724783e-40,9.321221631069328e-34,1.2786247325735992e-29,1.4301208492038205e-24,1.1851913854332655e-23,2.474001169353337e-21
18.799999999999898,0.3681672228821884,0.3726119040880471,0.4293806555164451,0.7816598042499563,0.6084874220272481,0.4289815698926225,0.4262404980252953,0.6482971459999449,0.7621877843997155,0.8444306188228106,0.8385039655782007,0.6588869003251723,0.8910689559921615,0.8180105604366568,0.9780271782256074,0.6117799970060809,0.5617817289445082,0.5148228236385715,0.4422644460289776,0.6528572046622867,0.4615796858506696,0.2549628514764696,0.1446579053666487,0.04480259398082597,0.028785608590291195,0.02405746800898573,0.0135813939325253,0.00853712311182873,0.0037089035053827447,0.0004759029395978117,0.00022818801441194648,0.0003412689266106888,0.000178090235646829,0.0002614139833947585,6.824410958433732e-05,4.2391925529415316e-05,5.684432005791088e-05,2.405955101228715e-05,0.00010730538633491755,6.453840669435212e-05,0.0002746473282627227,0.00040607593119599314,0.00033437428112885855,7.484315634651119e-05,6.202081286987519e-05,5.735394060459171e-05,9.448121840985565e-06,2.150250631944249e-05,2.9024075193938273e-05,0.0008395236953506201,0.00039024415939708715,0.0008414679089009542,0.0010602174086210405,0.0008625614853204465,0.0014204968865691734,0.0008388304349101934,0.0018058121862497484,0.0015027015526458457,0.00022888763476020693,0.0006110318397904493,0.0001245506444705276,0.00011528010038122283,0.0001378067057413404,8.172457949395931e-05,5.763303393329924e-05,0.00016382507132485833,1.9372315881611257e-05,5.341434906030783e-05,1.8697523237917804e-05,1.8866409441120394e-05,4.819353268366726e-06,1.58727176473556e-05,4.029086734941277e-05,8.533096591659536e-06,6.97333607590339e-06,0.00018857254179832774,6.05709593737872e-06,5.1545746214320575e-05,7.690115125610787e-06,8.550713232065574e-06,2.179970475695007e-06,1.2017623786468305e-06,1.0011851122186677e-05,6.245520958151848e-06,0.0001739138411993432,0.00033242739067654574,0.0013223122322433942,0.0007388028546422062,1.4050395569303512e-05,1.365416828057218e-05,3.2125883424366946e-05,2.2524382706020354e-05,8.517972930890707e-06,0.00016507050910817642,0.0002832985562557287,0.000248964931898001,0.001958456749601763,0.006240689120987952,0.005302039413994397,0.006971964659712702,0.0010813544552064876,0.002618493371559565,0.006934532318666399,0.0006247991469005345,0.0025561620340226717,0.0004534180352123629,0.00027436811519010305,0.0017380301431675874,0.0005128881584319623,0.0024328732235102024,0.001021911830042347,0.0003282508270767879,0.0012521746223510292,0.0023166730945232993,0.007009882768322832,0.0013629114668903379,0.0021721335048968033,0.006170365536426165,0.008497769078543218,0.008058042768266153,0.005398372530838609,0.01659005379755007,0.008721269274435258,0.003782800144464864,0.002008600998307991,0.0005057362077287114,0.004484126664043782,0.00786256814746783,0.007908098318481854,0.031075372384203343,0.016532360536284978,0.02851446750478648,0.05739753382665362,0.04388313157664496,0.0908393215791087,0.04123209479799585,0.10350377577115318,0.08368676500376053,0.09198954292397957,0.10381065803091988,0.06566102896794083,0.03540654992004104,0.016863532349702347,0.005516411205867302,0.0028675253032286324,0.008614737961254277,0.028841124018306248,0.1020517727484426,0.07401336789348933,0.15889554116074733,0.097299091829874,0.19023918662338865,0.4967519309903391,0.859370761712624,0.8026180242922974,0.5461813252880835,0.49962757395935825,0.5624146223420554,0.5169430681369688,0.7247899854875693,0.9563402726412422,0.9709354254389905,0.9962603701243712,0.4131003265237422,0.5885518656450069,0.789024272707969,0.8151954514181695,0.9889049660059538,0.6964306629585885,0.9025969771354228,0.9478826602467663,0.4283834584937205,0.20934825456269765,0.06620674872677355,0.20579050073437216,0.3494790637372942,0.39921395975003743,0.3205369174698217,0.21858648740543093,0.8570874387243134,0.7752714811003707,0.8889685176647689,0.890794956236155,0.6996990681351182,0.48710529461765,0.2262788774362423,0.33187630633298004,0.38279776976492375,0.21869149541006808,0.18547679714385973,0.04214375036548467,0.056345502450877986,0.08961917765481675,0.2775158482447131,0.22395282664604127,0.5104589989708377,0.7060152451704856,0.6804769007104445,0.6159963000204833,0.5204117129128711,0.6257188898237924,0.43891472226038564,0.3936672450742413,0.5439790768005479,0.9837715076420496,0.8541343686786534,0.986729960813043,0.998409423044207,0.9883882684151553,0.5271650985429743,0.485387768917098,0.4061764811758588,0.30798430595604315,0.38061747346274233,0.7254531034478486,0.7069436048342586,0.6342355147985467,0.45066180287203766,0.5362688618899778,0.42449886016591476,0.1681535042750355,0.34249462248987894,0.22505915158621786,0.19288007271040497,0.09270636382396549,0.05950462567260285,0.03087105527242736,0.026661329123532744,0.05919086781009756,0.060875417517798104,0.056574371945914095,0.06209789111620274,0.06809184740705317,0.047174016365597565,0.03457250453456421,0.059266619134611245,0.11201188594873067,0.21521853547286798,0.24668332856762837,0.2854781282020991,0.3126289666436416,0.1955976561505122,0.1552518646130408,0.21384361306976407,0.23569077341203346,0.2867967129969291,0.4399902393104341,0.6844588250225054,0.7505120443889083,0.9153954123543361,0.9055018315627869,0.8296978244439673,0.9863794802888411,0.4321464735707625,0.544173002154703,0.6227280090950711,0.5372591431473199,0.6972069867141029,0.26800233067178375,0.42623185388228657,0.21000120803698522,0.035246979846555476,0.01872500369035659,0.007543136059759839,0.0028341925426681783,0.0006449509686934844,3.7105637655448673e-06,3.7217424669324636e-07,2.193516738012781e-09,4.712750379286644e-09,7.3521132660673845e-09,1.7308650583417926e-11,1.6456334946470168e-14,2.487908455613516e-19,7.944435723709348e-20,1.2192284389655852e-21,4.645985953068411e-26,1.65258602957384e-27,1.5313070892873158e-30,8.352468709725602e-36,5.840335544523492e-41,1.6756360663762962e-43,9.126617739032254e-52,4.774079402573318e-61,9.063701144385345e-69,5.812279394891687e-89,1.7480430931772554e-112,3.947204883055017e-146,0.0,2.2315337559143243e-148,1.5611940047760795e-109,2.1007621850453506e-84,3.867064272944448e-68,1.77524774483195e-55,8.111565734950045e-45,4.316903163329984e-37,1.533876926024451e-32,1.584032791648995e-26,2.949848818840928e-26,1.815051491114491e-22
18.8999999999999,0.136286365451453,0.17486727447462388,0.21951709038391523,0.4522438044775521,0.3386310340164459,0.1980983162156831,0.23359830594666312,0.38450239565744315,0.3467188118834045,0.37033982095964724,0.2415894854222137,0.16658661523640075,0.25014362139878926,0.1945538740327919,0.31078094320801414,0.11993849795592328,0.08478010266266905,0.11270463807964205,0.10965727004489921,0.2598391582756464,0.17287654273267894,0.06466536957227692,0.022959362344031377,0.004266232855728537,0.002907125759232803,0.0018736395207436187,0.001959902124903925,0.0011532913855551593,0.0009533760915119251,0.00013567359087926476,9.84691462037164e-05,0.00017134182645282088,0.00010430165296394233,0.0002006955963300973,7.747723709057962e-05,0.00014275892830598714,0.00018661701178881047,6.241675607653873e-05,0.00025312149000282047,0.0002886563852995636,0.0011411052091468434,0.0011612111809260483,0.0016388356051154635,0.0003677482006725053,0.00026260565908452216,0.0002490575274992978,3.927121652537711e-05,8.910393649276934e-05,0.00012792566041489563,0.002591942824468354,0.0015154065985658978,0.002381209308593256,0.0017970492020478851,0.0014088594324179365,0.00248944766347297,0.0027384790293628063,0.004489436299371392,0.0046401986416448856,0.0009058384553085367,0.004224012547070499,0.0024237931688743993,0.0030285013220202463,0.0033433908810618085,0.0019803067453986263,0.001970148875007117,0.008370837958539176,0.0017949163143596372,0.003747667885563444,0.0013768097998241111,0.0016237951538608953,0.0006522906546847828,0.0015225281084599567,0.002479866068776251,0.000625481323115525,0.000636917565050184,0.009318225383025604,0.0006513848222372018,0.0028846611162932434,0.0005356252941317896,0.0006774282785545791,0.00015453646118456012,9.50915844111534e-05,0.0004891928391134975,0.00029738777106638254,0.004838970251661134,0.00832761991906322,0.033221908279622805,0.015177791986574056,0.0013252830109791406,0.001194447255610539,0.0016795426037876046,0.0013898457711757196,0.0006847410688662722,0.010566258740094595,0.02168080179542804,0.011998175582089944,0.07619643734814052,0.13620305286543316,0.09115953243904398,0.1328741896554095,0.037623843672312814,0.09764204421106477,0.19125079047857405,0.04851734573286958,0.13631943030552984,0.04536009205913593,0.03796480933315329,0.13224840921725975,0.06026425889014299,0.14105195490437186,0.08078173367348365,0.03282199640115763,0.07167139318375586,0.0869262703816113,0.15569371775391025,0.051197206186983896,0.077829689893748,0.16489379051723715,0.19356466720957766,0.22071843017965373,0.21564189766774475,0.3362948378129278,0.27163123203420764,0.1336592146190853,0.08601890816984413,0.04831942976874728,0.1504702572630113,0.16837594547688184,0.16011979955542927,0.37268867388888816,0.25917842305524974,0.29851364165210853,0.4749683278893874,0.41188227600804184,0.5240335828115988,0.3381328662842497,0.5522234979478955,0.47785643281734286,0.4746666639621984,0.36044589142635786,0.20226035112290797,0.0949654877688756,0.028739796879671285,0.010517459373362396,0.0023860697382890117,0.008400216788274942,0.024848078725965138,0.09655656695338484,0.07869522354959571,0.14724316736926082,0.07087810156945497,0.13406873286315654,0.2836090970848492,0.49009346479506205,0.7172268901788617,0.9200599460484422,0.9064458169743127,0.9735952674220845,0.8277657801096249,0.9356300692573875,0.7834206898374529,0.7077795464784635,0.8744825880227143,0.36082012329224733,0.4285742095671952,0.6114673048655273,0.7620025592805653,0.45846881186304583,0.2711666674943317,0.44085601955659737,0.4743282639047872,0.9716468147451084,0.644229593493147,0.3564491580653179,0.6112055399082336,0.8478914718440944,0.9905461191646033,0.7998347862345846,0.6908440825412804,0.3717999498156119,0.344191589736961,0.3287733841554064,0.3375524230380231,0.2356069375935183,0.15966543523721857,0.08473814689514247,0.10357847602571443,0.12305160921912724,0.04770227401075297,0.04842376427621363,0.00810821374465294,0.009155730967609847,0.01301834767384379,0.04224829078161899,0.03178134774149971,0.07522418601206543,0.11499761318213944,0.11509580859453385,0.11599888023903031,0.0785822698238544,0.11787942038549044,0.08188811958037938,0.0901961885250072,0.1328788290243812,0.2877646335531746,0.19587830702445383,0.353683552438399,0.420144855561595,0.403297541756949,0.8524820341017585,0.8255603842560305,0.8863205227641691,0.9915710830166649,0.9818568789980586,0.6120621917795639,0.6619014616022636,0.785092524052552,0.9928771795590532,0.9279691134318606,0.9412190016384859,0.5414747449891515,0.8542804456182547,0.6903257166304771,0.6435575828218094,0.4064571054142085,0.33007641121175035,0.22213774912594084,0.18266500454050089,0.29570170889865605,0.2921435193786969,0.26094818943841824,0.2728488939003791,0.3217742074704049,0.2637469891344867,0.24305618360667056,0.3980596517290206,0.5547700774212785,0.8501452919829019,0.8141092847543762,0.971825992599812,0.9575920055584817,0.8489083739553753,0.908933603857093,0.9659317427729988,0.8143443827882818,0.7164302188188602,0.4726446681562159,0.3309526739110327,0.38495152786547987,0.2822349880717961,0.262108895931863,0.30345150559429296,0.3889684097562802,0.9696959746007975,0.7881096132305666,0.6640612397656274,0.8183651741302626,0.6774703330042143,0.6121226432182802,0.7900308252648728,0.5832366338461851,0.15667750749642304,0.11142563394389432,0.06563190742683801,0.02348467631568147,0.007542205776952781,9.389427681934516e-05,6.753037203681841e-07,2.0375066674444952e-07,1.009285933043754e-08,1.6155210445062324e-08,8.998331996739297e-11,6.631458029999565e-13,1.1645994143054543e-15,9.557754757134521e-18,7.408900600346587e-20,3.435141225007811e-24,6.673594571533373e-26,5.985729318442169e-28,2.077430580747957e-33,6.96542745833638e-38,9.496020849950793e-40,5.484222208447351e-46,3.2743446222539708e-52,8.811769681102127e-60,2.117248533708257e-73,2.0496229596540373e-93,6.986878708884598e-114,2.2315337559143243e-148,0.0,1.2909173314200919e-147,1.1300844181347632e-107,2.6444516361241533e-83,7.068527995352098e-65,8.492658238831357e-54,4.905412872488183e-45,1.3969882936794086e-38,2.447953179981904e-31,4.555496171889594e-29,2.1233768213607422e-26
18.999999999999897,0.051594269091281814,0.07332364233664145,0.08212604816218312,0.20040374206686148,0.14736469037268884,0.0760905207601087,0.08541248565738938,0.14684778493786382,0.13267690092095563,0.1503352144149045,0.07940119382375906,0.06453725051478652,0.10185178637368786,0.06718341373104576,0.12956335474723704,0.03451689581824823,0.02319527065404529,0.04450095408648472,0.052597817686391435,0.12420385613993738,0.08067182544231961,0.019783594229332978,0.008355445218944456,0.0015319490815865371,0.0010525731533209282,0.0003638825805436055,0.00036078135108274427,0.00019253896817299644,0.00013090486106182256,1.5426848978845088e-05,1.422770313033972e-05,3.4003951105261145e-05,2.5940701778071597e-05,3.584754418347506e-05,2.4629892347500733e-05,6.999902019393422e-05,6.051394004415056e-05,2.2121292949335858e-05,6.051235224815903e-05,0.00010540780827743037,0.0005838989330453015,0.0005539773080671286,0.0014003044331573125,0.00041000035148320077,0.00039284301906226666,0.0003417086067694509,8.984967820077505e-05,0.0001075799945360982,0.00013259718014347688,0.0018591591765988891,0.001519138831696239,0.0025303227893890756,0.0023785779136403285,0.002017496062687542,0.0031043892819396625,0.0023648378159663664,0.009071416521402604,0.008866022220983297,0.0020031363460575095,0.008404884892859388,0.006469963612033772,0.008957737062398148,0.016801438251741702,0.005479501789734941,0.008707656941869587,0.01983970612066884,0.004394987582830885,0.011763937985666528,0.0037477172611917286,0.007046282879629078,0.0027621036307400424,0.006134305474451403,0.009785785298626911,0.00216402731104287,0.0028134029586268957,0.018498136943629676,0.0017354020186589293,0.006596997272499141,0.0010096419801081669,0.00146119046170276,0.0001597623566016541,0.0001687771738008628,0.0008685219733817189,0.0004461733011976482,0.00816722728681967,0.011187487799427027,0.046589498094465914,0.026200547883986704,0.0032897078194834145,0.002682339367722929,0.0030202939157085327,0.004253227763309567,0.0027165220680073774,0.025571338907447345,0.06502943224994653,0.03367324502857893,0.21293218952384957,0.36304315831758627,0.2200902504578995,0.34257124304510794,0.07029560564775161,0.14803730328370646,0.3316513838031327,0.07583876821112279,0.24063718893801558,0.07452165575368197,0.04784283677551745,0.23579838224752975,0.09848219924592638,0.2379475850474306,0.13756207390696887,0.06129470259456394,0.12897680230923014,0.14143095873425723,0.2454364590624176,0.04762698017243986,0.07966133122571081,0.14702321122153741,0.15678966812204043,0.1828785830479742,0.17227155069704694,0.2674876366122992,0.2241140966952737,0.06779054805529565,0.04421320958703184,0.02104319382452515,0.0897309249988318,0.12410414720261731,0.12470939222805102,0.29060968670644627,0.20221124142091326,0.2642834248590637,0.5779018013652766,0.4145595964722777,0.5195643216316782,0.3605604107441334,0.42836621947977527,0.4058090622457819,0.4206894496939696,0.3243027739333222,0.24173324804980886,0.14216042035653315,0.036442825241544755,0.016256660891973543,0.0025305563734614057,0.009787350808853117,0.026358472942732893,0.09799665242923827,0.09332832672182682,0.17593616249131191,0.13071748553081422,0.1881340393159379,0.3579595020810623,0.5888471632581307,0.7321924298805337,0.9939964042186421,0.8170637748940083,0.7536540129130413,0.6070629846890533,0.7962147973912358,0.8537736676119818,0.9343572047634789,0.8757904762513338,0.5095741178406071,0.6351271299198634,0.8417731484695732,0.8285488864487764,0.8275660380592923,0.5844328172323178,0.6895345566487818,0.8019968453036839,0.6178694230980292,0.369109456459335,0.23714200963158932,0.44071813004419264,0.6518986553994758,0.7852114570219981,0.6344226246402134,0.6481435816541069,0.4041355673305852,0.3960687736673722,0.2818698871181515,0.2675966928776962,0.1627358280340412,0.13015400208593245,0.09514834106167809,0.09536316740360301,0.1166159988133385,0.044798322158657373,0.052003667226598375,0.011819301927514713,0.012275668348092737,0.024332335764938665,0.06215223403255198,0.05134216114731322,0.09322644979701078,0.11337208119913038,0.10836097467426037,0.11414137492555307,0.05568265183921957,0.07869955888669591,0.06731713696349459,0.08429547981134669,0.14037537036693162,0.2859819975738223,0.15784873073835415,0.33993906256355944,0.35133293719317443,0.26599950790619425,0.6993626351883483,0.6108332771471521,0.7025316366142399,0.8566685297915295,0.9429843683300072,0.6480579092863039,0.6660061988237944,0.8464673925112397,0.9463738989205319,0.9702088135775742,0.9679874347248464,0.621890206794444,0.9332527269388008,0.8049215204632975,0.7715729072208846,0.5371647197237412,0.46474535395331007,0.342650007242306,0.30231083019309324,0.4562711820844318,0.4128938920561681,0.32221065483737565,0.31647283184933045,0.42754281758110513,0.3609345297114156,0.3039569557286975,0.4799972276209092,0.5959337662395089,0.8459283383924151,0.7181281478359267,0.8970496247918167,0.9541216504914033,0.7658049137830385,0.8161168860531148,0.8845104861729516,0.9406877189056433,0.9409785227008152,0.7267538523849566,0.6825083262259714,0.8444794831318957,0.6524901831516186,0.5055153678459664,0.5251583589432988,0.4690245376570899,0.9860108127856322,0.6597446095879956,0.4833792607702934,0.6331099631527355,0.6514337173881292,0.6810770448170419,0.87951464649562,0.7210418377322959,0.2640717681740137,0.19159077356333665,0.12051315003064707,0.041282525987776306,0.012519496511435203,0.0003260491517731553,2.3194426374599835e-06,4.826797779996027e-07,2.3476349054681496e-08,1.952088417629339e-08,1.7182003006142872e-10,1.0252700941791617e-12,1.1150470932552483e-15,1.018838662392435e-17,1.6260319091249448e-20,6.375067177103731e-24,7.213848493595336e-26,1.0715544532999596e-26,3.8194261244552622e-31,2.652372563442002e-35,4.436041716540337e-36,5.737718296272251e-41,4.459993620444218e-44,7.350654457734069e-50,2.392289743090565e-60,3.958727433695368e-73,1.9807466597778282e-88,1.5611940047760795e-109,1.2909173314200919e-147,0.0,2.5359862229275996e-135,1.2797694354956288e-100,1.981570812838336e-76,1.0144005195971434e-61,1.5468156852213006e-51,1.5954615675284884e-43,4.747409258641608e-36,3.519401707841427e-33,6.276703168717992e-30
19.099999999999895,0.05901640801366997,0.09877258171108991,0.10200263947086993,0.29515990616052745,0.26546449760668933,0.16553528203367693,0.236635505719157,0.33631569906919456,0.1962252998395332,0.23213221631948844,0.07652686302121282,0.0502733623184852,0.09541774286201997,0.058535321388277,0.10546212631129924,0.02211637731727411,0.022186189437941498,0.052331040276604866,0.051167427242211856,0.1522336402139723,0.09596328690770586,0.030648599112602273,0.008335996606535003,0.001921164206933829,0.0011549865730922423,0.000373996920208589,0.0008987924206498028,0.0006215081730374563,0.00038320130018299354,0.0001179028679746135,0.00015237675544867502,0.0003146376870593905,0.0001859472128445414,0.0003584242619859661,0.0001427182634492208,0.0003663547094685743,0.000349933657660614,0.00010899397082787396,0.00027167314239539647,0.0005846070937142198,0.0016136896859781527,0.001968162122982168,0.004551175880045447,0.0016060419808104174,0.002062994381976335,0.002300620208696603,0.0011598230512758214,0.001152112458849799,0.001355507885825009,0.011639987544925567,0.006674364804408319,0.00914798173314506,0.006486104328934436,0.006019389592779355,0.00835939203031368,0.006568167245830518,0.012826884326662761,0.013662089697996998,0.003988664616814342,0.017320307056714637,0.013479797136318295,0.017640236261326433,0.03430157753697123,0.009206827591082944,0.014811114103887456,0.033121981918948974,0.010439696689197033,0.039051818949015986,0.012395533254637768,0.020964986513341555,0.010071918089277218,0.02041922727575677,0.03726164686185215,0.009672270802215681,0.008634898646256542,0.0324600591421896,0.0019868710136133564,0.005627958219910266,0.0009799784302289662,0.0022752084891949466,0.0004883482622150563,0.0002862014393148983,0.0018821011511969024,0.0004932797861017358,0.008926567323470391,0.012516069632294307,0.04877027919560242,0.027894218681539677,0.005887062489424542,0.005386390192399837,0.009832339229105312,0.0075485412827662945,0.005180785810639731,0.03841338159703098,0.12301892667943443,0.06676214707978825,0.2799950768503651,0.44201823911571947,0.25792080800376926,0.4238387412021507,0.09331727178029019,0.22854175879875235,0.38455540200281585,0.11566877743185656,0.3803415407941274,0.14844948646071057,0.12263049757162889,0.43924812176532224,0.23473965283302387,0.5072741497079624,0.28605456664034073,0.16842253845265998,0.31106972886056844,0.23694186580319457,0.33565870034822387,0.0842558356521106,0.10089898352191541,0.15733962164766493,0.1296080445860996,0.16458792655252916,0.129540690207773,0.19223553048764624,0.21019237941768126,0.055313930991456296,0.02941983259972972,0.012798771830756528,0.052824168195055685,0.06081538751029629,0.03759809331019741,0.13272772125158352,0.08060175611809219,0.09384071961040988,0.2564341843729282,0.18827176839095436,0.3031544744409667,0.1838020919791151,0.2581094984664658,0.2550073566737503,0.3357259544714807,0.2700095184565503,0.17631978473023413,0.0701390197467664,0.01630890120713227,0.006800210099632514,0.0011089083466964233,0.003643914581455671,0.01073831028130949,0.04826948370929753,0.044122117402674424,0.10804159200637815,0.10104327970003654,0.13773494803311942,0.33159639430581606,0.5369712577395488,0.6259916678826958,0.80475846711831,0.9201507985706832,0.972641952015251,0.8173474832127018,0.9952024409216497,0.9618325504022427,0.8526928108291127,0.8904050758801225,0.44257772156468606,0.6219860506606202,0.8981604332754993,0.9066251691110438,0.6788544616287334,0.41949069498286895,0.6207088514220762,0.735044711287603,0.8491123965267448,0.5529498065251289,0.3731094970031733,0.5558750100434253,0.7955074605304178,0.9653356311719937,0.9338681418371608,0.9771817418671414,0.2852800539648208,0.2864863496836302,0.218806632306596,0.22138478927258182,0.11719809635111143,0.09174986008800799,0.0733101479079748,0.050461697981020494,0.0737469954514602,0.02865833616138346,0.031701811678111494,0.010580507433683772,0.007968149467677096,0.020068505745043548,0.06491126290426186,0.04364041604828438,0.07351404296515446,0.08792549400509513,0.08921222111398656,0.11791132810245009,0.07899305742706807,0.1407103135035068,0.09160542413246095,0.09345048752001418,0.1667585987938695,0.3255959820163973,0.18957491163780454,0.3305870488284385,0.34596975436679334,0.256234354051501,0.5914140402242585,0.5106491976178335,0.544873877898419,0.6842298137165874,0.7846648374387936,0.47487829057436465,0.5412850965984215,0.6890145097498582,0.8158105876269558,0.8041556385218489,0.7205596784668155,0.8552717861499257,0.8962101166412292,0.9868233841491676,0.9414328292440693,0.6638632207471515,0.5574965474319182,0.4968898806223664,0.5059699642463353,0.6780251320120612,0.5807658437870341,0.4282745733005764,0.4009699451985131,0.45246328604629377,0.37775023957824877,0.3202974224376471,0.5806758263602839,0.8228686103312096,0.9051076029540985,0.9858769873602263,0.8598636468160681,0.731957069324627,0.9148797304643328,0.7144649623452431,0.6651104555876759,0.5176827397553664,0.4514087433074622,0.292423878778081,0.29089503873694406,0.4016658351758938,0.2900163089896443,0.3107516214974651,0.3859121156250689,0.34145011114428947,0.7037964910090451,0.4890538102252198,0.3799195988816697,0.4878457898814486,0.5747293384444025,0.7425566510287528,0.8821030444753784,0.784953652058096,0.25121396627943404,0.13504151626591002,0.06453741054855515,0.025073668585007165,0.011465920934518203,0.00026310954449049396,2.291446795461764e-06,4.0996286705100035e-07,3.7414828793274915e-08,8.785697897602827e-08,5.694938655686332e-10,1.3127513282454123e-11,1.287077687428492e-13,2.1501508362921296e-15,4.2390635077465195e-18,6.2570642239336834e-21,2.5339248845709443e-22,1.3169574853618114e-23,2.327185555367923e-26,9.626224101420334e-29,1.090798390158732e-29,3.374330791317551e-34,6.469618721967178e-38,3.0499355454591228e-43,4.884629782532481e-50,5.0166903738142485e-62,3.508239192282605e-70,2.1007621850453506e-84,1.1300844181347632e-107,2.5359862229275996e-135,0.0,6.652349399443153e-149,2.054991732124273e-105,1.4074774442227395e-82,1.2279290187148376e-65,1.7347263127283484e-54,1.687378167104993e-45,5.371044436815106e-41,5.8908478637462025e-37
19.199999999999896,0.1437200915703856,0.20572400083097037,0.16288175390133008,0.4180928780879822,0.33453642342283996,0.20328377079321408,0.25221354075625785,0.4404259446886838,0.27034334101545204,0.3556260647847393,0.11191371839142632,0.07507007529911904,0.13326796688998327,0.07074070088647792,0.12481017786691619,0.02729956547820065,0.027352540128091192,0.08198267385078918,0.05557700277610462,0.16334394949080325,0.11114079719417222,0.04552317211502088,0.011018097776962225,0.003259752371835884,0.0019357146719036033,0.0004974338010546669,0.0020093489860572404,0.0015633251331396488,0.0011813824489387689,0.00046393123924695845,0.0003973200931284746,0.0008413836862605153,0.0005118138044697246,0.0013922921863082282,0.0005196578877230659,0.0012140533037484226,0.001246692826020162,0.00036564166350375367,0.0006444234531776607,0.0012684484457341177,0.0046552100159610865,0.005057954811842288,0.010759281953910132,0.0036528254269645325,0.005230004902749731,0.003671231367741832,0.002253155480716413,0.0015128349322008137,0.0014695743568974601,0.009713942283226563,0.005127136896881934,0.006406818049683636,0.005192744537635684,0.0034593897059045278,0.005431265945223939,0.002711102619975548,0.006265977646123271,0.008877215516432047,0.0017615661006967456,0.012676640396336343,0.00598177266206696,0.00786846786332586,0.020956723143543503,0.002528211126396243,0.008493473944241624,0.01083744641794305,0.0022093105746770906,0.014248027759163368,0.0021157864962597635,0.00508133441400954,0.001631559651934213,0.0035539074548211233,0.014486707689280204,0.002144419346174084,0.00417425416621039,0.0128207387140485,0.0008356873873065976,0.001991382096663196,0.00025275976642987407,0.0008846212854884972,0.00018820570979097206,0.0001409347202009618,0.0012888545446503102,0.00025143962558743705,0.006595729920991544,0.00707272127589544,0.028166420495750917,0.016843576899201587,0.003834219778962704,0.0036481896255956664,0.004690599613382814,0.0032198531412753802,0.002310958607529363,0.016325307253260708,0.05336397567184602,0.02647584724047772,0.11518543972596423,0.25474870524021104,0.12073247041349541,0.29149160788913686,0.04559209475413962,0.1206420942100705,0.29143040809526033,0.05071181129609243,0.2658617972529399,0.06468094316992587,0.07340119106797488,0.3762793671167576,0.15591439540372867,0.46475984572589657,0.21634553652892974,0.12139617008530397,0.26540466289833625,0.1723475196944475,0.2613383396272658,0.059245112908826884,0.06816228488902402,0.11988648681465666,0.07486747818319982,0.11915451508222236,0.1092110437025101,0.16304085400340684,0.23502125345676683,0.07292833126732469,0.05108875151148035,0.023379802691294117,0.06353405649545352,0.09086967342880649,0.05488942514537168,0.21443397601178502,0.1109225833485142,0.12594310474165896,0.3890792305571453,0.25314990351424904,0.3749283168953586,0.24200004951826262,0.3034026794178562,0.3411254389119419,0.4824395397331554,0.35919853615653685,0.23418333073540054,0.112585482577728,0.026567021494680095,0.013913776452777967,0.0035112388206683214,0.010243266141162567,0.030557477279139062,0.12274724446667154,0.1347540134430307,0.26910770107379844,0.25789441222588855,0.38836706238615815,0.7929519373631834,0.900804740820951,0.8465037534769649,0.7766796374047499,0.6793178721453537,0.5987325917694606,0.569742371256061,0.7067891578971421,0.6306955352997479,0.8618627412792278,0.5881827230920013,0.7069101803118167,0.9103788931657726,0.8949469327365693,0.6406178148123025,0.9988249985869169,0.6596799857260562,0.9739030025324293,0.8266494986506192,0.5516497427706929,0.3537910627032543,0.2766009526950055,0.4318222841946342,0.572211822049769,0.9038721317717304,0.9378928312269652,0.9464493078406088,0.2766190145289953,0.24664302578188652,0.14406789398401054,0.16113719115347824,0.08241290933551311,0.08732335384778482,0.09014424249410148,0.057514273384650004,0.07767780921179707,0.027536392312889017,0.03236410808236858,0.010846075969953482,0.007116269466281588,0.016970793443751735,0.05618610508581669,0.036374940290028204,0.04178317853189881,0.054352488421760076,0.05673001624350123,0.1024140775500983,0.058148971932879524,0.09978299094023081,0.0855479764444397,0.11262859339117355,0.17820798320214312,0.3239123425212123,0.1660350922003468,0.28791126070908724,0.3051819965639608,0.22278080854668378,0.5614289242536691,0.463580412750457,0.48857876766096575,0.6387293140834654,0.6806429763508444,0.3976238867628931,0.5050830121102527,0.6563331914164794,0.8370793005615834,0.8817037783712969,0.8306180757552022,0.8179917910815967,0.9760442436803236,0.8950062830007873,0.8512053362603343,0.6625185960006063,0.5749135054326711,0.42786276586703964,0.4716597848222362,0.6729095906862614,0.6382684181301701,0.4941195783134059,0.42003220293747456,0.42048548687312415,0.3506532131854357,0.3252616315534035,0.6588362815550685,0.9168615744209272,0.9318120879350978,0.9397845096433104,0.8229587271045606,0.6978169036060955,0.8517061392524695,0.5874039898266415,0.5652252817940897,0.41705565320841054,0.31993397586350286,0.254454623179266,0.30116657640676914,0.4350082419045163,0.2942539092658685,0.2931913295063672,0.4253539171611831,0.4040488752463909,0.7172724958480633,0.514179215842499,0.4525744768788667,0.6467300960906149,0.7386387960371855,0.6305084060971509,0.8851902394418222,0.8684699236421024,0.36009355694661366,0.20604113207104172,0.10929311570628146,0.05022245254418254,0.01958850316926382,0.0008063634419383553,8.12850104386462e-06,1.6118061034201118e-06,2.15739700206502e-07,4.872133933712226e-07,4.847090942547414e-09,1.3731975813843573e-10,2.5727221961584077e-12,4.77976958175599e-14,9.732558710299651e-17,1.8198380775952035e-19,2.7009716477185734e-20,1.9723997798590535e-21,1.8726138128562102e-23,1.133780178422775e-25,2.2063413881657395e-26,2.1487989789534024e-30,1.4833739670570572e-33,6.9672945768156935e-37,1.001149883089279e-41,9.986818425051224e-53,2.824844184125002e-58,3.867064272944448e-68,2.6444516361241533e-83,1.2797694354956288e-100,6.652349399443153e-149,0.0,2.0147604948976618e-145,3.293259953147116e-106,2.777607472032351e-79,1.6330240526709997e-65,1.3282104646223042e-53,3.6643280352108746e-46,2.8761824539766507e-40
19.299999999999898,0.4610422054569152,0.5942595630056776,0.4656725408423794,0.8842093248962865,0.7017852137121738,0.476115948029553,0.6253262053412912,0.9488557065804138,0.7691876320481157,0.9301574024245514,0.41171526142904197,0.30632201512473567,0.4142167771997782,0.22818717885611028,0.2884450889235215,0.06405405640997971,0.06811627068057033,0.1945493546855316,0.157955490794853,0.308441966026588,0.21405520098887856,0.11557392155907394,0.033240536285696225,0.013356489866571506,0.007054975348659284,0.0021145581352484634,0.006461766858514552,0.003573847775391494,0.002170138740887606,0.0010528005590502416,0.0012232867214572076,0.0016316564448608899,0.0005525352786370523,0.0011953303679345406,0.0005718769662787868,0.001743595281081573,0.0015791831205448671,0.0004950754000648461,0.0007430526034905905,0.002008029580292254,0.014230882236305666,0.0102499466711378,0.016514792499024936,0.004640734582457295,0.005126400844921405,0.004052498069209893,0.0025965732566097903,0.0012623923324267693,0.0012876069284994246,0.006680229510925954,0.00255345854828738,0.003057954097305115,0.003601983996124029,0.0024008132030216805,0.0052103963054809495,0.0014994906072641435,0.0028228342678722983,0.004348010662970959,0.000741656691101315,0.007712179533513338,0.0020346895811837566,0.003202861339867703,0.01199822654600668,0.00048060256604141047,0.0038417672737046625,0.004246220451239398,0.0006631579226152526,0.007430271274125814,0.00044867998816078714,0.001968917551551953,0.000305217111765096,0.0010104990363906407,0.006700371249850874,0.0006845483897698874,0.002444031833747488,0.004484765510604693,0.0002147555638554701,0.0006722981589501602,3.5858371872657316e-05,0.00018938370311311997,1.4805986970417172e-05,1.1707797783199848e-05,0.0001719723378166295,1.9178269961999514e-05,0.0011899146465254636,0.0007164150133059039,0.0023666392979636583,0.0015320110246570349,0.0001685352595562089,0.00016899064066134816,0.00016474169831391108,0.00012912287285437942,0.00013762564078229072,0.0008077813955238818,0.0060821774814831114,0.0025062171121387243,0.010136458220615222,0.05324319424313621,0.018526053929485684,0.0909813075630615,0.008484571208820063,0.024311642948179592,0.09329500133910486,0.005070683147115689,0.05764253926589611,0.007208990744521758,0.006787682107528369,0.08621958137350602,0.021144955428170072,0.10693062776922323,0.030963921565131048,0.012339479706599042,0.043265535126205776,0.018744561289941022,0.037648779761182,0.0040113352505497454,0.004327388176390973,0.013538053652763117,0.004607351220267262,0.011260444453884882,0.008308729118474628,0.00977974927807172,0.024542778088033214,0.0029248122496281707,0.0025715141285156773,0.000935418527771764,0.0037288827384866657,0.0074837298583775805,0.002871446447774134,0.0253731707139207,0.006178752816033389,0.0066540269252329505,0.057490463852892956,0.019058684237914236,0.05271444059259509,0.03314609673861926,0.0534234074515652,0.09200998078295658,0.13889376227909211,0.09600978335381292,0.06750080548505008,0.03094854979876458,0.006351673992999072,0.003573947302943675,0.0011348243793054447,0.006129368691600679,0.027221188972380374,0.09930531466455034,0.14081111729653373,0.3380561760166012,0.3226813238927545,0.5370042035984034,0.9045670251658687,0.5696924464847738,0.5155953762190946,0.4498202540245435,0.3527991672400168,0.25553080762340386,0.26660267065127846,0.39328412751185415,0.28342473624305525,0.3927885601697864,0.22981725941913247,0.7471188108326718,0.5894483181935999,0.4111312985208463,0.2154278586616492,0.4145776603280735,0.6532394524611224,0.4355909947762607,0.25471403184429936,0.1797218746323242,0.13681500128262228,0.09693510219063947,0.1627775435585295,0.21519857739624776,0.45372681168275986,0.5661428879039279,0.7393642983210046,0.5342531881619004,0.5483259970155088,0.3832317179286956,0.3463892075243272,0.20118331526496802,0.2544579383949207,0.26690118643635646,0.17695407962451593,0.24753698069997912,0.16445437431555116,0.19489386300004205,0.12040433110732986,0.09181572809540484,0.2003552671066697,0.44179017899600026,0.3238565620853224,0.347870781917051,0.43651560023056346,0.39788778912601264,0.517901141426151,0.3554839497616442,0.5002901295921018,0.3823701590081427,0.47491145737401097,0.5974312888588238,0.9099113550038284,0.6530455165203756,0.7441639515958721,0.7140158513067174,0.5242695040435481,0.9268469253075229,0.9958936301511855,0.9339910429981779,0.7849400860124657,0.7831379961888254,0.828233693421748,0.9485488466779762,0.9947708875881929,0.8666765613662547,0.9526564439716984,0.8864659556147283,0.8325713514774071,0.9734231567254921,0.9321761818153718,0.8753963438287471,0.706991562653451,0.611891344819312,0.47386346724183154,0.5466897328671025,0.7305330117976329,0.6851624559052497,0.5833618342471635,0.5158290718044102,0.5769112926109364,0.49088694363743013,0.3633109933981153,0.7219639744063285,0.9538383844413671,0.9160343127258908,0.9733293811566748,0.8480365708327257,0.8060709932362399,0.9767735969020034,0.7930854570777952,0.8675291481934588,0.7986518093562305,0.6950303922409646,0.6880967285836023,0.8492328720411316,0.9679219798264163,0.7869282563901169,0.7281310797400944,0.9593647851773612,0.9688417119677268,0.8397573752186351,0.8329720159961563,0.8372536927783906,0.9583991168398487,0.8516663768537861,0.3777818963456525,0.5284255033623749,0.4510357978440237,0.17993587755637586,0.07095500447117474,0.026383147109960585,0.010377506713297915,0.0050420921259432755,0.0001955429919909213,2.7891111460943625e-05,4.6891923362029807e-07,9.66865002565821e-07,3.301514553196904e-06,2.0767568034298348e-08,4.82904175903668e-10,1.755119017259878e-12,5.934045893933799e-13,1.0549511296766228e-15,6.700311748193582e-19,2.5691783943402774e-19,2.5095190370686822e-21,1.7728111810848404e-21,4.2987877829071324e-23,8.159033302218955e-24,8.606298146139421e-27,1.0033527013634204e-30,1.3580724261757862e-31,6.489161710021207e-35,1.5499258165707182e-43,9.107978245495199e-48,1.77524774483195e-55,7.068527995352098e-65,1.981570812838336e-76,2.054991732124273e-105,2.0147604948976618e-145,0.0,1.8125553264456725e-141,5.528640932337126e-98,8.470614198603388e-79,4.40561913510901e-63,8.30773218530443e-56,7.771404629260282e-47
19.399999999999896,0.31723272112110273,0.39159502275547525,0.26124902718038,0.628357416821594,0.45322876309299065,0.2840715993306728,0.3005316046514625,0.6028296068451741,0.3273153599325207,0.5035228072729162,0.11944209078153495,0.10257386053168029,0.17217268160348867,0.06196950854640858,0.11888995068868682,0.015764172093486677,0.014626259816948166,0.08633772968785033,0.07289565336672264,0.15426405489281936,0.10186603594305174,0.05118924206176652,0.012888138700666425,0.004614333152480679,0.0038943497319373003,0.0009665028097489574,0.004111029386941168,0.0033898090173115785,0.0031477753921714635,0.00411480246869492,0.006117182970952083,0.008652859545904194,0.0035615071944241202,0.007592007660864937,0.003937428721496492,0.012502094328617252,0.014289815716192448,0.007077797690594402,0.008148563151503268,0.011880524668209897,0.06021327376773613,0.05356780098361827,0.06524537819586743,0.024967465934253516,0.02414223524060287,0.014130144001644382,0.009104554891278817,0.004659786434676681,0.004003643230039317,0.017985203854051515,0.006324889998296225,0.005561464427488993,0.0064445136304794315,0.004120752851836245,0.011177992847790428,0.0036253564444245646,0.005325693698804457,0.0058916093520001165,0.0010903433427478784,0.012533811757026692,0.004644519284607882,0.007485461133931571,0.03465295883848999,0.0016122741589363516,0.012893351638101402,0.010808417904533567,0.003609970904593313,0.03761623241941848,0.0032359057237571695,0.009024159712063636,0.002048425601476711,0.004857409585018025,0.01947294726860168,0.002256318772583023,0.010087317541614581,0.02315867631823836,0.00221175631663579,0.00633076768588307,0.0004231868951449901,0.0017702224900569734,0.00013571625825003252,0.0001289146113333672,0.0020560845387250066,0.00029808711891607804,0.006994158726179696,0.0030134478836165127,0.007740317553581084,0.004718909847281686,0.0004342660391457109,0.0003223625697011582,0.00035673927314030564,0.00023363315624451187,0.0001617561470055402,0.000836407904834826,0.010699941215113147,0.003798224873682124,0.016991503550873394,0.10718593901338938,0.04001347869735223,0.19948860727024018,0.0324811234987383,0.09668924375176166,0.3565933404743379,0.039522590617001585,0.23660514885625886,0.0410188650597133,0.03776106535815114,0.3049892283267537,0.16457289709272827,0.48586688758691055,0.1921392600996502,0.10122257022926075,0.20251322220141033,0.10816335045654138,0.16036239019878973,0.02494042065951661,0.026909315087173646,0.07276487253303202,0.02643797218654647,0.05796150569737728,0.059294147469551035,0.0824036594172673,0.16475026726108463,0.03412862390470203,0.026057051724031433,0.013715074577366693,0.03813028961348662,0.05443233208980265,0.028162152506512536,0.16420511097684615,0.050335431174535206,0.044345615360427935,0.2229204468824594,0.10713663933422386,0.2191570260921764,0.18580955914013378,0.20782394896870818,0.27459493715873606,0.40970629340921044,0.2132842985042446,0.19419163958140548,0.09310336677135168,0.01875259966705583,0.00943650244743528,0.0023670814799099417,0.008660898390936632,0.03925577869653327,0.11927415417319198,0.17963778135300557,0.3588907815857528,0.3532049532093013,0.5218624327439724,0.9430414153297143,0.7796882123830915,0.7425909051109507,0.7663978718636446,0.5532576179391052,0.4624507594867685,0.4619882516442606,0.6226499735629719,0.4089987305925674,0.5645383225612179,0.2819053508806983,0.8427150918664732,0.7881434434192536,0.614749189157505,0.5182653330563372,0.8906552750460256,0.8521552469911647,0.8847284743293059,0.6410022158038198,0.5354250441609834,0.37710089043326445,0.3643468719073857,0.4688253192890387,0.4814137379115409,0.8258204622464705,0.86844288922171,0.9331732458772409,0.3500049052863646,0.3254037873957098,0.1881510194629307,0.1590788098110188,0.06501454004052021,0.0878563912406742,0.102434151848405,0.06211624135784271,0.07423708292358702,0.04688760590324607,0.06764200223260235,0.04972689743418684,0.03790226143424547,0.06875688561168242,0.17598720066023898,0.12998876965053366,0.11707625696352583,0.1497319986868761,0.16023191435158946,0.26812244598079743,0.2038668908486899,0.31884509862838994,0.26617714569761175,0.38208239368890856,0.4328523398298138,0.5959431538065492,0.4979193254837488,0.5382239498014295,0.5327395418169734,0.42422519690788985,0.9565775486714606,0.8223486172750266,0.7634277121171155,0.866530056995233,0.8646171592627131,0.5035300672769829,0.6176566936862348,0.6404999456954871,0.7635088660589148,0.6419367557115231,0.5363600602870207,0.842317214371238,0.6804887794938669,0.7737884193895328,0.7746946333961172,0.9844642009794479,0.8211906421989098,0.6406402623965041,0.6440551363938516,0.8060026019108903,0.7287664226921876,0.5850555908569357,0.49178713655137163,0.6015690209089687,0.6384794190121745,0.5579232111479323,0.9022507035939022,0.6600617864028655,0.5504693467436512,0.623515843918967,0.41038887994606127,0.35670606260432286,0.41929409242204346,0.2793069621073746,0.3295949499761759,0.2842305205953111,0.23354075421389045,0.2826068026508542,0.4325545263894026,0.596928781713879,0.4771440882880961,0.4720452355856119,0.8309142822856371,0.760531029264431,0.9923638590678666,0.6530179793343023,0.5838196064851723,0.7034317906916917,0.8389492306977063,0.6038481120867393,0.8416956628068881,0.8114034945690691,0.5927617799109779,0.44201268334908034,0.3669564452279178,0.2233104719222156,0.0856423219920118,0.005863466129666938,8.875960801928232e-05,1.808018911332386e-05,4.3988160822801475e-06,9.079195441241486e-06,6.403087278851836e-08,1.2965896072435061e-09,3.668722640546867e-11,8.443401129703717e-13,2.4681312910392595e-15,3.3338186315842425e-18,2.1884437407679185e-18,2.168138490886913e-19,2.462953172935089e-20,1.411471310193558e-21,2.841027435296268e-22,8.363073498592553e-25,5.775263163101012e-27,5.468002190674321e-29,2.218538705461294e-31,2.686396748984337e-37,2.4350682333724783e-40,8.111565734950045e-45,8.492658238831357e-54,1.0144005195971434e-61,1.4074774442227395e-82,3.293259953147116e-106,1.8125553264456725e-141,0.0,3.091688366613526e-144,1.584344518598652e-105,6.605572983748714e-81,6.249859782741536e-66,2.56692104707363e-56
19.499999999999893,0.5755519045156219,0.7880473490000307,0.621730757114049,0.9670466858734901,0.6636135291258133,0.3999242201064593,0.33366197411175785,0.684733666651635,0.4200780878022181,0.7210911962538978,0.2346443210427767,0.16459234077448864,0.312184776013154,0.12663482897596726,0.2504020204116788,0.02858831201375904,0.033789299459321194,0.1981452685648454,0.14533999849147353,0.19854249422861323,0.15580253588389678,0.06523145276140078,0.029995380701181875,0.014807855772946377,0.009127044160057596,0.003140073055057036,0.009033715753079171,0.005494354856816153,0.005264157793896283,0.006349220383953581,0.007420839096778675,0.006943731594499794,0.0027095043647423415,0.0032859953883892274,0.0016728053504549277,0.00885061754394824,0.015652102578029497,0.0069079670102944355,0.008295582341729349,0.011009414722270721,0.06167800825651252,0.07239165933780864,0.10774741330342895,0.05223953082658988,0.04019550190475037,0.017265901036693513,0.010700962607440167,0.0037935779006575206,0.0034257200786910473,0.008437839290401082,0.002856638583796644,0.00240346353920609,0.0033292459002536167,0.002647663713575279,0.005284841324591933,0.001313193864264043,0.0019932078686433078,0.002792239912487908,0.0003401411519999547,0.005419236311517218,0.0019402943002176348,0.004627387608770607,0.04843207344383829,0.001998007522839078,0.017478963932205147,0.013040694630612573,0.0059133837826973205,0.06833489353893576,0.0063583215007404666,0.018715698309541562,0.007631184229466341,0.012330477788252293,0.06174842205427105,0.008729537798768805,0.04572972807003827,0.07016305448214488,0.009126831516009857,0.021826690975946157,0.0017450689808177812,0.008784135434133119,0.0005180170158196271,0.0005115452759624055,0.006678836596940662,0.0007394813864495626,0.012222308956578661,0.004623132377779954,0.011439063014408096,0.008039252278277164,0.0006406792607285317,0.0005387153303114884,0.00043765525772784147,0.0002588948217566278,0.00013343040281775263,0.0003300313062374362,0.005829547386060489,0.0016161615308437894,0.00873984424321973,0.06505621926777544,0.014907574717173024,0.1174073496753981,0.010581084559544422,0.035456963472381635,0.24377116890578515,0.018827470710365172,0.19131435184915535,0.030178374827859913,0.021316160302323393,0.26058420544138455,0.0983466574549579,0.33468912234542103,0.08599243744575959,0.051654735676676,0.1207173960201671,0.060547079772138857,0.14180470000838025,0.024682964052681916,0.025906831015261724,0.06103125809793758,0.013501677623096177,0.03631165918603233,0.03594858216517817,0.03704217761399175,0.0842656832193335,0.012944724249824268,0.014064673353187868,0.006299333555038808,0.013631553222562905,0.02632367155226009,0.012481828635340739,0.10190859441100994,0.021048793112559902,0.019371744223105156,0.16293910643647294,0.07088175004167646,0.19840213592310146,0.13616396565190744,0.1738693530441911,0.27011595920923276,0.40493741545173045,0.156374010093129,0.16964426521583714,0.08822231094124647,0.023091016184704893,0.014717086741611759,0.0042247998472088365,0.015631667621101922,0.049051623605335375,0.15215185278408266,0.17675851904069492,0.3282294617220388,0.36179526914415,0.44416276235019464,0.8658999680465442,0.8951507873733808,0.8363905160790045,0.7710647760797502,0.6720826834105343,0.49758444629866644,0.4895247690378098,0.648852537490613,0.41764637435370316,0.6589519458148295,0.358591004132477,0.9938553444709781,0.9323162967865439,0.721572515651096,0.645554620596276,0.9918823899221015,0.7991329172719103,0.9138745507363643,0.7509116860387167,0.5895442035579362,0.48439158997332354,0.5113040695744034,0.634668637968831,0.5774005323297139,0.8742128696016968,0.8562754723684548,0.9467287994217571,0.43537379193749537,0.3363323375917376,0.2258270180999034,0.16144107515683698,0.06889729527112437,0.10148025638644291,0.1267906108984615,0.07178830952966701,0.05876014353611303,0.03617394705425818,0.058929513986865543,0.05407025527709193,0.0461547184680091,0.08629848281253155,0.1901545284742478,0.14847779313393006,0.14238125092789103,0.20501139925809983,0.21987026567672363,0.3652384981835144,0.302884658519114,0.4319006151429785,0.36883929725854775,0.5019557851934049,0.5175131608728699,0.6565123585107697,0.5261400397171004,0.5334642767351568,0.5717890306414992,0.48262885497401,0.9887794914311238,0.9340760841302207,0.8774592442637063,0.8896995008390517,0.844824180964917,0.46513579611829664,0.5471954250535412,0.646793379527972,0.718536624193393,0.573774714852064,0.5419140469537181,0.8947544840823268,0.594004825363329,0.7079130180697979,0.6729948600267325,0.9485898241276254,0.8407521203449593,0.6196621917525035,0.5981525637754539,0.7050975319001763,0.5049239783073868,0.3049690986088635,0.23801651719838454,0.32144350221778006,0.4068415397045012,0.36305767503118763,0.8049398481571267,0.906889722974492,0.9636481265767017,0.9619048843267646,0.639269015427953,0.5365560909640256,0.6519231207284157,0.41929700845694967,0.4162392450151219,0.39152757540565,0.30710447036758975,0.4502703454267312,0.694151580837122,0.7507548928426009,0.5982897726710884,0.6779118728035548,0.9293316488499485,0.9999425045820237,0.8525574610462185,0.9171705939089673,0.7332713837303089,0.7782680885744977,0.8782405276683255,0.694701987465888,0.8265890671770398,0.7642560370983712,0.6922563923946391,0.569865684679862,0.4892077378644096,0.3228793785817388,0.1275234794823731,0.013480716221700082,0.0003769433238364386,6.19765306682843e-05,3.030509799571806e-05,5.1388651430931594e-05,7.215045434757824e-07,8.450776823495317e-09,8.812756998719426e-11,3.932716460579595e-12,2.079616977716125e-14,3.358927980536187e-17,1.1476339838850781e-17,4.376628072524336e-18,6.311061088348367e-19,6.441524444247323e-20,1.59374864649487e-20,3.5611623282476455e-22,5.976157578038093e-23,1.7600561174710622e-24,3.855785872659745e-27,1.9232902302551627e-31,9.321221631069328e-34,4.316903163329984e-37,4.905412872488183e-45,1.5468156852213006e-51,1.2279290187148376e-65,2.777607472032351e-79,5.528640932337126e-98,3.091688366613526e-144,0.0,1.4897178102996914e-145,3.7347879855118455e-105,4.5710994795726316e-82,1.0619596142944019e-66
19.599999999999895,0.8798893921918456,0.9262349500556836,0.7298406592639967,0.8485182589237018,0.8613645844806741,0.5256112618989215,0.5574615065662557,0.9214146185479863,0.6617242438333636,0.9731002527207753,0.35181149578239285,0.311983264141546,0.48231829029485035,0.20012617373136474,0.3541180353848051,0.06232177226315903,0.05876944564068018,0.23878863518127724,0.23716505510710265,0.34812581245663843,0.39698662461780004,0.21208771164135326,0.065751639441547,0.04606850737526378,0.026894474812531717,0.009103679376054696,0.01838857852302098,0.010315224462608828,0.011156212069061979,0.012682165304414145,0.007738233921779922,0.007495749238862268,0.002542165728936449,0.0024737962063236412,0.0012945398320009652,0.009254668754337527,0.026202534499134927,0.017803714651844646,0.02408042831994017,0.04439389705725521,0.17234919212863742,0.19542631448333295,0.20825089632305155,0.11996416739817758,0.09106373134381407,0.05766733252052492,0.024172930635965918,0.008954926959613557,0.006259325706347664,0.02597043362286955,0.013281948422403577,0.009729382598091628,0.012259417672309333,0.008667122909798207,0.018144380484499883,0.006093257100574013,0.0072566281055029755,0.007982819611782372,0.0007191061491425618,0.0155595499866574,0.006055320332958398,0.014291902790268315,0.07276128915170568,0.0041976765543581505,0.04642521777939247,0.0266002523714903,0.013122589264901912,0.14515518346676046,0.023428998905606697,0.03729017050793751,0.011962963797017279,0.02306501655990319,0.13694522345759574,0.05022296719326525,0.15446701552680955,0.2846039544138511,0.049806516374053665,0.09568092821642514,0.014495443253680976,0.04628549167713752,0.006285929805498531,0.008464549889011717,0.045940910812876816,0.011661091028426936,0.06500625327254338,0.025300981819857345,0.03940613357954519,0.016772374966982286,0.001761384459193135,0.0012977064801353625,0.0010934309984007482,0.0007441622320930954,0.0005561020940861535,0.001263704893387081,0.012166802697819843,0.005012219939421303,0.013444613679915085,0.06206390744185794,0.020832650113970442,0.16770576380208504,0.02814488839076247,0.07958313876254898,0.4157650436094872,0.05676414074546924,0.29381185612242194,0.059540958342231186,0.05761139060762967,0.34750343745261053,0.11843543911870758,0.373143278528176,0.09523584509942086,0.049103131569004206,0.08971750777232292,0.040737391223988964,0.08475324192153726,0.020922734803242606,0.018329475985826352,0.047264874143359406,0.009063832262044645,0.029567060451241797,0.03413094203874045,0.0336753534002574,0.07598919656662179,0.008606511378773976,0.007310476546802743,0.003336006877233041,0.005679686241533255,0.015527097245305559,0.00837790740312273,0.08980160592698762,0.0195588611899142,0.013193542960850648,0.1184660991898767,0.04193632504757482,0.16493363342137873,0.10803887414518495,0.1305907805260857,0.21129647769891258,0.3224556697333067,0.11662662151598592,0.1214248394721511,0.083522816956239,0.024225454660328608,0.012691493129963349,0.003682105185190176,0.009473809014347447,0.0305894598073252,0.10720392430863697,0.12556320603596036,0.31909329983783796,0.3656704610076224,0.476230392375516,0.8004389555776061,0.9976883400654475,0.9852895098891604,0.9197355663759669,0.9468453921769865,0.6999109499170569,0.7567148271592428,0.8937632759774191,0.5823657271840049,0.833424848823066,0.46390883733491006,0.9771340176133555,0.9910266345921669,0.7365061082150975,0.8015317068125479,0.8547778374489424,0.7345373496922628,0.9612338826256365,0.9137539511178464,0.6936393048638313,0.5802538863236446,0.6051698765936941,0.7579280314108384,0.6655596099956851,0.9993818796517963,0.9654915975027755,0.7741079066808572,0.3482835052213744,0.27952990616724854,0.17444053389651473,0.13210036267333586,0.04799968078601031,0.07362977357659917,0.07726985699346002,0.07365745119707812,0.0702206118314471,0.054760501907631334,0.07903051477579305,0.06996069917076893,0.05094650884019892,0.0801489760504809,0.16383042208274382,0.10658170625081033,0.1236095348910445,0.16622763730163337,0.1600679867147089,0.2770248469034869,0.25047817272841577,0.45789991599092195,0.3801904879798707,0.4412122152342622,0.5220131941100441,0.537511677647739,0.36174789476231434,0.3216611275713707,0.3719801440170034,0.31483507256689924,0.781073591042647,0.6766220234603231,0.5680226359169992,0.5359370605491939,0.4460160829981195,0.2103582069741772,0.3098599360038713,0.39157848360844233,0.44721018257477957,0.3419896632678608,0.33137996673995057,0.644109785042678,0.44708041832110484,0.6095596345242676,0.5758241017290061,0.8944758791443864,0.9484351450152568,0.753758299222725,0.7140455813250091,0.7760494730583932,0.6013004503426057,0.3864024200395168,0.38619764855453076,0.43859841221561957,0.49599890332460506,0.38252329845060945,0.7692087621604274,0.9569458789132979,0.955026470154379,0.8400566171677522,0.5815473793801498,0.43279859054080777,0.5273928543451478,0.2785018205516096,0.3421564761556876,0.35888952275352975,0.24933872264890292,0.38232224423239025,0.6527662064664329,0.720283897475114,0.5454466803395399,0.5489032336612996,0.9216315447525967,0.8789276103086127,0.901921677492912,0.8918833967739127,0.7707060821866492,0.9609402797598822,0.8883267843618895,0.6159622864469669,0.7592003528615872,0.7145242057198617,0.7571724316848326,0.6799000664456751,0.6657939082154298,0.4230102363874319,0.1852300655937234,0.018681851679816352,0.0008034084863589252,0.00017290464614018393,0.00010874855142847566,0.00024534644278528513,9.022613984267487e-06,2.9370519152596783e-07,7.950438428444967e-09,5.622520273681906e-10,8.860315731104439e-12,7.40294878812741e-14,2.495041956681329e-14,7.337976394914708e-15,6.821908626185065e-16,1.0634160586817987e-16,9.635784583473761e-17,1.1112895334009238e-18,2.1099689026686512e-19,2.4981859680086885e-21,2.713245892316246e-23,1.9435257251070223e-27,1.2786247325735992e-29,1.533876926024451e-32,1.3969882936794086e-38,1.5954615675284884e-43,1.7347263127283484e-54,1.6330240526709997e-65,8.470614198603388e-79,1.584344518598652e-105,1.4897178102996914e-145,0.0,3.3598559786055172e-146,1.7319894240758408e-106,3.522997487447217e-83
19.699999999999896,0.8935514453718176,0.6677533472903033,0.9878094991253574,0.7020356835106687,0.9987925255721086,0.6432408150600697,0.6339273302416986,0.958723612799084,0.6215007084437371,0.9600225297770026,0.29865178968051903,0.27236205947717623,0.48689795720016776,0.17215502846237749,0.3446241765772353,0.0666465984612864,0.07429924906613342,0.28657125311527,0.2708481019274672,0.3701171202220124,0.3590509244958087,0.21650432156612087,0.08809450758087041,0.06845657087341887,0.033667481415736285,0.014776236164447565,0.03158097492143374,0.018885783813649724,0.027460930312577927,0.03151408948999953,0.021616147268194247,0.027689073617050464,0.00871521164908027,0.011212299087880899,0.005901716746329638,0.02735476574775124,0.054350294143017466,0.028071655233511194,0.04563515001805039,0.07315432058655101,0.16277611501130107,0.1691063241235191,0.15180578888526972,0.07359662502796314,0.07697819658001684,0.038820862402674676,0.01982127980063794,0.007066858109369039,0.006293291744606049,0.022871650481518204,0.010273676066562905,0.008555826875576612,0.00807102489415727,0.004723451075042086,0.015174471649699843,0.004277401274979933,0.005542201439050894,0.0050872247678210546,0.0003790651266479812,0.00906802685357682,0.003850276361813966,0.00857568790831217,0.07936888487781414,0.004972458077375008,0.048122250317146904,0.02399445244888113,0.01232269507523294,0.1355941871302362,0.032312509822072615,0.04828450497562362,0.012327846897791405,0.01700016437444452,0.11822573608224883,0.055263481059781384,0.17274593393218068,0.29763791314199034,0.04860734955112175,0.0924981856828801,0.013904595119278268,0.051612202565308976,0.005596605456751052,0.0065730458199137,0.043677906027966173,0.011344010613874526,0.06583031728580406,0.03311506933128571,0.07116375903849244,0.03499959243122211,0.0032286435857616868,0.0018946019703809495,0.001424060880787238,0.0010627271768842554,0.0009393765342607725,0.0018454017441859542,0.022527268139570327,0.012421225138267013,0.024423794752101557,0.08702504359560449,0.019992606048423782,0.167667648422282,0.024149469394466903,0.0683361220008529,0.37273659470886367,0.0506048262536361,0.2890780544958641,0.07488812643533795,0.08370934715752022,0.45089365986851565,0.17368476449942133,0.5503266501136279,0.16844448672979076,0.09933970524821154,0.13977847766528353,0.06769954328364894,0.12445986439095576,0.03364358594455728,0.03058416715950879,0.07009466049380929,0.00948948026804383,0.02610326953371178,0.02095361041282138,0.019481887575721703,0.0459426505875302,0.0036233612746802177,0.003884617463406145,0.0012417515504253745,0.0025567717864616872,0.008704603217488874,0.004817247114989549,0.051128194079740875,0.010704404338789738,0.008104783669633452,0.0943667093209655,0.033068591824514035,0.1466826207939173,0.08463214125236139,0.09124807022861513,0.17729071266237406,0.28385179786195996,0.1017319378105451,0.12245549555066229,0.0857826422236273,0.03092821895290753,0.019828462493009142,0.006326813041819594,0.015016660398402484,0.04010633520899147,0.14295363601697045,0.14717604754847854,0.37357976973458445,0.5014659230280089,0.4988729771220204,0.751551183782632,0.8080002084082297,0.8087376052409442,0.7329620514420514,0.7141905931980863,0.9898553333074488,0.9300776861687694,0.8412985648510556,0.7546342282409129,0.976769177415575,0.5712356516926131,0.9065403456396682,0.9026223961175387,0.581071252635103,0.6695034531514074,0.9636211069923806,0.7980282754150878,0.9886382708205314,0.8191175139040571,0.6652363336353099,0.5603543196337977,0.6288328146092453,0.7879056831683204,0.577265470047741,0.8349632287598273,0.8886821985290977,0.9431842767507851,0.4816086637098055,0.47261139269980623,0.30108896765821763,0.210549200033311,0.10970057495029793,0.17555803255626112,0.18861206497544417,0.14828622295868363,0.13368814977423185,0.10785631392760829,0.1702105172953087,0.20503066629685177,0.16903461212459756,0.23870797417842113,0.34110365706055634,0.1882726306348465,0.24019537968520585,0.266885874601827,0.25045955932063263,0.37249334669397854,0.3741681208920855,0.6836327198369951,0.6061391843198163,0.6921666185865181,0.7819679609023152,0.7785174857602877,0.5051912533668087,0.4146808061138717,0.46802555817109553,0.40658160286913547,0.8808890727717785,0.8096829563173797,0.6155715186748366,0.5456779869966132,0.4212942378257301,0.18237572973560984,0.23693004458682873,0.2562176654758457,0.26752893280213474,0.2172229953122559,0.23182504270114065,0.4474631507011588,0.3125996470129539,0.471692692052245,0.4668787204670683,0.8773569920139962,0.9943953981215736,0.8334852886413477,0.8600388421554798,0.9517301400283424,0.772041377551202,0.5483676716454219,0.5332401550286371,0.6105062840425202,0.7161479958005634,0.5652101426023873,0.9451117574081186,0.8575681614338522,0.8724315504990714,0.8643998321017758,0.7083535770587331,0.525789675163614,0.6076493078614599,0.3211366903010141,0.3495404249848379,0.3412122048927009,0.24213494730897472,0.40182874486914966,0.780001060333641,0.8077603816028669,0.6731646222201627,0.7890235501977777,0.862581382336244,0.949632972853224,0.7181128633544112,0.9043272615493431,0.9980999447908271,0.8695354464573589,0.7148100977770814,0.5358273110300311,0.6474987928165166,0.7738025176992216,0.8640657690812138,0.7650870206814505,0.7541695407626691,0.5223467515533979,0.2382707313300603,0.02832412179658825,0.0013496391940832119,0.0003838494390613855,0.0002993564587596185,0.0005781079768456233,4.173790117554225e-05,1.637044614662935e-06,7.550733944258022e-08,4.285900553494661e-09,4.8871015339737747e-11,1.072585454436896e-12,3.4858945568355356e-13,7.674087148273811e-14,6.273543613754409e-15,1.8676190989880803e-15,6.228584552489907e-15,2.636395531728686e-16,7.727244924679214e-17,1.4285264475049829e-18,7.300790339587807e-20,3.708125687606883e-23,1.4301208492038205e-24,1.584032791648995e-26,2.447953179981904e-31,4.747409258641608e-36,1.687378167104993e-45,1.3282104646223042e-53,4.40561913510901e-63,6.605572983748714e-81,3.7347879855118455e-105,3.3598559786055172e-146,0.0,8.869796252790801e-146,6.069747359789997e-105
19.799999999999894,0.7043935535473158,0.4485738888088791,0.7066955509142125,0.5403309540918765,0.7912715778490861,0.8098583222698259,0.8310533966668225,0.9099325266950917,0.8811194789442888,0.7554391914399583,0.6227100381231163,0.6286802896912963,0.8843229585364961,0.468360228061491,0.6021229515271218,0.16155351140026047,0.18667345405659244,0.43727897212284866,0.41867946616626506,0.5309235394203173,0.5265336610836459,0.30468114652858924,0.14199569167446446,0.11634050070923026,0.04945788568012135,0.01983602296076351,0.02753100203647306,0.013803756177793492,0.015597382446221738,0.01502585004488874,0.009292509926634086,0.010813381058932503,0.0036875174176821406,0.005377582113457018,0.0029638791307852784,0.015311992285472432,0.03620395165975467,0.017774038098043926,0.0457359612846474,0.07257274787545526,0.12985120964155236,0.17262731507781712,0.13673911773094716,0.049539313536837964,0.041535715574030616,0.018705518203120743,0.00770918960875218,0.002104034426237501,0.0018161321269577974,0.005542456525415569,0.0029512413143705537,0.003471636045176802,0.004772586666672154,0.003515296167563369,0.008805108346425632,0.002301761072742962,0.004071034122650764,0.0036478495875709423,0.0004905184964148066,0.009403068754449533,0.0036859095956129433,0.009833281948432063,0.08996765328723394,0.008280918104916116,0.07483625305575266,0.04881397793125541,0.022663147732329803,0.14138627187993386,0.04679189889116517,0.05738886013389945,0.020935828046458237,0.025653806231842925,0.12032805880728524,0.07397106366922636,0.1351048488986776,0.22160398731396153,0.03098563349547653,0.06557029988024421,0.009649898508671718,0.03760657409631102,0.0047316810363078375,0.005990908911832413,0.0336037156460902,0.010305758207074982,0.057713170783487276,0.02278965604794629,0.05316965412878486,0.026596471140572876,0.002036739624669861,0.0013394088015888695,0.0007095218428433475,0.0005703989855156973,0.00030652135570575443,0.00027290518603316076,0.004659253774721268,0.002431921432358413,0.003785653570721033,0.016494237467074117,0.0024248754250422735,0.0291263826775687,0.002284405260653027,0.007113361145227778,0.09212930755884051,0.009004561367446007,0.08105944235100226,0.016135049841493596,0.01974140102468084,0.16666590519995977,0.05425869827458857,0.21322292183606315,0.06337443139585629,0.026317265153645544,0.037528126141119646,0.011623008879024397,0.023356037040380397,0.00564327809002643,0.005415258767661119,0.0151640650266116,0.0012767206105990469,0.005032952214666084,0.004737651495956245,0.0029389047190562846,0.007227528436134672,0.00029062072502334676,0.0003747776122935865,0.00017869943905456215,0.00048520251636188343,0.0021566831113579935,0.0013159928642912668,0.013984399575196309,0.001686455003505433,0.0013976550741382386,0.02567794442320913,0.006273938909700382,0.044102096206639886,0.01886978148568684,0.01987330710985138,0.04985124172361486,0.09117593877661348,0.03470021087215697,0.04574088806753876,0.04000847463887199,0.014382840243622215,0.007721684742032652,0.0038551972344205094,0.007303343900564232,0.021140403466499265,0.06756095877250076,0.07207195443272521,0.27265563313671537,0.39994452893339705,0.4226820208599348,0.8004028366680863,0.8971396888809835,0.9988021934674063,0.9459732502590165,0.9717024798970431,0.6470115766674733,0.7308710787516398,0.8630063268761579,0.5110994878287968,0.6735148075608147,0.37639121691554384,0.9173958664412714,0.6323833403304833,0.3289653021641463,0.35100905412704975,0.566502880260792,0.8046315425551536,0.6516444279895408,0.46489187949023697,0.3043690603734996,0.2902206654090046,0.2865135083481845,0.3685741151327991,0.2730744819088335,0.4718425187242022,0.5706777077678995,0.7099869950903197,0.7386979295186346,0.7701819290765823,0.595470024725495,0.3703241447239892,0.24219300806272856,0.3326569462142015,0.29767866455701303,0.21918201304847415,0.2035158304952137,0.24217814904747495,0.31425761684521264,0.398253927586384,0.3736163090678584,0.6005226283547221,0.7891707833533605,0.5244164138755715,0.7715137338572203,0.8062122217053541,0.6755950444209149,0.7451704861368909,0.8298416907366416,0.8402399559315786,0.9545674262126732,0.9824933858039614,0.9209818983236651,0.9078624793463059,0.854443555258192,0.7350642646780625,0.8382970995488992,0.7125716812830755,0.738291439157035,0.718221035183737,0.8991940886659442,0.9677206826258149,0.7935097572936909,0.43044374159302495,0.4767233622892561,0.47861575091346603,0.4652791504870514,0.36895500930815384,0.37883134068472707,0.5920295052168455,0.41471709904388143,0.6076405103916169,0.5450923195607305,0.9408963656644831,0.9866848559370702,0.8980055128779117,0.9048871221347138,0.9857481408718916,0.8474744709771401,0.6085101364127395,0.5869748055527559,0.5802589244313551,0.7642641535232207,0.5539687947809755,0.8444091896703422,0.9484939650781549,0.9852193565659297,0.9727500501930375,0.9232780007292112,0.7976444515897767,0.9241274940979601,0.7846039867402477,0.8476964011037146,0.9261510388854267,0.753677494300304,0.9534241513860726,0.6620209733660626,0.7873535299588006,0.9961450305886229,0.9677555365848809,0.6333113097152671,0.7553979597639985,0.4813884934001032,0.6848206818742576,0.8134500250642549,0.6816863262773356,0.5006084282336846,0.4297145127956353,0.5855408696074266,0.6705121174844206,0.6832037694996418,0.5054245315015452,0.40295764308357457,0.2500281243933373,0.12461290756591388,0.006314608735970607,0.0018335491877390251,7.277676341391903e-05,0.00034147478323402243,0.0005012728763564802,4.288554024791419e-05,2.2738353819236412e-06,1.0471221699923995e-08,3.6760346991122413e-09,8.194063541568036e-11,3.9016463705370685e-12,6.65421699301683e-13,6.977537992717349e-14,3.585040536470237e-14,4.926301186314482e-15,2.0380094975698262e-14,1.5582501738323174e-15,5.722787061616132e-17,4.738334835839782e-18,6.737942958772775e-20,8.911718176149821e-23,1.1851913854332655e-23,2.949848818840928e-26,4.555496171889594e-29,3.519401707841427e-33,5.371044436815106e-41,3.6643280352108746e-46,8.30773218530443e-56,6.249859782741536e-66,4.5710994795726316e-82,1.7319894240758408e-106,8.869796252790801e-146,0.0,1.5525282366287722e-145
19.899999999999892,0.8704117146753997,0.7813038816905985,0.8941781740958282,0.8579733289557996,0.8088900530176372,0.501983390745926,0.4846586328938948,0.7654888762353612,0.5397569587115109,0.888212416561065,0.33042031912571196,0.38690332303404246,0.6236450164693488,0.27682704152599713,0.3958510354611986,0.09804963580436923,0.10744221121706458,0.3444667908152493,0.424339301210617,0.5677612669897628,0.5091841355152739,0.30645557737618473,0.15202285068890975,0.12995884850905337,0.07273457784240073,0.034846882750013325,0.05943186896905481,0.035434407030845855,0.042784006406892075,0.0456974862997095,0.036538141450002004,0.053571747299426625,0.02549590770722099,0.05389808283141689,0.031129881233900723,0.11574772838930841,0.2069332826058939,0.09372803027937185,0.18240686292566818,0.21839372391307624,0.2861423050970674,0.41432431460285024,0.3444172329886028,0.13573674388181034,0.14453965704849944,0.10361871450795816,0.047476254642404646,0.012668378352561484,0.016658943757936216,0.03674884056990601,0.03312737145709077,0.025946736140659402,0.024494874374959386,0.017346668942103564,0.02575928577655599,0.009874886713435754,0.01034044730642337,0.008460659677841148,0.0024502611535008874,0.03779485464651498,0.022252496545591683,0.03504356018887056,0.23880373714143452,0.03076640520279825,0.151936334490531,0.11254672087624999,0.07092205972592888,0.32462351943491097,0.14117319746430876,0.135249584074779,0.0512531761254595,0.05516719994501429,0.23729701788532528,0.14368328903441305,0.23205221009933813,0.33328440458848624,0.054036551881309444,0.18054013637641783,0.037660644527344,0.1232447851807584,0.016770272237467333,0.01501641616187295,0.07831865802744281,0.02345797295279242,0.10296263952089856,0.049696082842037394,0.1370942695413918,0.06608099297972721,0.007550874222452813,0.0058240024103072925,0.0020305680419178043,0.0035580307696191993,0.0016323430238504692,0.0017079029897638083,0.012915117956275108,0.007320194237663849,0.010573192663529764,0.0555670695027117,0.011933064402733512,0.09203002356143944,0.014519219610613164,0.04067938281629867,0.3080287456500847,0.050908592788363315,0.3001533144052051,0.07100960219821349,0.08873899454167636,0.49697249479122807,0.21716100851385836,0.5745395063732999,0.3049393085462614,0.16926997943468067,0.18354764189010486,0.07731725060923651,0.10387515227941724,0.02607105201495537,0.022520214455891505,0.05144416664656107,0.005275015884576303,0.015369112049763016,0.013682714558325083,0.00966062419913767,0.017453371030416075,0.0011497614980650632,0.0013914442466132688,0.0008392218678258884,0.0016626764960213343,0.007158506488764391,0.0038583197574115404,0.03549668103366214,0.0051917848862929215,0.0032607232189571372,0.04885418967084404,0.014892128151388245,0.07584391821552325,0.030981543337003686,0.030580254793230132,0.06237029579483379,0.11383601555654749,0.03343344349331661,0.04274689293533455,0.052548096455490204,0.016917816157895824,0.00863656274581078,0.0033399915094249983,0.004635546666338588,0.015888973562077885,0.04668772073490008,0.04927946037412853,0.23057307415712,0.32963759193326,0.2467455663835723,0.46718888351192683,0.47584191780065443,0.5663175336675493,0.5525943989012001,0.529815058962723,0.8394868230987986,0.749106858039392,0.5931581408751991,0.9902943523424991,0.8061942353630385,0.8229821169407021,0.6029010059679805,0.8700933955451011,0.7504588565480214,0.910390376097247,0.8024887597015226,0.5903615666806421,0.734018447481472,0.9548656509257647,0.7373973240027161,0.5932898466376845,0.6277892294008017,0.9594405926159989,0.6603270674359109,0.8424658593859915,0.8413743132125577,0.9582018635105986,0.4783398293933264,0.586507317084351,0.5526217798864953,0.3634192402061566,0.2747580034597116,0.3853517975334446,0.34988561031772525,0.32351904820980265,0.28182549756587477,0.320055349706715,0.41968592557855156,0.36141604929244975,0.33679956279311823,0.5131781854800015,0.6024123860534083,0.3638660205579894,0.4829953786198207,0.5224612648677955,0.4977698512943111,0.5603708078445823,0.6412576739870461,0.9835277403054408,0.8990009885066642,0.9403917889072418,0.9519509420678988,0.9498261201502726,0.7360342186706027,0.5788742439188364,0.7427125084443451,0.6388422000121722,0.9182268155179216,0.9180935198136925,0.9376441613463667,0.8728895503255628,0.7619470644582769,0.41195054914207757,0.46933087111499583,0.4827975742541251,0.46771394231959834,0.4106721150960278,0.4048694441074427,0.6447071125377439,0.566780296065166,0.7570811672673976,0.7100612434052793,0.8671554853707438,0.8649361393204534,0.7290135138020508,0.7834215245421683,0.9055558333568682,0.7849632845640756,0.6224995408872073,0.608924953434319,0.5839195666948228,0.8342059769646792,0.6773877238738242,0.9778468066072976,0.765028278077463,0.7838725191716109,0.7999510401002843,0.6954621626733173,0.4896932676711232,0.7473220743330395,0.4666174084800333,0.49574524704566775,0.5138313311317269,0.38906119879383666,0.5716077173676861,0.9225274850842665,0.8480137383526974,0.7211761155995418,0.7880753116212265,0.9966417185557145,0.8344209931925162,0.917064624654471,0.7966294982869829,0.6482001526462259,0.735675107493382,0.9399695531538222,0.9218050044231376,0.882568534292544,0.7369030944375782,0.6799526447793125,0.872550516827653,0.9598225143600105,0.7771144559655992,0.5646326442784256,0.05970045694213806,0.008096986804220729,0.002809246457883303,0.001813970112448444,0.002974530006470473,0.0003467976023646815,3.0317262060674127e-05,1.998898958711845e-06,1.2415378347497266e-07,8.315534003504175e-09,2.459255134538929e-10,3.424499921294051e-11,1.3102785981950453e-11,1.4847400947118425e-12,2.552359688805497e-13,5.407772242471399e-13,4.0244611616432386e-14,2.0398280031540928e-14,2.488458579856377e-16,7.23719413876246e-18,5.795601669075201e-21,2.474001169353337e-21,1.815051491114491e-22,2.1233768213607422e-26,6.276703168717992e-30,5.8908478637462025e-37,2.8761824539766507e-40,7.771404629260282e-47,2.56692104707363e-56,1.0619596142944019e-66,3.522997487447217e-83,6.069747359789997e-105,1.5525282366287722e-145,0.0
