TRIAL,N,R2,R2_ADJ,-4.000000000000002,-3.900000000000002,-3.8000000000000025,-3.700000000000003,-3.600000000000003,-3.5000000000000036,-3.400000000000004,-3.3000000000000043,-3.2000000000000046,-3.100000000000005,-3.0000000000000053,-2.9000000000000057,-2.800000000000006,-2.7000000000000064,-2.6000000000000068,-2.500000000000007,-2.4000000000000075,-2.300000000000008,-2.200000000000008,-2.1000000000000085,-2.000000000000009,-1.9000000000000092,-1.8000000000000096,-1.70000000000001,-1.6000000000000103,-1.5000000000000107,-1.400000000000011,-1.3000000000000114,-1.2000000000000117,-1.100000000000012,-1.0000000000000124,-0.9000000000000128,-0.8000000000000131,-0.7000000000000135,-0.6000000000000139,-0.5000000000000142,-0.40000000000001457,-0.3000000000000149,-0.20000000000001528,-0.10000000000001563,-1.5987211554602254e-14,0.09999999999998366,0.1999999999999833,0.29999999999998295,0.3999999999999826,0.49999999999998224,0.5999999999999819,0.6999999999999815,0.7999999999999812,0.8999999999999808,0.9999999999999805,1.09999999999998,1.1999999999999797,1.2999999999999794,1.399999999999979,1.4999999999999787,1.5999999999999783,1.699999999999978,1.7999999999999776,1.8999999999999773,1.999999999999977,2.0999999999999766,2.199999999999976,2.299999999999976,2.3999999999999755,2.499999999999975,2.5999999999999748,2.6999999999999744,2.799999999999974,2.8999999999999737,2.9999999999999734,3.099999999999973,3.1999999999999726,3.2999999999999723,3.399999999999972,3.4999999999999716,3.5999999999999712,3.699999999999971,3.7999999999999705,3.89999999999997
20170111.Fly2.2,2026.0,0.20050492795769592,0.027329100078496316,0.0022841662319224836,-0.0038167600926238988,0.005783938391329874,0.004118303975210106,-0.015110091644824035,-0.03834091767741678,-0.003476547503365377,-0.021011441775869073,-0.026175496374864115,-0.04090144549497218,-0.018849647795455414,-0.01801307553807433,-0.029295433064453633,-0.006686490076059476,-0.020647829603095094,-0.02288035716875205,-0.002254439620895759,-0.022821242590620246,-0.02471799639187084,-0.01735435508258815,-0.005029333040219559,-0.038132400003025216,-0.01915081074534996,0.0005591452942681555,-0.025497609603900198,-0.014515739797898709,0.00724443007799554,-0.015266712003414375,-0.0019311091316299156,-0.01598140744035529,-0.025394099134444095,-0.014394343941511078,-0.02972643117956398,-0.012288811808508939,-0.013677296875098072,-0.019191503662415725,-0.03164079124220023,-0.031426599036106964,-0.04452286924867824,0.002072996888343937,-0.0323204787945596,-0.009428576075127523,-0.03635574203337372,-0.00327429460903045,-0.0344491938380012,-0.006890108864215145,-0.022885129585248323,-0.029004265122889922,-0.02206618298687286,-0.020733430459049663,-0.014796944356735633,-0.027127468812847548,-0.009711803786230867,-0.007966135218787397,-0.0224279288471324,-0.0014647584605910037,-0.03257476547717099,0.00041648341541101076,-0.02738855423394797,-0.010783938827357767,0.018104140548461482,-0.01356841708732024,0.006465245338237413,-0.012850515088550675,0.0010864702153122584,-0.006801102271480196,0.0011268817186428724,0.006787302455081834,-0.0010913980144150928,0.00046806852063344985,-0.02743358720568507,-0.0004268145479594358,-0.025174415838764733,-0.007833343277937645,0.005760665628350509,-0.0032176722216390296,-0.018970432652086523,0.008501307511945161,-0.02563976222725016,-0.0161191305917891
20170111.Fly2.3,1545.0,0.12580874878390946,-0.1406678392243823,-0.0038452547828937145,-0.0035977412500829906,0.02658939201241822,0.002440451804218105,0.051132077606801635,0.03249555409612238,0.00857676962301121,0.05162973645328485,0.028613913047443915,0.0069121148721824205,0.04331746406750761,0.007792767303422984,0.06491881893029078,0.0045588888226334836,-0.01506089595739949,0.04109265148341213,-0.006761978093005407,0.009268739293490941,-0.011324853033130675,-0.00019736305148646905,0.0064548451668016244,-0.05562242398682834,-0.014342614689527388,-0.05212984303413021,-0.015871832421865423,-0.04502313347459337,-0.008067812478285044,-0.0306000951097683,-0.012829150559159893,-0.048063615245161374,-0.008506371889550526,-0.02179219978344529,-0.019197663658990945,-0.03390488060463012,-0.04455768263567588,-0.01404182142544461,-0.05375137359809738,-0.019676529841363356,0.008207057540724193,-0.04826717179932215,0.011685967786027915,-0.06015813415046739,-0.04242709817678868,-0.007905988907026911,-0.061530641881618,-0.01281461340229589,-0.017976352167313865,-0.046053761297225,-0.009576639596030702,-0.009623166668377326,-0.017126566684711183,0.008437744265580215,-0.053697567489558194,-0.010463948817542349,-0.007575850814837658,-0.025762788650623952,0.03357424190748304,0.011522838783712994,0.027675016134948757,0.022439963074068002,0.04423870773068594,0.0011459433249407787,0.006987955823111923,0.05888898187301701,-0.03541279795239869,0.011800287785591109,0.040681487123446866,-0.043788739638355445,0.032207617166693556,0.01573652180014702,0.005335572066594352,0.010800781611872312,-0.02757475517133064,0.03852124045263991,-0.023059685542638816,0.023290714636172275,-0.04641931614084079,-0.015950443682237688,-0.027778184707942175,-0.017391117260558697
20170117.Fly1.1,2304.0,0.1312526130057018,-0.02995824231282751,0.010730914288395673,0.008570777712889107,-0.013778391369709302,0.006349399317070417,0.011870873985831006,-0.022389899863287255,0.02409146030883106,0.01816399875409893,0.014743501787704855,0.004681272738308313,0.014041535216198378,-0.024201805573613476,0.05730261998824249,-0.018454866439593674,0.011701551637596981,-0.024060650456610832,0.04744215727332762,0.0037468665670368877,-0.02439090062056678,0.03686125500562257,-0.010092891513567851,0.029779070709237947,0.025875157428565145,-0.02532804220902105,0.039333979857173906,-0.002263532749019241,0.03300788825711813,-0.006793092378069821,-0.002592114182516531,0.023768699372181963,0.047241647387866056,-0.0425634809801886,0.013606522275681529,0.007785156080769809,0.0090228730434228,-0.026603831830683187,0.021652973088927073,-0.0333385348261323,0.040115089692647286,-0.03394513432244943,0.00546363914229742,-0.009078495611424754,0.02831234201491059,-0.023299990242383776,0.019233054727756577,-0.01158228022801046,0.019413154936421394,0.03297751263370321,-0.02085703574231393,0.027756205451918828,-0.0012042037687234816,0.06612987882399429,-0.013271738076528344,0.03377494696901804,0.01468840930208985,0.041385601109988304,0.025646875507459626,-0.0012664988126078187,0.03764599564966393,0.0077685891910327185,0.038271991394561,0.03835727379399953,0.000658657666631376,0.014910367069635447,0.06715172728051656,-0.0032738116990642715,0.048923772941862925,0.023745513802699285,0.0488806451974708,-0.007807432273922527,0.081463511538272,-0.0029949170965627788,0.007934519240923487,0.05255998153206723,0.012211114473365292,0.030121730560677015,0.014556711607605568,0.03236513794917241,0.04152658773444895,-0.003698098674151817
20170117.Fly1.2,1577.0,0.25511779133728474,0.03404805092625629,-0.007815889560178348,0.004577978554029357,-0.05303915220914476,0.04406539278677221,-0.043111667860505236,0.0024403990218231407,-0.01401607390972006,-0.01467881839859077,-0.005361306280920684,-0.0054458710355136525,-0.019443006235649533,0.0006820223873096228,0.01085815339192701,-0.023247282376085185,0.014817344613737262,-0.02299884554027982,0.014117916976480313,0.020998888966845274,-0.007088762894902741,0.006837394637880196,0.0172742364718643,-0.008225067019214684,0.04725562546326199,-0.004367279130432448,-0.006281314782798036,0.06697974961655945,-0.01466011041023352,0.06340577544307996,-0.006681449372868738,0.07011416911822009,0.01845416735485649,0.08276100956688533,0.005984312246789053,0.06007539714964367,0.03295130923501626,0.032752844708934935,0.06774304045232962,7.285795646368338e-05,0.05959007768115911,0.058212962103829875,0.021372482713825098,0.04515424514586578,0.029689965163872067,0.0469485648787675,0.04032687366249081,0.02643578500277236,0.05822520603227722,0.030040586724570988,0.03866346020344734,0.05509976236453465,0.03674204967019007,0.059927428571980745,0.01631644516204602,0.04346655336586078,0.035349063200196276,0.05442741364492982,0.021371791471956624,0.06847056038222983,0.021022557465584756,0.03816334168420214,0.05281944562416767,0.032395498216552826,0.03971800085179573,0.07439284665221707,-0.002374554175855692,0.07507612451938896,-0.0017133863469787416,0.07053571497313892,0.03248037954683834,0.05094717317316366,0.04371100364518793,0.01860650602969173,0.04033337808927604,0.05112111158385498,0.0012985295009726242,0.06456957513345343,0.029023824884771537,0.02098818660109159,0.06004450814130522,0.016238526593076688
20170118.Fly2.1,685.0,0.18637530208274652,-0.7261009946468833,0.06543768871279756,-0.052527205765767235,0.11379203451540525,-0.09962721729631424,0.07692136225307461,-0.05288033860546336,-0.05087140152390089,0.042806401912576564,-0.04357398011607413,0.039759078837064456,-0.012335222219281457,-0.07695942640128735,0.056288873766347745,-0.08252763649339512,0.031633525730054166,-0.009225024545725624,0.05470503707346225,-0.018159224069244084,-0.0075426891567817525,0.04894805820003925,-0.010449224923922182,0.11953138487093459,0.055227959598139253,0.001103375776619786,0.11569530376770973,-0.06384645828512425,0.007226612556049929,0.0335557735016811,-0.09993752493903597,0.07715658385595038,-0.11134422790219563,0.11325202603598108,-0.0015432504428064889,-0.05359447776299029,0.06713345511240501,-0.04655356125477754,0.07363747305181066,-0.07423109394495386,-0.022115937659340727,0.03251786672383894,-0.07120263161794632,-0.029061530671469674,0.03761644648467809,-0.018890808286339156,0.007093111169831134,-0.052548270888092705,0.03946284883671208,-0.04017965944966371,0.018183028891464774,-0.055301912526962156,-0.010287604411070565,0.018679028449933105,-0.03035182797661585,0.014471197424320716,-0.1436498920148528,0.12463075582802499,0.014878430947363203,-0.10850854628978282,0.12111151074488931,-0.20426176191455092,0.03620028419768649,0.08406923274734479,-0.14497435116055687,0.12186033002520164,-0.08370066194963868,0.00634791446110668,-0.019913711596306276,0.003854771814976527,0.007097689985789222,-0.07201223270503604,0.059167400382278926,-0.0645076840825826,0.026888188233129315,-0.06984846851808993,0.04548849154076664,-0.09163730079099781,0.06741362229131775,0.03534472184082803,-0.07634803011322507,0.08004507897290089
20170118.Fly2.2,290.0,0.20277878127147753,NaN,-0.11775446387519362,0.13670917983690534,-0.15574991870336125,-0.0685022540132521,0.16760195042703604,-0.17501617890896531,-0.035159776444841764,0.12299786263485599,-0.20538246623726722,0.3522389172500499,-0.02808375917894224,-0.06392651831952223,0.3894219893337373,-0.03336144828358044,0.139898658581835,-0.2098331176370855,0.40377447681906836,-0.430641995148647,0.4491114614644576,-0.209374129650831,0.08152700145457994,-0.0867960096922591,-0.05326548525746784,0.18096262442180933,-0.10119123031154814,-0.017285611120432615,0.052085447387031865,0.027383478888265672,0.0018369976365277194,-0.05682693448246479,-0.008181730297817241,0.110673994730522,-0.09580194192041905,0.10991739021206332,0.1016516316273078,-0.28392452716677624,0.10725487525726429,0.08617955140777771,-0.19565932537381242,0.28131025776546814,-0.265393801364102,0.11327032532705672,-0.14395584536469871,0.2826371153432968,-0.5338463555842152,0.303986951648207,0.19372837868277637,-0.4292911935942948,0.11441578096441543,-0.17405174063743556,0.07743261828907805,0.0680763599053294,-0.24176214820362296,0.25017711256793795,-0.22491223024000567,0.06801798966905298,0.12003387024779844,0.10721138475197903,-0.012463581951823389,0.13687580696176457,-0.014853314657168833,0.07622835014168972,0.022744635396208905,0.048886044419096386,-0.07857009946903384,0.01303518156209793,-0.046425706642742856,0.088465813169379,-0.08532342056737816,0.02812990359970196,-0.02064291500505694,0.3068430431377237,-0.4469798343048822,0.3461255146769806,-0.08817022987206666,-0.06263347481619236,0.07706089338403432,-0.1270143708788246,0.1546729909474389,-0.11940846921798841
20170118.Fly2.8,778.0,0.24557595246228625,-0.4104449584400738,-0.02460193682121687,0.007819861684528412,0.02988944249923934,-0.03958378156196146,-0.01865542299957327,-0.043525954568327876,-0.021036895061221396,0.0041425672915043135,-0.0851612380508359,0.013278972687982105,-0.04193463956331332,0.09050590621251488,-0.08776183850510369,0.07484181323019579,-0.13116865834402036,0.05373892906800488,-0.08851521121879495,0.07834274617547213,-0.07760256838786622,-0.08866001327425987,0.05189481711712106,-0.04581962960958349,0.03336082261316796,-0.0635065401202985,0.07093606329018823,-0.048065775811413164,0.026272636301123767,-0.007902135527958386,-0.04082920419455946,0.0558865838846687,-0.07464840247117914,0.04110604514683181,-0.004065508762142519,0.06761423553449881,-0.0426383159978824,0.028015218982695853,0.09265475679162402,-0.04198899291699586,0.03934043353807899,0.03594731806901474,0.09623354810404584,-0.02099586713973333,0.007452729027903601,0.06889731838075489,0.0070628812652284885,0.04633126535923096,0.02008466779781342,-0.02150283378674591,0.11071533378798627,0.006217588791214507,0.04590224039979292,-0.00700193710749545,0.042681032836561675,0.0070484132073814175,0.009829380978725235,-0.014864121519108285,-0.01198166294554448,0.023294359680107332,-0.04650279486069271,0.00933176025394162,-0.038282623351275184,-0.031277459590612025,0.026450370303476106,-0.05487949880593843,0.004305215096438095,-0.042738277292441305,0.0031502284986779324,0.024791454991274886,-0.015174439360750776,-0.04124480485664711,0.02869818506795808,-0.01964651036042129,0.01679350307395628,-0.06475856951123186,0.08115357810346666,-0.017795937859520296,0.008958081355128935,-0.006192727094790813,0.011721531623011733,0.055399005513153035
20170131.Fly1.1,653.0,0.654983593270611,0.22520537035510924,0.11785913045809657,-0.057589729212828025,0.048253762860172515,0.05853442303788137,-0.003108591603568519,-0.018922311649221712,0.05307332240428674,0.021825686400115764,0.08270815198477448,-0.0253150956847173,-0.004300123200301237,0.022366452954244772,0.054524892883940385,-0.0037020584030347664,0.03777603696592262,-0.012445645748324786,0.03475755677137441,0.01980850082723598,0.06172145036572942,-0.0671434465215687,0.06975142217187186,0.007702559074302187,0.12107964506787965,-0.018688383834608472,0.02972438499703524,-0.0024671689549650364,0.09407514424488692,-0.010674582327780187,0.009596140467865324,0.008341777185994185,0.07454264750003428,-0.03396917213593794,0.08063027781884699,-0.022944365369819645,0.06722805497761353,-0.02410217120696665,0.16514786621315905,-0.0054829752804475785,0.0008757224628573022,0.10055027819665087,-0.002457791071796952,0.015356337058784659,0.05654488161828622,-0.0714980347258201,0.10456183585915213,-0.06849514024937145,0.032126954990231334,-0.11177470341811435,0.11917575517843765,-0.029341680436505896,0.039953037291989305,-0.03915757957395751,0.0591952414724314,0.03557939273269459,0.05072704959443238,-0.13499533704578107,0.08198435828201825,-0.022534575329849663,0.02704085399915538,-0.00017696272277004793,0.006448642048616827,-0.0700472551667272,0.05613683836775359,0.011934569018408513,-0.023946641116855023,0.011326928334872918,0.015174773627814102,0.012414298915551118,0.07230715826437462,-0.06624291582551245,-0.013182470935845708,0.08058748975668267,-0.07041568161400602,0.014211818970277196,-0.056987254800464605,0.029135818562485823,0.036223699955185915,-0.041335030720662136,0.003223253556087418,0.050254603321384254
20170131.Fly1.2,1580.0,0.08914235956814343,-0.1805194418754983,-0.014855698658798301,0.04895732977049722,-0.05377991419717258,0.05597395380833055,0.014141418510546871,-0.023945877503573583,0.030677354438021474,0.026704128590878645,-0.04391069801594989,0.03649260425860511,-0.031862253050634656,0.03973216278200268,-0.02411760103856171,0.06883558449499189,-0.026090444111741024,0.03900395054046721,-0.013208715948359775,-0.04721940618240744,0.049732476721175964,-0.018666399913883674,-0.033572789572308935,-0.012665154472053805,0.10369514924611657,-0.09544864041373448,0.04796331209114795,-0.023559578468691306,-0.016421019302114457,-0.004117121661701329,0.00036645911401183597,-0.00829898853511032,0.02168595890502314,-0.02714510651522968,0.04836815853180188,-0.00876336599087207,0.022664293603554563,0.0008663636785927872,0.047862534816474,0.061787566371538025,-0.025701717663661146,0.07479303169859239,0.028678610029967546,0.010783796597438349,0.012865455428900876,0.01469204558732051,-0.02648349845204789,0.06195831692516787,-0.034694654000092896,-0.009497924304177896,0.03321557037214863,-0.026244313092035083,0.02892974932776474,0.028801947396169203,-0.06464100734669168,0.06549975929590383,-0.022785026839917035,0.0486608167541494,-0.028373226642483373,0.0592531145987768,-0.06126407794227992,0.061540205816576474,-0.057802007026913356,0.07478377899111274,-0.10560915712333366,0.07656203904825294,-0.013427426104481254,-0.05222505540983443,-0.008185926464596777,0.007446330612196286,-0.024675006439553403,0.021697924291043443,0.001796420053658019,0.03777364861825811,-0.030946401098248456,0.015085738780986437,0.022223827011166323,-0.012857527499286116,-0.0026732901860496306,0.01159517332064516,-0.024974038701337794,0.020044216374931853
20170131.Fly2.1,1940.0,0.08375571355573719,-0.12553866659650548,-0.01223988720020247,0.01994343329046155,0.011248499199329035,0.0116915552747162,0.02667331845364964,-0.02407967652676793,0.11639352540995195,-0.06524075322344536,0.06224856398851121,0.02526246267780175,-0.03135706918248344,0.014682479583777629,0.02957624237026504,0.005844752374617457,0.021344059455995157,0.03425689227689016,-0.04859257606874541,0.04375425389473758,-0.023545513608372474,0.022425413071212846,-0.03710805630772454,0.009572664386410842,0.0025072280675097914,0.030498944110977606,-0.01085500501021674,0.009764173396620689,0.014142435357809166,-0.0021603123304723805,0.030710924736463488,-0.024036500883173793,0.0662798617532833,-0.03277263432911163,0.06299667628397744,-0.08057482042832158,0.05483401163346839,-0.0264594562392666,-0.024747508244773446,0.02260066667294168,-0.010754829314842992,0.07000587765130628,-0.060560225532653056,0.0017639335124526485,-0.030607241664310406,-0.01946098873413899,-0.06842437725905792,0.038402263252080376,-0.07284795258266827,0.026232993283878854,-0.027502090026540468,-0.03754939781425197,-0.029307154790214358,0.014909964497685283,-0.029287862987904895,0.008129693991468206,-0.0016243085834940583,-0.042233808235266956,0.04293274063713462,-0.007544984187438451,0.011646959720550368,-0.014173522715284315,0.04901777008694692,-0.0027039840540150836,-0.012701083846544944,-0.029570610776948773,0.05250570296197404,-0.04903890413673181,0.03339734539484465,-0.02187554290645756,0.03178919427363584,-0.015330127750696467,-0.00679001437855296,0.03520071382150369,-0.0163957995612058,-0.012459603761419264,0.02829882711044985,0.013835227179154596,-0.017609120521362348,-0.017955880558386206,0.00122008860687629,0.009422772792482388
20170131.Fly2.2,2239.0,0.12747104308848933,-0.040054516638520665,-0.024253544290909125,-0.008162086592793966,-0.00017088443874753835,0.006210115318850289,-0.003911766476853828,-0.009932221281192505,0.009817019414181767,0.011097341688034832,-0.0018356250570947582,-0.0003303204133621382,0.009934889352745262,-0.040888181671897846,0.031358254753493436,-0.02459034194587821,0.015917247661283048,0.006698969629355914,-0.0044623816525135515,0.02352054020061304,0.014657144966853015,0.010662734267095493,0.006766923025879799,0.019036488502002097,0.0036913940452898697,0.012367584038237829,0.02990047234129855,0.007010286443185344,-0.006892926554773264,0.018163512387666777,0.025885596402029237,-0.020224470855492838,-0.05090089490206981,0.05214629883774162,-0.07026064197018088,0.030509757043810586,-0.026877709347335806,-0.0024341075406734986,-0.04732373283849113,0.04768653086798914,-0.05040628238699349,0.07896473233442677,-0.050749638300135944,-0.029254172102636183,-0.04653717590177381,-0.015175719426541563,0.017747189663424267,-0.06266865282440837,0.031580175596868175,-0.06925051620241271,-0.033597765492495074,0.012412679584622298,-0.05937222350176873,-0.006708520663627691,0.0361922190583093,-0.04976086955386684,0.018177373411580988,0.009484723558154301,-0.03620831074288007,0.0011551739471050435,0.04553000691773472,-0.03961031938278682,-0.01059761928938574,0.03846772457098624,0.005247149366859079,-0.02045725860812784,-0.006508280914842474,-0.004366971661750484,-0.03738543297499371,0.04371319795101075,-0.007532869963767251,-0.03190206923404177,-0.002619236880622709,-0.009150717126073725,-0.0391849000638088,-0.0030527939387977143,0.04900349532609261,-0.06938251787455103,0.05411066930532296,-0.07566394751688844,0.0017655167496879974,-0.04457290399686431
20170131.Fly2.8,1685.0,0.2313346515839947,0.021857342401737534,-0.015871371794778405,0.040978136543173976,0.010452105972076207,0.022539626640560743,0.020297681670855664,0.006991392190960101,0.008115197455383229,-0.018137578086636075,0.01086952829648399,-0.00339872782692556,-0.0381450243932407,0.038925043628762555,-0.03133800485597916,0.020278447688587338,0.01689580622035849,-0.0008136938126339401,-0.029635633222244388,0.04550162807762577,-0.0026048085698761134,-0.01256788313491863,0.02048333615431738,-0.03143412141105366,0.05104220231930652,-0.017317320625907122,-0.015581807569679699,-0.00486486173206337,0.0025754956618070333,-0.010347697444920352,0.03091978689950081,-0.016146198565209637,0.052466456920327115,-0.0002944379562176101,0.00012590532877916963,0.04652594455013766,-0.007112304562220161,0.01984294461650794,-0.030004074630832975,0.08445248601966257,-0.057251161949320506,0.04928938647873941,0.04097160405328916,0.01021780336621239,-0.019204328856753695,0.060747700431609014,0.005976504171904293,-0.0004231036238166279,0.008022331321049824,-0.018814917147738544,0.0153003418564462,-0.05631365307341985,0.035624838316983015,-0.05959300618913963,0.03518340939432859,-0.0014134830875921949,-0.009648857424225681,-0.018373068949738953,0.019281567080420024,0.0067151949973853695,-0.032065264957495926,0.0679522780976089,-0.04012588227022992,0.028477970121048805,0.014742597954840312,-0.006435759424938399,0.011443978461785883,0.016553812317941646,0.00510728678555205,-0.007830250821854859,0.02866491551707983,0.04355913720776222,-0.06110334030836182,0.007710916996218145,0.013710390052429822,0.003168956649185546,0.0024362436221382396,-0.02868366695491454,0.06382688157326506,-0.03173939283230986,0.0027061096473373113,0.052604812154908226
20170201.Fly1.1,1540.0,0.1830273896484106,-0.06706626658166792,-0.019095602073513927,0.03633235897195443,-0.0061581710554841,0.02714597091607518,-0.008665141854458719,0.011826197839022452,0.00855815938572499,-0.06599845293043773,0.06095827239413733,-0.037191967916473695,0.04250897798883847,0.001780857056605304,0.04478587594334894,-0.05111426734102885,0.0340691050575377,-0.027682748842936575,-0.004664080137043041,0.005324335052012779,-0.03317519942249792,0.027501915861745992,0.0004399812649370626,0.018773639095403923,-0.0336704170073686,0.021070255750450302,-0.029225998575278318,0.04407868790019431,-0.03056279545416117,0.016936009873836817,-0.002950782313621002,0.019535575070437468,0.007701881859538358,0.04022848032590084,0.12512126874890603,-0.09515873966723785,0.07050309775834995,0.06612647469368567,0.0026421869067103565,0.031137016989968756,0.028013097950392328,0.06377846079396592,0.06252994537533245,-0.04174041226049995,0.004957994357683182,-0.025260048256752963,-0.0737114242070959,-8.069922399721666e-05,0.012943226429827663,-0.0239467555493472,-0.08998879890897014,0.09729322857192109,-0.08471836881444658,0.06029686089940542,-0.004456533183728621,0.039622957524163185,0.054577691469713425,-0.003980508813903067,0.0505016106096009,-0.023902134359501014,0.020125585222993528,0.07559658360176148,-0.0040245323326505225,0.01640980262088763,0.011105824612872506,-0.037901652062726415,0.07600432944362301,0.014989608994254396,0.01859442435230906,-0.03897314604770512,0.08245482662217102,-0.04074616858549196,-0.052292968029595085,0.10915969692987258,-0.11516768807621494,0.018505079520413577,0.04300111453327862,-0.024450405500741967,0.01138905215657647,-0.03407449456684966,0.08831609501692568,-0.05965485338265051
20170201.Fly2.1,1202.0,0.3947646149928039,0.1347589603357745,0.01867931802298746,0.005778489093943524,0.03972103590421981,-0.0009084534950142618,0.02939235569758504,-0.012614061349506059,0.022305527571327814,0.008015092229339119,0.0028096749017859513,-0.010026374697443784,-0.052473020388230124,0.019990979648597827,-0.033775773719170066,0.00484650303057867,-0.021126607668786872,0.021122999890480595,0.008370782172375475,0.061626637587101706,-0.036582045654389356,0.07172253407593368,0.03582319798242914,0.005528700500772671,0.025901621472209965,0.008100280550576308,0.029973207430782044,0.008070171931420272,0.07507780859338509,0.040872325310157706,0.05629163474069248,0.01899313362679508,0.045025268079052015,0.046688375711321936,0.07648439957132813,-0.0030971226459352574,0.026217691289750863,0.03534178177738656,0.047151427666923026,0.0022580878654323826,0.05669745453889478,0.033018598667101974,0.035367314147460444,-0.012894731830317911,0.014569906868484674,0.004259619028175247,-0.022512900382025643,-0.006374816862906658,0.02886424676022109,-0.029449356281593966,0.027923194000261654,-0.03153062777387858,-9.054152033793374e-05,-0.029752386549173573,0.04420829089853458,-0.056895277227578894,0.013426137657983691,0.01873293597794523,0.029816115747312244,0.03747828155546387,-0.10802824212624301,0.05145861660842428,0.04822087068130801,-0.019716607003240183,-0.012734032542383172,0.022296522145562884,-0.0018672255125815641,-0.011164550503551689,0.02197354667780271,-0.030220909551134625,0.010543101721520046,-0.01949173356388904,-0.008813227580339093,0.005090800965911986,-0.031864226841247144,0.001862578103483825,0.009218496147114976,-0.04561918965074366,0.010199907561903723,0.018517115582712407,-0.016285419257740685,0.004235361719741089
20170201.Fly2.2,2119.0,0.1477758020408293,-0.02703941805335952,0.014963587816389984,-0.03271739307235289,0.018730905162500915,0.002739302549095282,0.008637875617011247,-0.019596389220553963,0.029463924389790626,-0.007318850612224141,0.025556112166962585,-0.011707485092765962,0.04079781934871443,-0.03800811331360438,0.055181730391246006,-0.005803340063368644,0.017525368059438884,-0.0022199710552672364,0.019290174352711433,-0.031362248964307386,0.02365057252053897,-0.024585461059927337,-0.023198092825793132,-0.016562892560851174,-0.049626108939013105,0.026641353410826213,-0.010266023851415547,-0.06988738994580371,0.059527021060416976,-0.10277660881021944,0.046700728305940825,-0.02001080895305382,-0.029755491664127838,-0.04135269314935585,0.008580913548624374,-0.061578948264916306,-0.006408811075424849,-0.04376605518441303,-0.033004352824325844,0.0036433013584318535,-0.02468176595040525,-0.05171069112959913,0.0058039002844406,-0.11878437861758852,-0.022569510623526717,-0.07999412718170797,-0.023712372796222785,-0.0633040474052668,0.003184356132949106,-0.06001697582730501,-0.016257601026992335,-0.00532419110381839,-0.00293009707346209,-0.05427949030336757,0.007028830745254559,-0.014252618560951398,-0.013123181666806871,-6.978484405155416e-05,-0.09250446425138167,0.004643310088743954,0.016387045438263356,-0.028561508173746322,-0.037050350180911795,0.002174870424774957,-0.015756218440530052,-0.003423172245521605,0.012300874945645055,-0.03885755714268959,0.03160542841519645,-0.028205621534737647,0.006112381676796671,-0.04260672918025131,0.027634218351380118,-0.08198826355105437,0.019388034478734474,-0.037092930071598494,-0.03236869076244046,0.008531611673260817,-0.05166267016309412,0.015742715257797676,-0.020941268308836795,-0.015190654938731642
20170201.Fly2.3,1158.0,0.12997570017731364,-0.26449375566168776,0.005961672131073244,-0.06755266983013636,-0.09679211233470507,-0.01272129606962347,-0.015690302960457772,-0.03495335442598112,-0.0851568514686449,0.02972321708947722,-0.09992020405210893,0.008166289728059772,-0.10594679331233094,-0.02252357230955964,-0.06304708363908712,-0.013521246788290501,-0.0438513080880855,-0.08005863292667477,0.0344901434323137,-0.03729253025676587,-0.05143903192184364,0.008092475568200032,-0.0315818001056281,-0.07533959435133628,-0.02922170524105417,-0.10293897803353903,0.017223273343618124,-0.08316668304572762,-0.004595439869352503,-0.03153239043722934,-0.04538752634829152,-0.005959465034109483,0.012833141477647934,-0.06848284559874648,-0.0036837507620402915,-0.010961351607501526,-0.05719805045868878,-0.027047323983094368,-0.02122285816678362,-0.0323701954079241,-0.029210719171837467,0.019933432250436117,-0.11770179120678681,-0.019408639355315543,-0.02953325631854203,-0.05808414458884145,-0.0037802157936358514,0.07252887686046613,-0.060007065717734856,0.027595393985463963,0.025671378422372586,-0.028929936861605787,-0.00840494286252464,0.04148422552524762,-0.06232897350189214,0.027825294938189853,-0.016411837975978727,-0.022873733497051442,-0.015213809198772535,0.005880845155074716,-0.05066182022246983,0.08636118581199113,-0.04690789090305017,0.016981848894087125,-0.04298807652111347,0.0697148779397067,0.013165980859195497,0.04799546913238971,0.012662993606651378,0.08203731453829993,-0.01795466124461335,0.10798807364613838,-0.07054325341600229,0.08356997643113925,-0.055660539106523625,0.07617856883556443,-0.03313471732750439,0.058354098827119595,0.030398268047802154,0.02840408091834488,-0.036061653338506805,0.002416537134081187
20170201.Fly2.4,385.0,0.22702610457451222,-13.023954959862419,-0.04864930988954075,-0.15665211273246518,-0.023176983852106703,0.12906168893602446,-0.25967921106425984,-0.0014568912260339087,-0.07368024102274368,0.12194789960092747,-0.08271257871143525,0.1672709094610178,-0.14879524324853868,0.12353599121976097,0.01776879172587243,0.12992272006318667,0.06406947689050221,-0.04675458915822129,0.3187172038581235,-0.13981598005574697,-0.04333699252506291,0.2443370925844654,-0.2234503746513515,0.08674470847491748,-0.3135777701845807,0.16608714561595445,-0.1450498054760787,-0.004796564871694053,-0.07322810510932506,-0.3624692277033565,-0.0732771859804036,-0.0804632853315998,0.02679529235554559,-0.1806301257896049,-0.07677151815833488,-0.16404434385106945,0.06927767582128387,-0.19303300558313918,-0.10117923789753,-0.0007606604777015968,-0.03371124875175406,0.1638878889869433,-0.47565263341009145,0.16627459916196002,-0.24070897913787417,-0.23675359199008722,0.11733618172701779,-0.1670302536085705,0.09268217309490256,-0.3355410635564117,0.4940130446160344,-0.391275258827325,0.023353107635372267,0.07789615607504052,0.19020361948384318,-0.33288882554410304,0.07418726852875035,0.03521215768993248,0.12546334019831268,-0.36053332441609354,0.36440284790794825,-0.22167514444010386,0.017194154880836428,0.25339031667869755,-0.35019849654053875,0.34719676157802043,0.07788503421946727,-0.3557507724700511,0.09609024230094501,0.1882993972610009,0.13066636711063695,-0.3815136161510879,0.374840994813536,0.0647982419847771,-0.06830168028319338,-0.04627780215965264,-0.017238539679349178,-0.3123529424521377,0.2769644679120133,0.00788967101196256,-0.16508000318237204,0.25236541944874447
20170201.Fly4.1,1540.0,0.19957271578677926,-0.04545604468665587,-0.008305663204604945,-0.010359954340417504,-0.031619944252706166,0.025401460684579952,-0.024490316137420316,-0.013342981240634216,-0.028994283504582427,0.000983591011833286,-0.012209506748822322,-0.012850747025055644,-0.005093231934085813,-0.030207153887118005,-0.01563697083219222,0.0021766193366188624,-0.022841368666200547,0.008009003004127858,-0.01147725315785568,-0.01165533299316877,-0.031978883608734535,0.012980596937240211,-0.012763871779179897,-0.026039857608096476,-0.007960513365892253,-0.007234351902321927,-0.02574258896026944,0.00147833088638602,-0.018378717478879196,-0.00619082421134372,-0.005393116694924798,-0.009506610184731394,-0.013555045512453871,0.0003903943208149827,-0.015235098085784264,0.026154069958915463,-0.017140103672681685,-0.011149667683461355,0.005291526543829497,0.012023691031136055,-0.009458955544602528,-0.0026249006762529715,-0.0063662293197611595,-0.006234088294880272,-0.008933223810031983,-0.01626436175056935,-0.007489584444351658,-0.008752222108109548,-0.017309188012455585,-0.03510787476502528,-0.007768140737397002,-0.030711869226699856,-0.026988592539757633,-0.03758506881057277,-0.02454814921961258,-0.02653820032641556,-0.01481073365362137,-0.045852319754165136,-0.02498374811522216,-0.018653933297335425,-0.01999130793288313,-0.021329090337816874,-0.007208577934540189,-0.026729654974339292,-0.008084535976006686,-0.025297541660224694,0.001969002164395821,-0.04183860355259275,-0.018124960058385833,-0.009809857308668037,-0.04200498049852955,-0.02708596786256767,-0.03615323986344332,0.01714909624712497,-0.08169927533497884,0.013838829269214314,-0.04454906500246458,-0.010856688996589921,-0.01961137212444097,-0.00797373069243091,-0.01471496185223307,-0.01572575239265751
20170201.Fly4.2,1319.0,0.1478955728547321,-0.1733165672209711,0.006681892727621319,-0.029234707450581238,0.022630586887628673,-0.012077662610710513,0.0253045415839383,-0.022290320435646174,0.015400442064202574,0.008206115541568845,-0.009069504582591103,0.006496778486614493,0.032541159266654074,-0.0353505660332242,0.030435090486677186,-0.007338479453867501,0.02351767514616425,-0.017274158411707034,0.03717507007082729,-0.03487172588075913,0.06030619514976536,-0.006260427550535362,-0.0027895624308596615,0.02305646677288591,-0.0012938408049878204,-0.01112895943587115,-0.0007765880300881454,0.0395450196343573,-0.026782741671688044,0.01126433202123498,0.012682751401401599,-0.014901590108538781,0.04828633080096902,0.002675152256696501,0.010487877321315515,0.014024803845645036,0.02428316774731716,0.014926018896797778,0.014161019847321734,0.03642284706520623,-0.04322072181221664,0.024019459849597045,0.024486540914287425,-0.03111351541624075,0.025103800662709584,-0.01971426187746117,-0.034059528945068626,0.022913506843509714,-0.041053264231972406,0.0013599517502665484,-0.0688637226990686,0.00011265159877363838,-0.0654304130343392,-0.01637613588538887,-0.06623262884232468,-0.003715125685481246,-0.0802106794010983,-0.005860719940577371,-0.06648270541218723,-0.002804639629435869,-0.03257371942453132,-0.01173716856307406,-0.040215354149381856,-0.019340459398887323,-0.012939202681176532,-0.04416769538564438,0.0006502492797508547,-0.08064300232166731,0.027195549622963874,-0.04860815874588168,0.025536559745825513,-0.06437409194006567,-0.01702069628861031,-0.02418289882854588,-0.01495363590727845,-0.009371621881731617,-0.04020206957920232,0.021419195144290165,-0.08178106356457848,0.028522780634156402,-0.05877652595998372,0.010099153709444662
20170201.Fly4.3,1516.0,0.1377696523656008,-0.1316773312701489,-0.04174918249717603,-0.002083150492356328,-0.01549830469028253,-0.0947309889149339,-0.0451952029140074,0.03164860493972126,-0.10495457148111906,0.005978419634113857,-0.1096049657738963,-0.005536838091067094,-0.04625213302431172,-0.03783643860300868,-0.031247356735917116,-0.0830312784949796,-0.007761025329837579,-0.010385612535486456,-0.06225606303168847,-0.060141129860637486,0.02708092415902507,-0.029472314058534194,-0.02544633306465332,-0.024826937539089655,-0.02424174716237498,0.03781835761755571,-0.022206010216746362,0.03256649470500937,-0.057010118230482604,0.06760835897934983,-0.01304444523851345,0.013335218146274898,0.008856834749639875,-7.815742810421411e-05,-0.02255843917270347,0.09931085519477068,-0.02866887310268202,0.048607326503101504,-0.04555077159764436,0.11703568828580611,-0.029888472746017188,-0.002712748066218948,0.05680043611531392,-0.09756157481414357,0.026508772295171325,-0.0987142069585632,-0.056835281272280366,-0.0013259812439738589,-0.030757791738568182,-0.14163967697967353,0.06513441586448107,-0.09276970060428144,0.0005848894743064187,-0.05047161503002679,-0.007652883493993755,-0.058191645880159494,0.0458784807507894,-0.08033214731161147,0.007182559648619573,-0.06486512094984581,-0.08628194770861462,0.04912728768609005,-0.09077582742726789,-0.04303137874096741,-0.06439395326971926,-0.02241076173739575,-0.06431011322216265,-0.03432026407171167,-0.07156886744374491,-0.018973155998786146,-0.0030003167875088735,-0.0960838697522484,-0.028949896120742755,-0.052539070034061386,-0.03610382039101408,-0.09062239302139398,-0.033802403718478126,-0.07792724738578485,0.036166458065329254,-0.07838386389013408,0.013768976434397326,-0.0702208568554317
20170308.Fly3.3,1963.0,0.0455600298320763,-0.16932326551529875,0.004652231987671222,-0.005837617527549847,-0.019929169841564835,-0.0009534584063626596,-0.02211932620249415,0.01099464372343498,-0.02926989088488005,0.016200633129514388,-0.00775259209762711,-0.017525549969282125,-0.02750860926304271,0.02047128883716491,-0.04102543096927644,-0.02832481690181915,0.0017167610508583768,-0.022195597604741425,-0.013449738132275738,-0.0023788995065061602,-0.03829033967385103,0.005904919623387541,-0.016430036065956184,-0.019601380193726828,-0.0005013038096422315,-0.022865952189108252,-0.010165408021302407,-0.01282806835952065,-0.010360628781408424,-0.011004385384989093,-0.00496493874741938,-0.018670128648087626,0.03179346618220856,-0.021258227835891905,0.02150989738759848,0.004302047027605097,0.012723685551477298,0.013180086191480749,0.01339060826321496,0.03131832899279192,0.012736909551235964,0.012194776018733805,-0.005271694599606073,0.00824374865215799,0.012304585698953631,-0.0013266562216987104,0.0243307195871124,-0.02718114777681615,0.011722779494763505,-0.022936098690469885,-0.028156379027459866,0.020553000550852484,-0.03426760323983408,-0.0018350476898756785,-0.0017464789587338988,-0.019230847026130142,-0.008221394170917284,0.008281261459880163,0.0009160716608695367,-0.026949700453288324,0.0029189130869692144,-0.017550229154731922,-0.007174720339809711,-0.02416622164893925,0.008597613427843018,-0.02953791298670211,0.015859734085414787,0.020174558005791682,-0.022763921422038758,0.014209148239054049,-0.016608755174665774,-0.005448461878205271,-0.0024709798307546186,-0.006201837237922983,0.0060941742049157865,-0.011710473046061315,-0.0031631401433820545,0.02326232182059773,-0.021850910062595177,0.019794137593441025,-0.018589988712188275,-0.011375251483812075
20170308.Fly3.6,2342.0,0.04200937437238761,-0.13234685678329505,-0.03487686839284858,0.007372457602693699,-0.0041427210715180365,-0.022300094552850334,-0.01791088951920567,0.020467885464556246,-0.02859539035737331,0.02172489360578501,0.001159000993390006,0.011704902611728935,0.03662496152442788,0.007002750863785958,0.013975060297510621,0.027056177464222526,0.004643111782800628,0.03760355545270169,-0.004936230634458694,0.04277137868957015,0.026817009903485647,0.0018606735067631733,0.04139452494857969,0.013452052352003729,0.01600342904377241,0.01939108285723046,0.02617872631660969,0.01777254707082162,0.037351795823874406,-0.010533196295621931,0.04166140345167518,-0.004232076559148671,0.02340768059568534,0.0007928351373550305,0.0200507044387517,-0.016899799359381074,0.06045322324250936,-0.0035813149815017726,0.029165467348162083,0.025190770407800187,0.033199607155770916,0.01701805028338413,0.001803860156507518,-0.012336552425591757,-0.0037250144941964845,-0.015788839709333993,0.017926076019875427,-0.005547026315560336,0.01638958614115661,-0.015476973560414749,-0.017997304744831594,0.007239040809469735,0.013784171433652254,-0.025636146645149654,-0.0026064267973438335,-0.017647570054583877,0.012684182218770382,0.02147412126662692,-0.025769928581580552,0.014973401454771154,0.008680549958737745,-0.018234164346616,0.014757948736106566,-0.025134663120658013,0.03140593932531769,-0.02907886102514808,0.01778294667943165,-0.017928235843509735,0.005134743747343369,-0.02694473270327116,0.021747688007609994,0.0002336716692810251,-0.03013664505069575,0.04380256346531222,-0.0046655128258596005,-0.030076904112910065,0.024314538413564235,-0.02712436317040574,-0.0225345394663468,-0.005543753263526911,-0.013327896375536231,-0.0156550009793259
20170310.Fly2.1,1535.0,0.14569052662813942,-0.11694944810616459,-0.04796763796340988,0.04338221753601422,-0.014821452331729584,0.11311589594373743,-0.08148605461263389,0.09603386814104614,-0.009503471830166373,0.021300559814089695,-0.0059607602695598005,0.008185472299259991,0.011778659360326363,-0.02028184293202589,-0.0725974554235104,0.15404968818361106,-0.09310282185763312,0.06465211007899632,0.033618717216875836,0.0033804999505457657,0.03219100298491418,0.00664608144564849,0.07936182841951422,-0.021428489445825604,0.05162264177921669,-0.02081399136035184,0.08229957757799539,0.00695812954459811,-0.029353506937719414,0.09603843103745999,-0.10898268088688881,0.17528469180130243,-0.052031587105478776,0.030150039608130296,-0.0024450477829409227,0.06322869059375504,-0.08566171454621926,-0.012821228739463512,0.03261480590653998,-0.02245273579323167,-0.015556797801666522,0.11093443559181146,-0.042275922922302256,0.014455389496258856,0.012832493745280116,-0.05574838596762571,0.005268150587971721,0.00981032873918097,-0.0007260698737163538,0.032981170144649415,0.0009714574494620633,0.01480128925346507,-0.04623134422026681,0.07556841905941654,-0.030029175457826088,0.02385239008054314,0.04546540924314315,-0.042018910119787534,-0.035134987714059956,0.015537520706221906,-0.06597753306123486,-0.02471274391637448,0.07190806296701527,-0.034664806601826456,0.02632322377721325,0.07540672860340132,-0.12285823301415195,0.12417921832827608,-0.01847458324335839,0.020953470818655125,0.012879815008481194,0.03616901873804006,0.014423928535912414,0.012535499895534031,0.018228887425353217,0.012114639347784676,0.04856172343947444,0.01696885521015267,0.027272249336695618,0.023003127196248613,-0.02398771353248897,0.038805034483177965
20170310.Fly2.2,1835.0,0.04839378525349147,-0.184494207478489,-0.004509536764681438,0.013171456965208782,0.01218802999112394,-0.05851077930924685,0.062186091246885095,-0.02719743122898144,0.004379673096485619,0.02915883063530792,-0.017276794944882105,0.022435563930323577,-0.004140252800580006,0.0017875184372355916,0.007040806413796568,0.006055867734565479,-0.006106253762530149,0.02624749012266611,-0.0008212063602278897,0.029934400391160833,-0.009795712464207875,0.015487835681384425,0.0005886852849715327,0.02212300533622313,-0.013646084742973973,0.012628663330084753,0.0042354932034289125,-0.009105647544647735,0.006024461641609474,-0.004360955261006769,-0.013317203887606042,0.017856665545909606,0.0003835692350880903,-0.02420664217919871,-0.0008215119282188894,0.0070153740138917415,-0.02185418988055216,-0.013458963021391152,0.020662975063731936,-0.048447779501728475,0.02968240655258735,-0.005464521771886607,9.826054693950342e-05,0.0026509145100403874,0.016306499092943294,-0.011052837166922872,0.024008052641772665,-0.034422789804173674,0.05358887350701344,-0.05271747572627794,-0.009196109826476865,0.03662855034739469,-0.03410165031450157,-0.03373268824797985,0.025563773440875966,-0.038291353613412,0.021256059216609276,-0.04536832464481315,0.0038270012254110093,-0.0040795708241162035,-0.029689596813260426,0.012831907184333559,-0.018610346799925053,-0.009053650377048268,-0.011795768112349439,0.003950691661081222,0.007030674821918958,-0.013303933063648327,-0.0012942679800308334,-0.0058153588684583535,-0.047235948281256775,0.023662456969542632,-0.03260781278643244,0.013593030635585394,-0.03766160806964946,0.01820309979797177,-0.020896136047374815,-0.010479152420355426,-0.023385889846349303,0.01975337168756881,-0.00873855365921146,-0.01613412161199048
20170310.Fly2.6,1560.0,0.06538727886350937,-0.21593427599362847,-0.03380440333236283,0.030268545776045416,0.036442855275305934,-0.06189063739690562,-0.0005901372916765971,0.03116339257799505,-0.03882498272907319,-0.0031105847976816772,0.056709873742616816,-0.02251462791811796,0.026969676397125546,-0.006298815739100797,-0.010925254320163828,0.08446370186883291,-0.06306490521894659,0.05075290885056904,0.004691146849271301,-0.0004877528172545463,-0.03518423610689076,0.0581855286033086,-0.03656276558639787,-0.07602220080445442,0.07210523811170005,-0.06238040313163401,0.05252108358455348,-0.08311690694107494,0.07366783165740662,-0.0834944857127857,0.04505859672689013,-0.03386740196870221,-0.06208725193172013,0.02735633434548597,-0.07215420652203004,-0.008543459104055122,-0.03376118833081701,-0.03591930982849692,-0.017868324249279297,0.002811763004590736,-0.004466733097291764,0.017585200830472526,-0.051913215136212595,0.05567607717170314,0.017054186544565933,0.01302357522729219,-0.0006657961814831893,0.03399731560830596,-0.04290075412561932,-0.015721591706037777,0.005080398993822417,-0.034518744905125194,-0.00011961622405645862,-0.027328976413394605,-0.004910550178656842,-0.03399593375266838,0.015878409155119042,-0.034614958765203444,-0.020892704897848606,-0.019131560754284193,0.010533985484852109,-0.05219395327874563,-0.025935110788197057,-0.026810970909728733,-0.0005178608312944658,-0.023486615485423273,-0.025016625982322484,-0.013336302757051829,-0.03860451705085334,-0.056072716710586154,0.03831144524230905,0.02774357426403839,-0.07678730847224871,0.01876055998783062,-0.06790106159604387,0.07154454984987106,-0.1056648440617511,0.0012745686722474628,0.01853598743426308,-0.04642026548199937,0.032359660750853336,-0.052467134585051034
20170310.Fly3.1,1224.0,0.14858672675769036,-0.20781882948327635,0.005975982896166153,-0.008315799353638478,-0.006426684380061904,0.027113358374553503,-0.008373192976535973,0.03338818469977791,0.0033951746969227755,-0.007161550982998201,0.07325688944351062,-0.013239407463838102,0.009397514156664058,-0.013351889097883615,0.14841514914304996,-0.13928549950223235,0.11728239536185903,0.01569951822442882,-0.052945703108915255,0.07412299577131129,-0.027191282522228348,0.03504642051479018,0.035844126141783006,-0.03303475114098152,0.05195028791572612,0.04397267228058946,-0.0808640726325402,0.11123180602311339,-0.007322376991902371,-0.028993087232997324,0.01762974375874097,-0.014966877158140946,0.019892788815573232,-0.04976561279111814,0.006090951205206736,0.017682745369590136,-0.061775010736479355,-0.0013146639742744127,-0.020207973330744346,-0.04311141233350184,0.05477340832055579,0.01906644204449019,-0.1286711214910184,0.07315100949266644,-0.08657125626232533,-0.040917313531834115,0.0025325967380665296,-0.05841980053601771,-0.027766151944496675,-0.05255518852542016,0.016335284832792632,-0.006916412301988563,-0.049724943019632394,0.012986113829575922,-0.04559963347114196,-0.03989726108743447,0.03534264357072692,-0.06383888415181876,0.040179290523759625,-0.026512265856216705,-0.013448166781401701,-0.005822580758204432,0.005703188403154457,0.04261986445340542,-0.034709878014073325,-0.0069403955895779666,0.019284755532071752,-0.04678903700144181,-0.011268393938069016,0.02454140201258164,-0.01532686472504493,0.018060091958193476,-0.053299624010137166,0.0013845399221243115,0.006281421525598534,0.0072694919295628515,-0.01087847484279783,0.010989952232856797,-0.013435502072994484,0.010264991245187033,0.05971625237155334,-0.029396773342201657
20170310.Fly3.2,1308.0,0.20745984489132316,-0.09478004476876545,-0.045936509451017814,0.10020857403767965,-0.05389434544965033,-0.0054663165528274354,0.043053467232084114,-0.011048418848968122,-0.010122140734803789,0.030249926816391326,0.02846556508042157,0.004027754414321095,0.003128697242762316,0.04573787280956232,0.024221916342202214,-0.019683815576707214,0.0851496877796702,-0.00551982730805115,0.030831960228760502,0.026743368226994354,0.06422739690391113,-0.027629721337024755,0.05195359840002467,0.0615511892167811,0.03847095199219057,0.008317241124587845,0.04703730148415672,0.017651552131852984,0.03934065068768791,0.03586870964924786,0.0437994264866909,0.018012567320016326,0.034708520014874296,0.020199497917496277,0.028236587782929347,0.014022365639023662,0.003423572024495494,0.025681910470643173,-0.01037587518927173,0.04749497735466769,-0.04447493028200232,0.03643915064419663,-0.01949542119267251,0.022398069006344522,0.008802252664119537,-0.15127836954862758,0.08652093334989622,-0.015227419335993034,-0.002791677574930561,-0.007956293622068502,0.017697396526655272,-0.009441319459286638,0.017559623658819846,-0.011485505453174168,0.06373710436398496,-0.05874992983555184,0.005169141411643467,0.057308047828864145,-0.04330424474407034,0.0008748061438771243,0.07703133954411652,-0.005431472895485269,-0.014346102754405081,0.08627956217065601,0.026708794123899107,-0.026066821745639655,0.09196981385959165,-0.022562751209309503,0.03407014504560562,0.03628693157128596,0.011149645559195995,0.053949411153033325,-0.02365233392215053,0.03538102647991467,0.052759376716219164,-0.025463831076291396,0.03873627267945236,0.05318132542359397,-0.045931515352289266,0.0019927433607777895,0.028661830039813388,0.032521286950597555
20170313.Fly1.2,545.0,0.23275110695255607,-1.293268790821366,0.06846931556311366,-0.07979787095801869,0.15906916243090136,-0.08631654484627263,-0.0014921494243568395,0.06287165125089525,-0.11037392220454345,0.07945128764676516,0.010361793591378364,0.1387174553416786,-0.061742841797959025,0.007352518853242153,0.1398943783235232,-0.10272737523669957,0.09875858043467475,-0.050478911228175716,0.07399781378337007,-0.2504189815310111,0.4419380420376648,-0.19235754215317674,-0.07704870588424872,0.1330214656748918,0.06417551981893457,-0.10046172480575169,0.14838359837156706,-0.11797505770496183,0.21869385939762162,-0.23084678871986103,0.23259074259886872,-0.11613674386685735,0.04135924393301783,0.006360584659491259,0.068369157144404,-0.10997184230766024,0.25623708885851376,-0.1877432476326282,0.17378775668529736,-0.05108958117045825,0.03867294142647183,-0.03963974325472084,0.018321974127292806,-0.013255529546248312,-0.06264830607035604,0.024923918998266827,0.02195091004300101,-0.18163462542068792,0.27908995797472835,-0.27899350200593936,0.3096579220331426,-0.28397126373676806,0.10818460650665276,0.035171544022846106,-0.0352020217251899,-0.12963494793494884,0.1681126377348534,-0.11633420380747393,0.08689308888790362,-0.19335088577719234,0.37615786236638,-0.5502476654935581,0.4225216940288271,-0.20188876637914716,0.015453572848197095,0.06529762375944483,-0.06664352639606017,-0.07373247090759219,-0.06819797463028815,0.2921922026721462,-0.18074689972934138,-0.011676878831904255,0.1596624831889383,-0.29994375096702,0.2855471867516542,-0.09136304353251111,-0.016223644011083525,0.10837962911867188,-0.1528429588060531,0.11982266445923828,0.012723897037641298,-0.019288684232121836
20170313.Fly1.3,538.0,0.12411073496024028,-1.6880739513289171,-0.057277262522046145,0.12468736389959897,-0.13002695631629307,0.04073059105790837,-0.07358474245889221,0.05084446514750059,-0.01705676923095078,0.042789444448141895,-0.142048344671412,0.14018106069907518,0.05291693947276694,-0.08924725226804796,0.11479888884631863,-0.059291143263499366,0.040667653452246294,0.005629335251512775,0.19794302333891023,-0.23494474120874365,0.09064893081303343,0.12488193689648522,0.0025086911528805975,0.11875586362498235,-0.08817284380835272,0.21245625207130914,-0.033090813656361726,0.035914659734585214,0.07215391054521254,-0.004984794086877978,0.0646174254655681,-0.12276169623507807,0.27652142777364985,-0.14011838314005517,0.06686219226876851,0.04694920691677151,-0.026027446092028866,0.1112537950791865,-0.1050993689276175,0.1096911165400556,-0.07168493758108407,0.1356264309271381,-0.06987910410814184,0.10746005302088628,0.06434341178655067,-0.04159928935232053,-0.023838883550802124,0.018295601842711885,0.030844343614785212,-0.07002944652538443,-0.004668910677296051,-0.011280239570811902,0.0916556841587077,-0.039218547303392505,0.14873127625678018,-0.12323385888416927,0.06715591179002388,0.14734457913776525,-0.02852368816648259,0.0034332742951338827,0.022070173527075028,0.1715151460071342,-0.07746425489219667,0.13361810250443126,-0.08921950763803731,0.1850974245773449,0.03724528342914068,0.039067123614872384,0.14439412841223126,0.04412325863645446,0.0870612896156272,0.021646053607024818,0.14165990667568698,0.021859276770547127,0.04129375909755113,0.03283472341335276,0.013749156197637648,0.013790327900830304,-0.08552123303088174,0.10933145973412385,-0.07886560403473258,0.1334643348795845
20170313.Fly1.4,521.0,0.28074360360696915,-1.3685067320713178,-0.01332816118963788,-0.18526696413266336,0.39569487393039693,-0.36400658874725245,0.18863707109935537,-0.07422466028115743,0.0369855647523392,-0.007766730571018517,-0.12148788223721693,0.08121202858449342,0.03602657469888022,-0.09384708999182025,-0.10557080260234945,0.22731319202089656,-0.09562213875895739,-0.0036928936658447847,-0.007486022879518731,0.007497154862954197,-0.010785195373760756,0.0328779276495267,-0.060928072858709825,0.021894071918729587,0.008805683115085665,0.10601015048113364,-0.21626246413990166,0.22125551319805423,-0.17227274516492064,0.011052757040583444,0.35114168701049664,-0.42328249752612374,0.20041449962686464,0.02699585264041053,0.1377998433154956,-0.1297169020182763,0.22455383559950537,0.021932898724546956,-0.08593277907928752,0.19510484389423238,-0.052189593055990996,-0.0016660067558218333,-0.07734594949780683,0.13460649877540945,-0.07807836013792212,0.18044761628909212,-0.15234126987601976,0.10194894716136457,-0.0647097856839619,-0.11843356169617363,0.04293154792942391,-0.09465001637146825,0.08668413153434446,-0.005707934541678866,0.054683955291859127,0.06649330504785128,-0.08244457951426304,0.13802957525009493,-0.1118271815342352,0.11177024946728642,0.061348894258310166,-0.09812993895253519,-0.00796091350848846,-0.015070143971289224,0.12158079984949828,-0.19901310341016254,0.21095053385673285,-0.04778647259188964,-0.06253833743975659,0.026298226201643085,-0.07861179181002814,-0.04505975252035102,0.038053660703668564,-0.08820394279361721,0.11625712345969141,-0.0738913006748394,0.03824038840924652,0.011597631059827543,0.07604074230230524,-0.02830090489204848,0.07344820443261602,0.019905541322260467
20170313.Fly1.8,613.0,0.557984959347265,-0.08107293075307487,0.0379530945637836,-0.0514545823575712,0.08957129693763843,-0.09012303901025695,0.10401834174992193,0.030659234939981784,-0.044098206163041054,0.009864245624642713,0.03729405397721947,0.05010601585130079,-0.07225270958549346,0.07745923279641778,0.04083057947607116,-0.016009444003970173,0.05474447775632292,-0.0772720413818087,0.08430001307654067,-0.04955285253083498,0.02440669888268908,0.08076199711955756,0.017188173772075654,0.03471820079878578,0.05693731467952129,-0.027840219451237273,0.09923091329503975,0.023466507604931703,0.043315165288750505,0.024796843372414473,-0.029936176835267468,0.011540173249872054,0.0620856136567114,-0.06178188211168195,0.12525209189515546,-0.08128132048795424,0.11928814172877522,0.040361793060564186,-0.03799695169667393,-0.003097000417186183,0.053906434136605945,-0.012289987049251098,0.01654633830241319,0.04916973489245314,-0.054732560149194726,0.09039091605329802,0.028361666078601775,-0.06326814673264083,0.054158769904613574,-0.003555530185158891,-0.020028765794690526,0.036059829316072566,-0.042383337785077475,0.09836128681720158,0.008139569342840195,-0.05581882679238259,0.012758793037708804,0.007052697299896618,-0.03354676719541476,0.017619894633785545,-0.08660804317611184,0.045279220075418,0.01327592585497187,-0.03332782349542266,-0.017845250524924427,0.016548050836628744,-0.016061204692637866,-0.011854269707304861,0.0393561259511134,-0.034544439154362325,0.029365150321219936,-0.004670931889707594,0.020436429297586045,0.0010964639514439989,-0.00592435332876803,-0.022453636207587023,0.0686935896752929,-0.047698166079559234,-0.08498143368604089,0.05492985307025038,-0.04800737300593874,-0.06085898829214302
20170313.Fly2.1,481.0,0.37270385387930305,-1.55743813418438,-0.00851210224002491,0.09741119750233507,-0.06728727153453265,0.01965263589073607,-0.05880193302672031,0.12181736248084607,-0.1251856653238726,0.10092232294296861,-0.10156725401588315,0.19410037470708436,-0.18747104982834906,0.04545152724518157,-0.02895857114133875,0.03442507962174097,0.21991914127809212,-0.15756666740320727,0.059543284386076326,0.08005203918916803,-0.03783532656452093,0.20273058466625005,-0.051267139861239236,0.02150885807330216,0.0956718885153647,0.08490679789708774,0.017859421723898254,0.04327125810261924,0.14571086316413462,0.02313616365496088,-0.03530437044714183,-0.12703428821269858,0.11062472853221522,0.012169105891159136,0.0023610185728883473,-0.09637704867426566,-0.029148517703733667,-0.01624120230225909,0.06382385446209791,-0.1928217577097923,0.019210187506338315,-0.14078476170103033,-0.027081029093513197,-0.0578866261280231,-0.14199308457058166,-0.07244234387975024,-0.014773784812015767,-0.19957691073600503,-0.09808856624819456,-0.02693768373631968,-0.05880306741763473,0.022397530298177672,-0.050987354640401814,-0.09566182656998834,0.074794680090115,0.014916083276683742,-0.06347105734376902,-0.03384440710065281,-0.07595391758652303,0.14096243597062286,-0.05761831711427419,0.08314619383224404,-0.0028828790442318453,-0.02661362684925546,-0.01792792979626729,-0.08803300806378267,-0.003600761871023258,-0.07548002409404897,0.06049667046168701,-0.3430375379338138,0.18853247017068966,-0.11376251594801809,-0.005442515582807306,-0.10058834115449299,-0.025894347640421398,-0.016412430421802526,0.006408558888922635,-0.06974528718373676,-0.02376228111319393,0.0905484720351439,-0.08958919648562963,-0.035520882188399376
20170313.Fly3.1,137.0,0.9316388001476553,NaN,-0.06897491583299958,0.01883394619739337,-0.07097854053305107,0.011917159557186842,-0.01575210054440769,0.041203301925177,0.20249041512281357,0.005257135467442078,0.08395150944342572,-0.03465580294810598,0.0850116687161122,0.012249870159519506,0.12651852889681786,-0.015287967808927931,0.0699617840375189,-0.010568140247388842,-0.0977959278469058,-0.13863938939775644,0.28811162697267967,0.050706656367118276,0.056083194114089616,-0.03922587271955802,-0.17995422027557695,-0.014195812692878913,0.04421348211162677,-0.08435286631047167,-0.13749879959114214,0.04566853803737242,0.18812948882819983,0.2830859133756005,-0.1437407621727811,0.2257332425058404,0.2568967537791312,0.3274933063524984,0.01799490874574918,0.25937570227076384,0.2284743208899235,0.11835545156968831,-0.07476369499860758,0.24978058368536338,-0.0749929611775903,0.024191439774248015,0.09114393961775126,-0.017790791555766034,-0.1339901888008396,0.2172106370200162,0.2668157707071564,0.0007240232553942239,0.2286339797549709,0.019569681678100092,-0.023320923433467068,-0.047917424946936814,0.05737708869305901,0.0019746835464461224,0.05319269474603303,0.04484664923901491,0.11200923910559646,0.02892527770302509,0.1202698908031041,0.20641691717198404,0.13537029926990343,0.19370200081906927,-0.06911608373496184,0.15503328805594427,0.02193705023215938,0.04669672575488329,0.02623574449116791,-0.03118974349534679,-0.021591330987959987,0.09497087058374698,-0.026963610277165914,0.30717523623477627,0.05946270755866215,0.10067174942454526,0.15255082434092884,0.029906586728661186,-0.054219455079714846,-0.0632120586674414,-0.09976649785361812,-0.26108715803249727
20170313.Fly3.2,1099.0,0.16565641817452226,-0.24300166271958945,0.04784427767895895,-0.011610368043054556,-0.08650334832061492,0.05874158229255942,-0.0016064115606745158,-0.0538372249680073,-0.015644470485972096,-0.022327769150840553,-0.04197573327088137,-0.02219510910773599,-0.003966773366293783,-0.10265739706011096,0.047711911787031894,-0.06332880965057079,-0.029917689508394296,-0.0030811751642059633,-0.048838454781519304,-0.004463176752683146,-0.027324002487644872,-0.019788486622579322,-0.013150125429502437,-0.03547009150804002,-0.007489796292413505,0.016631555503358382,-0.04712004981304233,-0.010916867343497866,-0.01679604084426441,-0.016409038884016555,-0.013342501263755399,-0.07229682011124822,0.04261229836309112,-0.03597184908167486,0.01331971879105058,-0.019142966344239638,-0.04323151000245648,0.053287358869814734,-0.06458960529117322,-0.023211468122670824,0.007962038765276371,0.02519082424888206,-0.07532537479012696,0.04872653802867083,-0.04956762651893473,-0.026685700565673945,0.0034861979068096516,-0.05938060746445134,0.023188581179616384,0.0001458908010646652,-0.022818320483311685,0.010024269235802304,-0.0003519512446050199,-0.004292102122691682,0.00492128348548998,-0.008567844306091045,0.0017703668541105477,0.031252728906072336,-0.010344719494229396,0.05237606067099938,-0.00276956777626589,0.01651959253939317,0.02975202902797834,0.025753789691980663,0.031135340670427447,0.008389364635935977,0.08311899971871113,-0.02421591014563966,0.06331455726238419,0.00767279753455436,0.023022081283370768,0.03421944280389431,0.025236709676948604,0.006634001060394433,0.02202381432436678,0.015596511522146979,0.04973228738186707,0.008100454108524176,0.0708838073705953,0.0470444332841265,0.00864003904177843,0.04906278807853423
20170313.Fly3.3,1509.0,0.08143183417001632,-0.20737562408220556,0.02514020655829885,0.011267889936364024,0.03271664038362612,0.006427588658281955,-0.0020740911016968403,0.028925801572892464,0.023047836582809726,0.009912023540556364,-0.014580430913516556,0.02018875154447604,0.026659346203069485,-0.002611983553991587,0.0060926758471343875,0.03210341795539126,0.02566653067675244,-1.4279579125165212e-05,0.059800050736854085,-0.016587784480111938,0.03478534659924413,0.04079281607312317,0.0027504003309896364,0.06137037282527283,0.011584204261117451,-0.014617598760805149,0.045706025770875056,0.005560345825617381,0.022688375724351527,-0.00024398887027584411,0.034370699085036996,0.02130410686544421,0.0305305265153991,0.001146707142873864,0.03493278259228085,-0.03309625411288561,0.02664618640085612,0.022446870555581238,-0.03193896777752543,0.032281757052413436,-0.010360764380003412,-0.010635214560773532,0.014599409977086477,-0.051847102288612994,-0.014030731654581434,-0.03958183585710387,-0.01013358607774573,0.020587584955429894,-0.05343412439874516,0.030378103603136346,0.014182455600071416,0.02360050571621041,0.007372355268390953,0.04387111695288019,0.023713564656723314,0.0008548694982566355,0.023376616997768558,-0.01696205732192095,0.024491157618739226,-0.024727991519993435,0.01787345060482616,-0.0022969624726382394,0.015927065627917795,-0.00820357253289523,0.008085288722927532,0.026316549414289753,-0.04667603695789609,-0.018966690737950986,0.018849792404240805,-0.048219342440567595,0.030253605693366034,-0.042631299474901956,0.015521977144690289,-0.004437140371836339,0.0052887684040170595,-0.02491500318139315,0.006118057347135266,0.009132739715823153,-0.008537868674398654,0.007591511115189246,-0.007742275254454533,0.009134877751216991
20170330.Fly1.1,1871.0,0.040029722735452467,-0.18929297123617128,-0.01926824128269245,-0.022119558849887498,-0.027564352988523225,-0.026637897906397312,-0.020823057391687185,-0.03065110886853392,-0.024536638413971,-0.007614559750362873,-0.015153252222633085,-0.02426736514499734,-0.0035895712521149615,-0.0345082697575209,0.0031824973714327243,-0.006304534192913985,-0.02561782787162314,-0.026227501523144743,0.005184636846135892,-0.023018354204635834,-0.012275012324474107,-0.03345903794552352,0.013291343438254482,-0.023710754915932542,0.011688779403513141,-0.02307483461259357,0.0284934027387288,0.0023858713814062485,0.010062410394830216,0.026555540391289816,0.014692643639338872,-0.0062433976648402275,0.019784257432893738,0.01132697201044656,0.015814538327353158,-0.021122252342947272,0.016385880505963842,-0.016841876936630855,0.016417844858427746,-0.012010910124698274,0.012268373516902242,-0.009973903127198204,-0.013183015730010706,0.028231952135204574,-0.011979938691307559,0.027015922259365263,0.003759152204251908,-0.004662531816377338,0.004607609187438031,-0.01945595120989445,0.013816457632037628,0.026637056651378683,7.192372937455272e-05,-0.007931368231108241,0.042321911192528934,0.008898616257792966,0.01337228270533455,0.00032793396801478886,-0.0006572274759908147,0.011964474096095239,0.00821194063966783,-0.021286600305248184,0.015026549634838737,0.00759116803129178,0.005829237188305655,0.02957201001572629,0.02440050036245577,0.012031603068644323,0.01599738014248355,0.03930018377570686,0.004128738654002861,0.040305488690191044,0.017706912791726183,0.007610568293927327,0.036629167913108274,0.009544504917138482,0.01975472007022943,0.020366783647151998,0.012716946537505805,0.00048363202545620865,0.014970099816154032,-0.010106741590747051
20170330.Fly1.2,1757.0,0.07316054784328463,-0.16636723591580882,-0.01887832503716712,-0.03442743347675035,-0.003911231557819037,-0.03308451257849157,-0.0190113788389394,-0.026508594832604197,0.0018892930441399038,-0.05128262763958389,-0.004025581589194178,0.017603518391781346,-0.03429562601550644,0.014669452106163744,-0.00956412042625459,0.0028357816726323187,-0.02219967933839343,0.010499357735276639,-0.018850502648047898,0.0013032663069195908,-0.018575640055602242,0.024583704530910785,-0.022943222907820277,-0.014781716551039555,0.03208427047981765,-0.04831038508312064,0.019554308357390058,-0.02262554297563099,-0.005787499920727064,-0.004841338247118505,0.012655801784237274,-0.020531094319002397,0.005498280056428026,-0.005343431325749911,0.005721315139996925,0.010575280562317067,-0.038081802005810024,0.003704859581241402,0.0072216568824089115,-0.00882495379756535,-0.03985986500020796,-0.012903173372771568,0.01743533095391253,-0.0017191864586021365,0.01447723955201409,-0.016124678176006844,-0.014695571733777349,-0.0003823408881522758,-0.022758085687660624,-0.0117918608287812,-0.016688634038238705,0.001069504069174762,-0.008668340711439525,-0.008263525136635197,0.029263690851677952,-0.01095510744894098,-0.012825098353421889,-0.010169959237949019,0.0017918518713463723,-0.0067471794286966865,0.004673185645184718,-0.03195941640255748,-0.02242012728658741,0.017420796531192363,-0.03475501846241427,0.011149547760554487,-0.041545602796563136,0.009371099832836235,-0.026650925925328504,0.01797508022493162,-0.03689212703712792,0.025171555578141953,-0.03417544118444771,-0.011896316813825874,0.00972431546238276,-0.02838973937587482,0.013216978099201231,-0.015513851707570166,-0.0007723268602497146,0.014046101321985117,0.026246040706837573,-0.007754947509504482
20170331.Fly1.1,0.0,NaN,NaN,NaN,NaN,NaN,NaN,NaN,NaN,NaN,NaN,NaN,NaN,NaN,NaN,NaN,NaN,NaN,NaN,NaN,NaN,NaN,NaN,NaN,NaN,NaN,NaN,NaN,NaN,NaN,NaN,NaN,NaN,NaN,NaN,NaN,NaN,NaN,NaN,NaN,NaN,NaN,NaN,NaN,NaN,NaN,NaN,NaN,NaN,NaN,NaN,NaN,NaN,NaN,NaN,NaN,NaN,NaN,NaN,NaN,NaN,NaN,NaN,NaN,NaN,NaN,NaN,NaN,NaN,NaN,NaN,NaN,NaN,NaN,NaN,NaN,NaN,NaN,NaN,NaN,NaN,NaN,NaN
20170331.Fly1.2,0.0,NaN,NaN,NaN,NaN,NaN,NaN,NaN,NaN,NaN,NaN,NaN,NaN,NaN,NaN,NaN,NaN,NaN,NaN,NaN,NaN,NaN,NaN,NaN,NaN,NaN,NaN,NaN,NaN,NaN,NaN,NaN,NaN,NaN,NaN,NaN,NaN,NaN,NaN,NaN,NaN,NaN,NaN,NaN,NaN,NaN,NaN,NaN,NaN,NaN,NaN,NaN,NaN,NaN,NaN,NaN,NaN,NaN,NaN,NaN,NaN,NaN,NaN,NaN,NaN,NaN,NaN,NaN,NaN,NaN,NaN,NaN,NaN,NaN,NaN,NaN,NaN,NaN,NaN,NaN,NaN,NaN,NaN
20170331.Fly2.4,713.0,0.5629426966663424,0.1121099482419391,-0.11826145553337729,0.11855776303718213,-0.07949327381934264,0.023320623774574178,-0.019971570983038988,0.012038379296681074,0.002669332447533739,0.10974531586275318,-0.13405979696018838,0.05156707743882964,-0.04804357298744967,0.10562650712511389,-0.07553390320665447,0.03989129670385463,0.02216999578695541,-0.047640727068453875,0.1176112581693695,-0.03640193077463701,0.02927110722722522,0.07647635739125867,-0.002322826560424115,0.021661069309563793,0.0512664640251948,-0.03003780543653481,0.09071522868941259,-0.0573886075827516,0.013958136474968066,-0.03615694195194627,0.061129368211033736,-0.08243837419797023,0.008315425844537754,0.10824539262400903,-0.09214360033538667,0.01244901137825933,0.0030237088059264783,0.08721181023691801,-0.07829800782544111,0.2013939142053381,-0.1492247031135479,0.0988183230717635,0.009324665446433834,-0.08816967839878145,0.1109238564558793,-0.05159431005542445,0.05381415122198302,-0.01532922576718972,0.06276149998554997,0.004052883143229689,-0.004061379274161617,0.14987508903651955,-0.031760126152554885,0.034163186718744507,0.03391378173611905,0.01839112162604355,0.0059101266667362165,0.0642949825631381,-0.02594539900489637,0.007481100018828691,0.05151676311611705,-0.0024073664899319693,0.08397473569943194,0.024930719130967248,0.08007349991662993,0.012553663830530713,0.012799002048887266,0.06213308379275768,0.10986927284500517,-0.023333407844621207,0.025706429216079803,0.06924783261770366,-0.01775326484514579,0.035717396240185814,0.09557272211979528,-0.016764566832394853,0.005476987740675711,0.07226076632420736,0.01791208353491275,0.17035800460539235,-0.12565708323234093,0.05880802493837592
20170331.Fly3.2,235.0,0.38316370962399826,NaN,0.05656979026467501,0.0010442376556678832,-0.03289197231702856,0.1698018278312981,-0.10483074219454085,0.05513507443018231,0.11132705560378904,-0.02999221722695497,0.03631210457940724,0.04155628315015104,0.006401917430938545,0.0882270968845621,0.02729772767849585,-0.06850610617991884,-0.025533690300276315,0.041323157408541165,0.02983894999474634,0.05030361056505487,0.021724772793493895,-0.14328812924452278,0.01888081238112968,0.06209437577125966,0.02021695924244626,-0.07227970399972924,0.16272218701792293,-0.1543620548263563,0.07061440800435684,-0.04775110787472139,0.015305650178580918,0.007410753534336442,-0.11284844615619513,0.06303273465678687,0.1013507742955529,-0.02854543984652566,-0.03621308894542053,-0.021776917886714375,-0.03455675663649536,-0.17491477635930022,0.24635414002061615,-0.025446585341867653,-0.0486131940306622,0.08332506908010451,-0.013207474473927576,-0.026014119984482297,-0.009085506178736704,-0.2468784842466654,0.32276593572865686,-0.133198387770187,-0.0621677215245649,0.04425785572391527,0.008547770866636968,0.03232736522788191,-0.12366797785532373,-0.0105510867519608,0.07287481009613811,-0.18708568827423233,0.10100846636908535,-0.06477326367728217,0.008157091141380666,-0.07141332049020521,0.03804150390539694,0.028851346648938722,-0.018883394666039582,-0.07756049129961257,0.09976125447334966,-0.08357574276101132,0.007238547742701246,-0.01593631180728615,0.044447100960452054,-0.07082389732218948,-0.061833917771782806,-0.006187699094878131,0.1294811402241962,-0.14088372910658636,0.05630946805142535,-0.11782664486507016,0.01639350866957605,0.13102747752341012,-0.03862274504280541,-0.13480949966085742
20170428.Fly1.1,431.0,0.268556750373118,-3.6615860834429643,0.08077535661347582,-0.14064861233136994,0.14749311528452486,0.049094568188860474,0.01734174963249495,0.09100072180001226,0.08861552908657197,0.010685997265327207,0.14656980871294953,0.03712687006793049,-0.04055277380284508,0.11527931396133609,0.033269719149216594,-0.0638717704548412,0.14981730156446463,-0.12282093926742743,0.053369686446328814,-0.05401248642606381,-0.004925394261950825,0.06517584885152289,-0.1701017658378038,0.13101017880511634,-0.037249842226687285,-0.11403252622160187,0.06569429895202195,0.015563306835437822,-0.05386967549407694,0.03381301095321792,-0.097517768338178,0.1583605948896059,-0.11645584910767942,0.04600348280302821,0.07971431942003003,0.11439035490582476,0.047030059774981085,-0.0210305394053437,0.1814807906268693,-0.06527090353474863,0.009880400395244862,0.02624532293555496,0.027713784316880347,0.022336255112995945,0.09099851160419478,-0.016862601633314864,0.0015809961572417625,-0.0016499888862307119,-0.030388428225604724,-0.10575764940800919,-0.00947219493869177,-0.07667742455498383,-0.08673099216250325,0.0015272423907129289,-0.037406076693276405,-0.03648612823391029,-0.03883715777544751,-0.05915371963143197,0.018275665797132058,-0.11222923593323741,0.07330731742182515,-0.04725264270791805,-0.09090876726054184,0.03763828989250528,-0.005209327415368319,-0.035478255129793204,0.013448138041524222,-0.12790672627740413,0.05509964751731523,-0.126635229195196,0.10989501517247435,-0.11943442865838402,0.07358997690756339,0.011224372359162592,0.05317709603388122,-0.09039027759651061,0.08956876363805927,-0.11209044406658603,-0.011264649129712076,-0.05811181207639028,0.05719059660575938,-0.07839661517770338
20170428.Fly1.2,1589.0,0.10491526530167583,-0.15813004448721957,-0.03983893996581907,-0.05616157481906346,-0.021291282345390378,-0.06627612143206961,0.0014916756233312482,-0.040362814559393924,-0.0043558597210669805,-0.02575073784301583,-0.030528800970891914,0.017198521269208233,-0.05904962521423208,0.01496424019828723,-0.045532785497762594,0.01502721856540425,0.005172185876659789,-0.019912578984861543,0.0341180455343251,-0.05865925896767444,0.025876974684377475,-0.03526859140759435,-0.024003152700781332,-0.02092023210013666,-0.08721712645609844,-0.0034408386972506703,-0.07445896239681547,-0.02147850024258218,-0.134727546131675,0.03015981588921552,-0.08951491114617209,0.007262975683899389,-0.02772568840627382,0.022969922377021803,-0.008299135415248139,0.01888452164848668,-0.014935616828003043,0.05865159019976887,-0.041867275265475096,-0.016255961744508995,-0.04955761315176792,-0.02172206901038056,-0.061959202570761845,0.006039911310153856,-0.03497585921288053,-0.045252100282749584,-0.05496996316613069,-0.08863555996177622,0.012095780468735723,-0.12834171366339053,0.042094282033645423,-0.06093649542295823,-0.043668454135588675,0.09096955253206276,-0.031357877174965514,0.0473385180738772,0.014536888817338778,0.03223615133455936,-0.01989777151148195,0.05342216709819327,-0.03818705200923983,0.010268397672387478,0.04434276633738768,-0.06112745731143564,-0.0020056810007556217,-0.0309866904649594,-0.02913760937808135,-0.07218485054483115,-0.005332408583611076,-0.11108635048985581,-0.021984768417539054,-0.05710808924186573,-0.009468766749263276,-0.06881897536470714,0.059274068683962365,-0.06808684156111008,0.035315029522228585,0.016904719162003617,-0.010767659521887256,-0.00016954905539032748,-0.05590950526351701,0.05608987899223053
20170428.Fly1.7,129.0,0.7120460964520338,NaN,-0.36214571496361675,-0.006352619708880403,0.29809747792522706,-0.2316031839092167,-0.19483832963551928,0.3313997284097689,-0.3941121041407432,0.2169604732176637,0.16012889455804602,-0.3598537970665271,0.40275391929406434,-0.09205352465963998,0.10697345454427265,0.06781599959536908,-0.19412047153833845,-0.05176625468422032,-0.49485293294875193,0.043136270577029796,0.03903144238083427,-0.22268278177976747,0.20387165420789202,-0.07099314807373638,-0.6545013169215049,0.15711824752653825,-0.016354644519790636,-0.2543485315465545,0.17098386930287232,0.18543895060250157,-0.07602672279557302,-0.07373255545168247,-0.021096471649886206,0.061756424972983365,-0.15069533834924487,0.15866871116568487,-0.10415987138678154,0.6438119090644331,-0.15216862332931194,0.3767214602158817,-0.22670326948252517,0.2430498922472317,-0.3746284520358157,0.42595406190739094,-0.19651944750670733,-0.16236345434181088,0.7023299506340848,-0.827192523054707,0.6763930713705535,-0.7573799362510792,0.6040910898007549,-0.5608631508123874,-0.1143962881445558,0.24414896214612694,0.18730749418606402,0.04571995741370998,0.07370207580933293,0.7142845906909989,-0.8911970080511099,0.7029733215475858,-0.26961603834247655,0.6099559294427359,0.15659355833574254,-0.3908987337904974,0.5125744175666599,-1.1919524607748004,0.8722525119198121,0.23096536395599282,0.005284995477252696,-0.5725646064091579,0.9052631720921804,-0.7343374878603232,0.09699453046230225,0.21769812941277544,-0.20582392359526547,0.15134484141109536,-1.0344575319162856,1.2883397963874381,-1.4864993282675059,0.7666272547560697,0.3172513946720342,-0.9006300034647174
20170428.Fly2.1,1309.0,0.182446352262158,-0.12900265639987718,0.10223710612943317,-0.06048550300563782,0.022815639653686243,0.03051376404561345,0.0198219225401028,-0.003231621576976488,-0.02959075727957762,0.010740577536204698,0.00537621355398858,-0.02509358655634385,-0.038212908925118465,0.0604028229189318,-0.0625586123460457,-0.007835519061649861,0.01676435558353291,-0.013740557786082179,-0.04683847353868146,0.013996717325487615,-0.021630373136442647,-0.003029020389285448,0.027995186674976302,-0.022584140689847043,-0.018193658179021625,-0.042819372593070684,-0.022396073353125892,0.0477020442479097,0.0061422658529180635,0.01857101819574654,-0.0761043091036589,0.0740348773262098,-0.017466932403991046,0.05988182650505172,0.020828808609812583,-0.020595753275538534,0.005784154966173179,0.040106148910141776,-0.009317695303440753,0.041539972833687336,-0.028124258378741416,-0.012823416373049235,0.0006654728346651879,0.024545432929155692,0.018991702729438543,-0.05578549990229883,0.06410526296887378,-0.06893715208636254,0.0077580807492202315,-0.11647615362880782,0.052477999264603226,0.013620367938669569,-0.08832768083137905,0.00944348974280139,-0.007429441092052286,-0.06908324607207084,0.002247881938501544,-0.033122375944277915,-0.029972239205463554,-0.022433965703375622,-0.0856372516510242,0.05129061558617637,-0.021460776130084805,-0.044142197969286756,0.04554497743875737,-0.09829144097926165,0.025123409497023755,-0.008958022041765268,-0.011129428668301466,-0.0740030100581279,0.04607026650465738,-0.030590479834593662,-0.024957423196033494,0.04174787769356998,-0.047313488691593415,0.07022732156544323,-0.08601851000906671,0.09646288965624994,-0.07487216953485201,0.06756331191572354,-0.12006379272993405,0.08486348760670388
20170428.Fly2.2,1689.0,0.23333594008518987,0.025034761542298112,-0.05093540207238486,0.005885760900931965,-0.01702523579544779,-0.04471765778296911,0.004078811681143024,0.00029674397164180903,-0.023009463224031666,0.030373081751221026,-0.03762710792790046,0.11998882894618923,-0.10980930157397842,0.10886823842731615,-0.05821245795245838,0.007081279158838992,0.018684043478688767,-0.06140684447621885,0.03282338280320291,-0.002181397802724315,0.028170050899436354,-0.027917764912810488,0.020430173243370015,-0.02354585746141448,-0.008584747555662384,-0.005334754548809525,-0.039845156193420765,0.011694121638772575,-0.0029694294582584017,-0.014601381217321012,0.019877151939684597,-0.022295604278346072,0.05144584167255298,-0.03800618164017628,-0.0024230108164742872,-0.04379261248437485,0.024484107558023507,-0.06757595068349746,0.011063488758765016,-0.02546703739284137,0.028336326674882614,-0.00512870005562706,-0.06328850745451632,0.02744096440185151,-0.03295199366904862,0.0018248184514591571,-0.03161341931794159,0.001444646445524769,-0.06802176958714948,0.044221935884979004,-0.02524086587693778,0.024045264167125047,-0.02512889656937091,0.005762566691425313,0.0038002135588957996,-0.041698860170261656,0.018025420372752676,-0.03463562901918331,0.009797468658389357,-0.004258364979249082,0.0026150115941875537,-0.045311257756500696,-0.02681042935772677,-0.024982916385649968,-0.04129237692385054,-0.035761674686400104,0.031482192834093974,-0.05347235341448086,0.02519528354327249,0.002453968987722637,-0.03583337968715826,0.05619130310668158,-0.03968638542114693,-0.012881171394994072,-0.04085458703688741,0.017102188862234354,0.027792999193258932,-0.029380748832056484,0.028727894892866857,-0.05461931388808259,0.08710640380643403,-0.08689968740453527
20170428.Fly2.6,1363.0,0.2465888592342499,-0.024910650951605717,-0.004284032578209734,0.005980557466066563,0.007532697693825689,0.0346967061365949,0.008330954922062365,0.04388461498631823,0.021039340854063553,-0.002195127039043076,-0.002030477668203301,0.04266908919310948,0.05424155071676989,-0.033107726717682404,0.021112767532741657,-0.008399192873427802,0.04914274707954043,-0.02672375719294856,0.03453736525715701,0.034388308379755456,0.03478506286291268,0.0503165184198156,0.01761569636069018,0.05777527007557217,0.02779619264717165,0.016079774364168492,0.00854254873394629,0.015685930092196997,-0.012491783537891956,0.01052784112191421,-0.012394034230290873,-0.012149854822598352,0.02259913595153517,-0.003612483834413612,0.030448450945336762,0.004481472747166703,-0.012345624301630283,-0.020469352294611744,0.03709058161705195,-0.03410583505624045,-0.006854754750322866,0.004308198846456782,0.06147353836479758,-0.0353767746018393,0.04834073256990206,-0.030139250975132342,-0.02041312320845881,-0.004149315589028001,-0.016714308367396666,0.003959432641761686,-0.029748321628821246,-0.013174622825844785,0.019169624896413225,-0.014879700156488039,-0.032075068498081775,0.04257921671425502,-0.0033387677562431734,0.0016603710040886859,0.012502964338080763,-0.005372319914994106,0.007920409599962725,-0.0070051300384136326,-0.008549697726074692,0.009773478080669567,0.01660046590767606,-0.011585863650465668,-0.00698385135254339,0.05601124013715321,-0.028182940943023878,0.07946588670583149,-0.011443384765804924,-0.016156928917982042,0.04152485642468186,0.0001787440832304154,-0.031703475907570874,8.664829044487642e-05,-0.030518547939342403,-0.00908875183019437,0.00766208792717013,-0.014824833511137437,-0.028417704143871927,0.02378992172396554
20170428.Fly3.1,1409.0,0.058493002196103976,-0.2658539061382523,-0.08755282727959687,0.011432534719696463,0.049045698314899036,0.02740181019919263,0.0011814730160407579,0.13824234002058378,-0.15246981866300865,-0.005195664799245832,0.09894722290680318,-0.11835676434583045,0.1539221096130376,-0.0938114922634061,0.06118134537753789,-0.053151426075130674,-0.006003489474579585,-0.057057480547665865,0.0007971597467987326,0.026545400997191694,0.03772863556218335,-0.12436210851630222,0.08359744519384302,-0.05261569836131448,-0.0038527034892435405,0.027786809165514667,-0.0258509733200166,0.06548036135080051,-0.13671471276404423,-0.004831397835611616,0.1288064096898997,-0.21411603573702503,0.12848010525503895,-0.0127630575775339,-0.06502147526514311,-0.013705452326968688,0.06900677079971371,-0.05152307447278935,0.044137855200054366,0.042995286888607355,-0.013878633657579017,0.021905310273016586,0.0228032440862197,0.039507046006159716,0.0013462935248999778,-0.029558435866972856,-0.08303772266676646,0.0459354408028754,-0.028711488695196893,-0.20071968614752836,0.21197298065143338,-0.14603986807827113,0.2296948323695871,-0.1792362369304876,0.17596018825495258,-0.0972571935409705,-0.004713446599503231,0.00931032291366458,-0.07312527770121985,0.12443136328697363,-0.08817745853061529,-0.004982029570607623,0.03868475350432369,-0.07780291394846485,-0.038161155474026556,0.09855466684003403,0.020658625802712292,-0.0030135256566810494,-0.04811370319155054,-0.001431208577481316,0.06072246187557456,-0.03117055067711736,-0.06696041129774605,0.12239672643916062,0.015537613611626554,-0.11270857834425031,-0.03580263191879677,0.09587743824105671,-0.19714690594296788,0.1275564423965168,-0.02373291976249922,-0.06300421390174457
20170428.Fly3.2,1504.0,0.12128869065168947,-0.1561990912477771,-0.0772170188460622,-0.018142804394530143,0.07979141153475318,-0.05179231180110298,0.0087595920023648,-5.390660095331429e-05,0.10626203921389413,-0.14359390258952534,0.07027911617135131,0.018110466702275257,-0.06365076480596468,0.07593916903494051,0.00892985081362381,-0.06230257545055383,0.017440145392425714,0.02987402397326841,0.04931339197195996,0.08253538006382435,-0.21471781211267904,0.142367821394854,-0.10365536428995538,0.1512592982517143,-0.14256305926955543,0.12566925627879474,-0.05606754815943535,-0.1813709593943404,0.27757654325673436,-0.07676635001074847,-0.046284111806646724,0.10522199303467117,-0.051589165208100946,0.058300588191489366,-0.13651943079877882,0.0619589556901397,0.05421851087176371,-0.10210447526607125,0.1368826009284883,-0.0778934084594794,0.165556225397182,-0.14675256178068516,0.08431210872686615,-0.030694536549920996,-0.025784148428059955,-0.03546076114393297,0.020219989121298878,0.06984662848959157,-0.16142665980458035,0.17637493524789194,-0.03888636258200238,-0.06355351309641102,0.1688416855348094,-0.14222823568390677,0.03632708951239155,-0.040404705999169066,-0.04354198843749583,0.26375084793129994,-0.151563792242205,-0.05723557167994196,0.09854804561801268,-0.04593481107165945,0.053229910353637604,-0.19188174941018366,0.14488744981846155,0.12572509803112472,-0.17193116119146185,0.06732066724117666,0.042393610023233816,0.057931154076341924,-0.11738466510744644,0.19601205863210733,-0.1495821181197504,0.10350243799251128,0.02163287333444775,0.08782098802477839,-0.0622511319429095,0.028515698806285447,0.0862410934632451,-0.09901571190751163,0.0404937633481316,0.07950263630612368
20170428.Fly5.1,0.0,NaN,NaN,NaN,NaN,NaN,NaN,NaN,NaN,NaN,NaN,NaN,NaN,NaN,NaN,NaN,NaN,NaN,NaN,NaN,NaN,NaN,NaN,NaN,NaN,NaN,NaN,NaN,NaN,NaN,NaN,NaN,NaN,NaN,NaN,NaN,NaN,NaN,NaN,NaN,NaN,NaN,NaN,NaN,NaN,NaN,NaN,NaN,NaN,NaN,NaN,NaN,NaN,NaN,NaN,NaN,NaN,NaN,NaN,NaN,NaN,NaN,NaN,NaN,NaN,NaN,NaN,NaN,NaN,NaN,NaN,NaN,NaN,NaN,NaN,NaN,NaN,NaN,NaN,NaN,NaN,NaN,NaN
20170428.Fly5.2,0.0,NaN,NaN,NaN,NaN,NaN,NaN,NaN,NaN,NaN,NaN,NaN,NaN,NaN,NaN,NaN,NaN,NaN,NaN,NaN,NaN,NaN,NaN,NaN,NaN,NaN,NaN,NaN,NaN,NaN,NaN,NaN,NaN,NaN,NaN,NaN,NaN,NaN,NaN,NaN,NaN,NaN,NaN,NaN,NaN,NaN,NaN,NaN,NaN,NaN,NaN,NaN,NaN,NaN,NaN,NaN,NaN,NaN,NaN,NaN,NaN,NaN,NaN,NaN,NaN,NaN,NaN,NaN,NaN,NaN,NaN,NaN,NaN,NaN,NaN,NaN,NaN,NaN,NaN,NaN,NaN,NaN,NaN
20170428.Fly5.7,333.0,0.14037558514932558,NaN,0.01697354963775448,-0.11564326948825498,0.20648282220886324,0.03487419812348308,-0.07971785527664671,0.06304972358640246,-0.03267749563913346,0.01674307581272673,-0.09742318941652485,-0.18708220051205582,0.16780730893790669,-0.14793411805201467,-0.1381639492529055,-0.12062197307719988,-0.0797635666715206,0.016049529829386584,-0.23898701903525804,-0.026477958110404903,-0.09547614877076722,-0.11307254035511938,-0.00036521247959757364,-0.12266716100915052,-0.005656290371920593,0.10791405689849415,-0.013991397715771653,-0.04499222739985151,0.11944652934647089,-0.014071094478397016,-0.04516328799390901,0.0010313683445810976,0.12769187880039276,-0.16905019444220043,0.05506174829640572,0.0037769003189704747,-0.025989963219410387,-0.055271686012719215,0.08592407515433605,-0.034205359797385954,-0.010552837071687027,0.09484282014096164,0.03340032535974189,0.006058527847023543,-0.09616402561673984,0.288602997682457,-0.14611963519457882,-0.019248734861348614,0.25268383934718686,-0.07862186518402808,0.11582706727819889,-0.0009875660100942055,0.11238444053378585,0.0014474441973765517,0.03726780855196658,0.34284449755982427,-0.2873091335097337,0.029392808085060403,0.2629784007468885,-0.039722136216699136,-0.1304251255929764,0.008987240899012844,0.20702041269667784,-0.06805025134013235,-0.03369185330210302,0.06673680854101695,0.03752275265870558,-0.009980209512777831,0.01711670967914284,0.11958251429145153,-0.09980943068501373,0.12137392138462105,0.06265626736976085,-0.11574020931424042,0.2107459456359856,0.029755853322416845,-0.09930261178688227,0.08084642812803665,0.057754851342220435,0.11980947118118815,-0.13487171893596145,0.09224891642033045
