TRIAL,N,R2,R2_ADJ,-4.000000000000002,-3.900000000000002,-3.8000000000000025,-3.700000000000003,-3.600000000000003,-3.5000000000000036,-3.400000000000004,-3.3000000000000043,-3.2000000000000046,-3.100000000000005,-3.0000000000000053,-2.9000000000000057,-2.800000000000006,-2.7000000000000064,-2.6000000000000068,-2.500000000000007,-2.4000000000000075,-2.300000000000008,-2.200000000000008,-2.1000000000000085,-2.000000000000009,-1.9000000000000092,-1.8000000000000096,-1.70000000000001,-1.6000000000000103,-1.5000000000000107,-1.400000000000011,-1.3000000000000114,-1.2000000000000117,-1.100000000000012,-1.0000000000000124,-0.9000000000000128,-0.8000000000000131,-0.7000000000000135,-0.6000000000000139,-0.5000000000000142,-0.40000000000001457,-0.3000000000000149,-0.20000000000001528,-0.10000000000001563,-1.5987211554602254e-14,0.09999999999998366,0.1999999999999833,0.29999999999998295,0.3999999999999826,0.49999999999998224,0.5999999999999819,0.6999999999999815,0.7999999999999812,0.8999999999999808,0.9999999999999805,1.09999999999998,1.1999999999999797,1.2999999999999794,1.399999999999979,1.4999999999999787,1.5999999999999783,1.699999999999978,1.7999999999999776,1.8999999999999773,1.999999999999977,2.0999999999999766,2.199999999999976,2.299999999999976,2.3999999999999755,2.499999999999975,2.5999999999999748,2.6999999999999744,2.799999999999974,2.8999999999999737,2.9999999999999734,3.099999999999973,3.1999999999999726,3.2999999999999723,3.399999999999972,3.4999999999999716,3.5999999999999712,3.699999999999971,3.7999999999999705,3.89999999999997
20170111.Fly2.2,2026.0,0.01848998783705036,-0.1941114588408448,-0.010988480893330304,0.004737513976855057,-0.014117868018955222,-0.011751074695414131,-0.016314355917303902,-0.0043675285352959715,-0.011366726974552935,-0.016843709442336936,-0.00481450656559003,0.0022414578203045453,-0.008546035630685879,-0.0002476848348755686,-0.02356116207010065,-0.005453341568793453,-0.009100949071099918,-0.02660026437767326,-0.0051405793462150975,-0.029344190010835478,-0.0038064226095511746,-0.010962963935676088,-0.009200792420916846,-0.016622431141133234,-0.001324254468600582,-0.004907618254465798,-0.008049677543613631,0.006917720031286576,0.009838551921350485,-0.00011763809480885151,-0.0020253625963928584,0.01375909801748508,0.01611605751246351,-0.010472364060126523,0.006740004327774463,0.01379381471249251,-0.00028203538450649124,0.007171854783269108,-0.007103771165613543,-0.010749374460019872,0.005562555594469968,-0.013564686588242267,0.012475464524439978,-0.01662807579409046,0.032305601514820786,0.015051325611940503,0.03365463318302575,0.03840119137238014,0.044975655654635384,0.04224021884376405,0.0627457681198662,0.062494345798904415,0.04788733744123591,0.06684377998959341,0.06377519598097296,0.07541611280151453,0.07811895126109634,0.07078704144679711,0.07487022762573933,0.07878077738843371,0.06759547835009762,0.0847477011776575,0.08897698137482468,0.09051570382671072,0.06395434485843529,0.08854067452053353,0.07421863615753094,0.07479408644463661,0.06950640263606575,0.06553062766628098,0.04855294158336619,0.045864534913749394,0.04699665307187768,0.026003324488415674,0.032493229690555465,0.026983459455543583,0.0189753814793829,0.018852961829528593,0.012147433074760523,0.007313245078247384,-0.004579446870481166,-0.003935092567043313
20170111.Fly2.3,1545.0,0.10418087652858554,-0.16888845831452115,-0.0677055946461217,-0.09083408534707067,-0.0933954301374803,-0.09534905461819074,-0.11424385034220579,-0.12025064826176042,-0.13258827622994176,-0.12703425113095515,-0.14299933990839706,-0.14902849123543374,-0.15693750512223398,-0.14595973128727266,-0.14966461968702754,-0.1448885156606569,-0.12118434997797606,-0.12401882055096944,-0.1257401034066173,-0.13118264168931207,-0.13131780280129837,-0.128384114485793,-0.14513553320657394,-0.12969306240816614,-0.13754449759669762,-0.14121243353619667,-0.13366392618965645,-0.11835212266118728,-0.11073183582359117,-0.09306339279815998,-0.07066614163795323,-0.06969246063860056,-0.04581939677217117,-0.04731328817750265,-0.035284256202704076,-0.04063622470204587,-0.05329316446460621,-0.052372217715280646,-0.06147523715788284,-0.06430514506998826,-0.06328648684917318,-0.05592845248480843,-0.022934291719476214,-0.018081576916084606,-0.0018281824594200621,0.014835393090001696,0.03522743167678653,0.037225506820976216,0.0419390724409456,0.038783142879869524,0.01811054635272295,0.029478028254235077,0.00963754807164352,0.009185103315640122,0.012181687830303684,-0.005186268202299633,-0.004798613862374495,-0.008271328933927624,-0.0057580592946214655,-0.013520565818461682,-0.007793091369985534,0.0018832341372009842,-0.0037566933964697027,-0.0012736776490779485,0.0008295266028699334,0.013160142323423888,0.00357844470267301,-0.006336811670381935,0.008321025079885636,-0.0009382952513412521,0.01696993313919725,0.022449248982190438,0.007838350914406537,0.022445317216824405,0.015241473533366537,0.02053504690639313,0.034479988115970105,0.037374253216075494,0.038446054399972125,0.03436140032559819,0.02819565912585681,0.03340175842403691
20170117.Fly1.1,2304.0,0.0813514252580182,-0.08911944428173113,-0.02552073046921589,-0.008288795156144984,-0.034532352461283375,-0.021986945836814584,-0.05107981542080798,-0.033868564470104515,-0.03981201906693968,-0.05602383251998133,-0.05353718054780766,-0.044565361951619906,-0.06883076694203469,-0.05830460008448885,-0.04882071981958871,-0.052159562928550895,-0.06457222514928275,-0.042646599734234666,-0.07268685583124455,-0.06337906875666725,-0.06850169522295799,-0.06656546926250348,-0.05623584868294617,-0.07743624733023563,-0.07520660724582211,-0.06519628911954627,-0.08069920417807486,-0.05910656629143693,-0.09244106637465681,-0.09566852865613752,-0.0735257995987935,-0.09486217399302606,-0.045461724763244615,-0.11881980130591775,-0.047826714269017356,-0.10225997214035491,-0.043817177416486296,-0.08940073942410418,-0.04940614474795342,-0.07102621885500612,-0.061750566245699065,-0.06803666298932376,-0.034410035696052006,-0.07919942173811358,-0.05245871399602227,-0.025323844666280723,-0.05064841774064012,-0.011377583114888023,-0.025886319245535135,-0.02921161743472698,0.0030098303697063,-0.025351816627095854,0.02916371204298305,-0.046002685519098564,0.031079504919376194,0.006637968853095616,0.03349120864736194,0.001259531716223704,0.009197274885270413,0.046890859015421844,0.00464370384634891,0.02657826151660339,0.03180616847074758,0.009717304979589949,0.0275066149454275,0.00906064622868771,0.022880574977871708,0.014364467465511135,0.011769437951515598,0.014581734999192764,0.0319492219436291,0.0035478646920558635,0.04801246144930263,-0.02583883578599164,0.05817065918915241,0.005511246936770843,0.024116313661485596,0.021465811718031517,0.016950504055229867,0.030157853281916468,-0.004406964294594978,0.03051194662538104
20170117.Fly1.2,1577.0,0.10148621070194074,-0.16517905240383124,-0.05332787174264827,-0.04864946700148752,-0.07419386681534745,-0.05995886427609312,-0.04958343433727068,-0.0761744572440582,-0.06738848645256193,-0.05895580516334294,-0.06950149714403024,-0.07297906423557833,-0.06035478525515321,-0.06723964093100593,-0.0654798937370865,-0.08661451473186232,-0.08371088467184967,-0.05337950215828259,-0.08846990184494324,-0.06425693020209368,-0.0762313892955555,-0.06809055017533261,-0.07012132551016365,-0.07908473313024306,-0.07692571601712825,-0.06306939591191876,-0.09247552037207132,-0.0791520859730549,-0.10754343133056699,-0.09778158015251084,-0.09628636865924697,-0.11952871986343201,-0.12153269243801709,-0.13810822024531655,-0.14187024107668525,-0.16393363017377743,-0.16283000109372103,-0.17313124889233908,-0.19195270083098223,-0.20006397688717653,-0.19281900593716056,-0.2102492049835671,-0.21707501912376465,-0.21764469193502722,-0.21808562569350987,-0.2062460194435692,-0.20827424417514434,-0.19964429708574585,-0.20557959986011579,-0.2061422874821209,-0.17403967864422645,-0.17953232605583477,-0.1713340957410243,-0.16621368507391546,-0.17125112041880353,-0.1538184669165244,-0.14157564411433093,-0.15859092271344627,-0.12060675364938997,-0.13175253898629968,-0.1282543192288359,-0.10778332601529919,-0.10780605599111223,-0.10443775168280614,-0.0745817836180469,-0.08919610679970971,-0.0787170125557266,-0.07495083051522067,-0.05443816254935094,-0.05460062380373547,-0.04543975773978887,-0.045204525116867816,-0.025817403442309903,-0.052001293774091725,-0.01801035827131479,-0.04610332456331219,-0.0301172997823273,-0.0421483350876839,-0.021957940291796395,-0.049456311260624844,-0.028772692134640912,-0.03498725289417241
20170118.Fly2.1,685.0,0.20394530227376573,-0.6888263213444403,-0.006568788143417009,0.05349889039557954,0.004419789966496904,0.039895148739490786,-0.0016398285505505382,0.028945111490169123,0.013862125926457884,0.022322571549196226,0.05173132604629469,0.03474818897554845,0.04407620981849448,0.044102881849839404,0.05695998594612115,0.04914888942948452,0.039915792518771746,0.06072850497525377,0.04005106249773274,0.08336698437294242,0.014090795360349347,0.04459054274031531,0.04581207737813682,0.031845909987070424,0.01474964969890113,0.014833367473848263,0.0013935014201307497,0.017066872424257577,-0.0030448483840532802,-0.025037009990994855,-0.0008410901060077487,-0.026941169026158403,0.011596645627832022,-0.02746410538788116,-0.012388621927670061,-0.032696631993674785,-0.0028905555830682148,-0.006277372076316167,-0.04732100574353212,-0.015128563177141566,-0.0508256667711596,4.794185932777313e-05,-0.03417255915207908,-0.012960479711499578,-0.06264355773207755,-0.036163492102290765,-0.038039694967290996,-0.02320747740536247,-0.03185619135571757,-0.012557698789487506,-0.04784902164849123,-0.03876829924325904,0.030025280249310084,-0.0517058639732669,0.00041853083437033006,-0.030037146592015708,-0.009793475077171262,-0.003767223002167967,-0.008216833873115417,0.008613087442818046,0.008359868473057884,-0.017115527257152166,-0.039846759085113814,0.013283887217331153,-0.03329500508183153,-0.027372041187088116,-0.01922097277520714,-0.040305154592637935,0.00821958232675932,-0.036775526806107364,-0.047217546684280964,-0.029213693949598316,0.006372617525981467,-0.057917860351383355,-0.032150538341824485,-0.011084535995117748,-0.05376404586387616,-0.011376259788542585,-0.015347395578395838,-0.057616445010264104,-0.002538691739686391,-0.01719565776680638
20170118.Fly2.2,290.0,0.18152624532700368,NaN,-0.08070639830744039,-0.04938132384320096,-0.09145761153293668,-0.058612556030566504,-0.09304998630763847,-0.08946402875649034,-0.10406801985553886,-0.0703004185048675,-0.06550760548791698,-0.04011368574538694,-0.14691342035617483,-0.12947183888035016,-0.09076585773293694,-0.08213412946628887,-0.036804300483765484,-0.023409618243469037,-0.10783552935194811,-0.04277956698954809,-0.09538306403497389,0.007436825388152796,-0.015326568499345614,-0.05360667357201526,-0.02930047497961234,-0.018876713046860408,-0.05388393704778959,0.024061636705278104,-0.0406369271220101,-0.04023070695922981,0.03664355241466287,-0.018658609753031685,0.013056917638788666,-0.017604844352934426,-0.0015553918504702079,0.05796633616858776,0.02240111490603407,0.012447350280840125,0.0704655899019543,0.008858378091398507,-0.010918320066829166,0.012318371362584422,-0.04789620386121517,0.033132715427075,-0.01863109280736147,0.05289712361013265,-0.011606569084701063,-0.03541299082590334,-0.03885978817520007,-0.02017465236137814,-0.058257828062505186,0.057349155837016816,-0.019269792599216747,-0.03332332695228959,0.006749749780994126,-0.07367933021701112,0.0252436699111671,-0.04586401467483412,0.07798963905984738,-0.0661209143244443,0.08766390823547873,-0.05310438495293303,0.027195635717132502,-0.04158801962611317,-0.020567514681369574,0.004772004877474461,-0.009577059761329021,-0.06731133154113966,-0.028995555240121207,0.018044629750089518,-0.06630513302506214,-0.017803692679318306,0.039218189867593775,-0.06645536542651846,0.06316170191024995,-0.06157472533871399,-0.04423016453218585,0.002804494734184114,0.03595337927301624,0.03267933066921409,-0.04276038033955526,0.01838341073383338
20170118.Fly2.8,778.0,0.1801249401776528,-0.5328098944504753,0.07823421589513246,0.13382980186743712,0.04249641190672909,0.11526161237252965,0.11533013494958885,0.10562316696148868,0.09309710953767283,0.07208454260016411,0.08778422600028427,0.06457129018236812,0.056943610459744255,0.08687732956734665,0.03194462734457039,0.06482403716641368,0.01674040796934093,0.04336616405046826,0.059676120048445594,0.023471998971422894,0.002926838733025277,0.055315992324576686,0.009120653569866962,0.04261137754456418,0.02299339140085195,-0.004014525910095098,0.01897792680603532,0.045471090236136436,0.004727244349040496,0.019095671119083654,0.01779830980780598,-0.00405140068364427,0.03256894100920496,0.05278601234607334,-0.024280635297492394,0.06144161706860574,0.030324479985789403,0.03254216015357419,0.03137904758326266,0.03219979683639021,0.06426208851921779,0.04369196654800468,0.006076528720378825,0.05971505617600506,0.023994322471207183,0.07441291768720427,0.07277197743093003,0.0279687963059822,0.062312759083616,0.048493535160987124,0.056141161464244645,0.04848396079084407,0.03408438655287295,0.02233878025988635,0.04044939321136615,0.03747740354427674,0.0048605080537783354,-0.02694607130150148,0.046704762223231736,0.0006437855650222096,-0.027463982898802683,-0.004983682127438327,-0.01299897943099542,0.005173186225738454,-0.07703306466509413,-0.012083067641116343,-0.006472288526791766,-0.035903189847008604,-0.03689520877961804,-0.0673981144588384,-0.0044149522245592945,-0.061270029993086936,-0.07405337130068047,-0.042612450499002454,-0.05091591848653072,-0.07438973782349725,-0.04736391949978286,-0.04441385675928892,-0.03154012562811998,-0.06851870162730171,-0.036476992301034704,-0.026416444573750475
20170131.Fly1.1,653.0,0.395452366997396,-0.35761734885359875,-0.050537294645450676,-0.041961409977642306,-0.017709520082354442,-0.06542629069300213,-0.047113796490635226,-0.06397257271970654,-0.06309326505572217,-0.0717402266660546,-0.06548901701171868,-0.06758959250783443,-0.07706825674715911,-0.08478244761609555,-0.0660157309396491,-0.08302438093960125,-0.06006985712270082,-0.06849529302143033,-0.08306076878835572,-0.0903610661068688,-0.08677235140292545,-0.08259604052506925,-0.07271357199374291,-0.11909236930839698,-0.05966476023801712,-0.08880576852857218,-0.09197165002963831,-0.09722619809009883,-0.11677891960964547,-0.08463515038079866,-0.07803971541971916,-0.12320662996969016,-0.08759086776071008,-0.09306807839768741,-0.0937687218113969,-0.08647318403399006,-0.08011456378466676,-0.0652672577140324,-0.03535736395012777,-0.05426267649526469,-0.04316445117921578,-0.02828607250978431,-0.012947154150959931,0.0023397839834423066,0.020443593592410936,0.00010742065398078836,0.005782988380869471,-0.004225835368357172,0.002958048707518833,0.0013209931749631025,0.019116087975207384,0.004206338407721421,0.0026638411382058323,-0.012024676157910499,0.011899468783844562,0.00550724650342246,0.00029554447431105746,-0.016825908625885108,0.003039089030775908,0.004892964678268542,-0.008665544332115822,-0.015917452146649583,0.017714143396712755,-0.011410098011582742,0.0009439257713225596,-0.023948810378572136,-0.0037946780067943248,-0.01244151598259189,0.012079256531893665,-0.02681504540337776,-0.002940472309250216,-0.0018869337845923984,-0.0017832557589729991,-0.02276495605794393,-0.00486377565436032,-0.005017063256417091,-0.010103793859348901,-0.0022371278318817217,-0.000624926108856806,-0.015861302880576755,-0.016217852013196723,-0.013723391664503284
20170131.Fly1.2,1580.0,0.11157115447277079,-0.15145054321621165,-0.03848489981782188,-0.04384520071795529,-0.03196592716483544,-0.0306486811565783,-0.04621852401854097,-0.04361529219408206,-0.055911035896235285,-0.04739152781678755,-0.06323802726766825,-0.04626285054684295,-0.047734398265032264,-0.0519363432281863,-0.04505229800681386,-0.039537982444983084,-0.04713263117684376,-0.03796152104812971,-0.052690695591207565,-0.04569055113746636,-0.049219356153811775,-0.03588454627798961,-0.04099123351123754,-0.03777295055974879,-0.029725467844122822,-0.04985998700803697,-0.057013098225035384,-0.051989892322275244,-0.04161027626857753,-0.052560051851919365,-0.04644332777951991,-0.07536503779065837,-0.04192290111854107,-0.0748619038388008,-0.052878176368575086,-0.058210690036850504,-0.05498795778760119,-0.05292987947278872,-0.044476715975216935,-0.04154311207393897,-0.034057174656242986,-0.03480492636612422,-0.04112394775976901,-0.02437133803757594,-0.020711681528884848,-0.01690677603566519,-0.02122792947398563,-0.012936291214515248,-0.007578481591583394,-0.018734736713115208,-0.0017892753972255596,-0.017727695816793863,-0.012820038633687475,-0.004162647121885153,-0.008169929326564268,-0.012942432593675848,-0.013634088835246794,-0.006255225275640817,-0.022111847972535858,-0.013267481279851497,-0.008903847692372813,-0.005985077781722397,-0.0213770470491143,-0.01937633407010652,-0.020937388467570886,-0.02198046830213545,-0.026025483954395665,-0.034135683735123185,-0.026290094414846883,-0.026472050861389568,-0.025882497948466296,-0.02237119039615803,-0.03272112241746833,-0.03723134427222292,-0.009562193957420608,-0.022409425096512066,-0.004601326713651571,-0.00606702597848107,0.003573608726386069,0.000367129203533427,-0.009398306907122015,0.003768483096440879
20170131.Fly2.1,1940.0,0.1736356325053411,-0.015127801693946674,-0.02496228035719794,-0.03889783008777283,-0.03512572499474697,-0.04572216148738123,-0.028779113618869482,-0.019714152403511057,-0.028944245720694227,-0.03552923915117708,-0.0179595552750298,-0.014269202490063235,-0.018528890830485055,-0.015717481091452396,-0.02537606228947626,-0.020652512527676446,-0.00854414371254379,-0.006876699853840155,-0.034518588363082754,-0.0172913811291238,-0.0199286337081306,-0.01811853619494897,-0.009202057726063376,-0.015630121325175897,-0.008902101814324395,0.0052021029154887,0.0073265636997591034,0.010019528744767458,0.029505686583347526,0.02557902712648019,0.043448132436633896,0.0589481065774116,0.0794923080301541,0.07718263946607495,0.07130278192014955,0.08896280322743551,0.0852679528712009,0.08250930959360256,0.07693974310588153,0.07933778171706315,0.056867393102487486,0.05723318988028693,0.04526240093520766,0.04663736350988454,0.03666020297520836,0.027373779651633165,0.02008009660513645,0.013553008425858718,0.0141925999017731,0.00772241404362998,0.0046435863832133845,0.011243757706272364,-0.0028083949419958516,-0.0008514953029952338,0.0075967710791619795,0.005865737055339238,0.003560364419871887,-0.01111882091803614,-0.005924928011817883,0.003869160128761274,-0.00046194238976717157,-0.003351980443479289,0.0051386828575339764,-0.0013582457304059312,0.005026458337719478,0.009920884108130352,0.018588840319199905,0.02874117505176542,0.029928897454332713,0.024240272197249092,0.03586693895821482,0.023894471311228332,0.024745218778951892,0.02529783747784972,0.020341681259225537,0.015538363846937207,0.026502253113666142,0.009186607423032882,0.01271087103331831,0.0017594917646638897,0.004139676925201555,0.00882257732422959
20170131.Fly2.2,2239.0,0.10872457649607625,-0.06240030481667702,0.023458909167474045,0.018319306227397365,0.021109114413424317,0.015857189809976708,0.015595848911810567,0.00903240099553588,-0.0047620596857691645,-0.010015734058215667,-0.00663298114288896,5.775299372090363e-05,-0.013603510563315142,-0.007470626271526412,-0.03278750093610735,-0.005657617718558857,-0.011702228287392228,-0.0028194223205982114,-0.009233144314451833,-0.0015116082104293608,-0.0033112613261610285,0.001956323598869685,-0.01162668324375104,0.005172160798366217,0.006893983358274599,0.011802303347543869,0.025599073051297747,0.01569604699494556,0.040527239986923445,0.02138925295131418,0.05287786189961027,0.04966156905877234,0.056282380572252905,0.03701866350378037,0.06127196291722577,0.06037339433784436,0.05414869873685366,0.043561572297560414,0.041909775526452836,0.025794755919035038,0.024093495216759374,0.02812620996620514,0.03428880090132511,0.027755014831280657,0.016477290560913373,0.016225936419587472,0.005815402711321787,0.008723750946266233,0.008299238778842755,0.005762672696067584,-0.0012952890437916865,0.0030629392207786052,-0.010042429158489397,-0.006899324260791918,-0.0017039058014126553,-0.00274268147826515,-0.0011037497957190655,-0.008119457188755504,0.005060365516973123,-0.0013887161982788945,0.012439259172214483,0.005592150947665996,0.006330313457954701,0.010551279359726329,0.020000178771952398,0.016993931563397357,0.015168730271616082,0.025668676480975143,0.030662617394690454,0.030982452262489232,0.03616819754769231,0.022747326064648292,0.032275553230207074,0.0363291858943679,0.028839948960111467,0.03135194865717497,0.04428334651953583,0.03705177407580125,0.045749030286638084,0.030780243671494005,0.02818619788608877,0.022988420356971146
20170131.Fly2.8,1685.0,0.13590278526752486,-0.09958169414480733,-0.046102294910953634,-0.02775111084659595,-0.020393292538071525,-0.03808885564452857,-0.026708494876173924,-0.040391505724559934,-0.034978288687020895,-0.02735021276120056,-0.0030115304791006534,-0.022580738004736232,-0.029584214279060658,-0.02040049556219893,-0.029714194539406574,-0.023789952688065035,-0.03704210189298002,-0.027466274918902862,-0.013887539528833391,-0.013411536989300421,-0.03875578004622609,-0.0358206991076653,-0.01973584253534799,-0.0275090461734481,-0.0359412318399001,-0.03389902159844513,-0.05718261317765304,-0.018525781749613907,-0.04150644011081967,-0.025745389521446047,-0.039781092587806294,-0.019175320243727024,-0.007452641919702968,-0.04304232832436808,0.005465004065795234,-0.008680888465678915,0.004081514423802404,0.005363869719980803,-0.016762865844888626,0.012330222888764763,-0.017163623804089232,-0.0047219609339348165,-0.03656400335987554,0.01149012417432177,-0.012321905548131527,0.003112613792416582,-0.019277312603778265,-0.006025805538081554,-0.0027419563012561626,-0.04057014295303219,-0.0009679627305200396,-0.03927383939696785,-0.00275306995775405,-0.035835338592992344,-0.011878471212345336,-0.033534412645338435,-0.0228568097504038,-0.00746799871237337,-0.020765384066618046,-0.03201204329941272,-0.031131119818721614,-0.022106305145020995,-0.03386503488826879,-0.020431056607886015,-0.041149533913423464,-0.015892906155789026,-0.0074574351915417305,-0.0639473938804041,0.005662886685568421,-0.032104143022136655,-0.0033558670624504166,-0.023359847532862646,-0.013748145276091032,-0.034429865598874426,0.004281341473185254,-0.025991079181073556,-0.024560381450478272,-0.026639172511842377,0.002332260695254794,-0.012021324740270489,-0.014857811842784747,-0.02878991111525216
20170201.Fly1.1,1540.0,0.09109330684873551,-0.1871434359526718,-0.009317066384355512,-0.030767155522061433,-0.021601017313656518,-0.0339618056721156,-0.04286071368263508,-0.018855032162468532,-0.052289316365188555,-0.03740467095679039,-0.05483707527884929,-0.029414289654647756,-0.03173334421211743,-0.04274908945953361,-0.014729176374304931,-0.06420097997157671,-0.02863726789798214,-0.032305924578786525,-0.03545385930300089,-0.024202287812375375,-0.03580867438096801,-0.039244828918604334,-0.042151930169806395,-0.01403164154347603,-0.03594184460972826,-0.011314865384481336,-0.013019666169840368,-0.016599272669099573,-0.021377220088430893,-0.015653575099189236,-0.0006711367586408647,0.0033375909193524497,0.001335537196842923,0.02358819783737778,0.0017801160788201136,0.036939237332907486,-0.0010100354716926245,0.024255634330714915,0.02698712756017062,-0.017979621370365618,-0.011150601855587151,0.041407004756989024,0.036719239274683055,0.04167977521865042,0.022618711510990482,0.004986790125459649,0.01850217204803354,-0.03171557444770765,0.016159618423460042,-0.017532861871481332,0.015562710519969662,-0.030917451390675265,-0.02140215025587244,0.02185979037353718,-0.06548742203056458,-0.006222242595254389,-0.005852825233674886,-0.010695160883406796,-0.02357472668056212,0.006151943978346338,-0.042179024390008014,0.017846165213179173,-0.01025091162307184,0.004383340741900137,-0.006026640872123252,0.008705662999073053,-0.016969946075738374,0.02392601376789974,0.002789134780150769,0.027754412938920447,0.013449492301528164,0.013121227857712034,0.02667804329236067,-0.005184599011847963,0.00824087529006792,0.036064095197799934,0.011450856272843035,0.02358646514042054,0.02324108384954069,0.02524937697892002,0.02540040857945711,0.0364581952034166
20170201.Fly2.1,1202.0,0.14805520004067563,-0.21793540614710105,-0.03940988949856869,-0.055538606556368816,-0.04784439373951965,-0.05083124607700648,-0.05726979414299241,-0.06333406062368094,-0.0642730170922844,-0.058867204627815736,-0.07579737865454834,-0.0534964584704954,-0.053187554027781164,-0.0578913248350935,-0.05278488716072605,-0.04432271291326615,-0.044876557481851674,-0.04214763935842388,-0.04569006015843667,-0.03653278137491668,-0.04169519568868725,-0.04335612384441788,-0.03537930464051388,-0.033971261050142795,-0.02150552233717678,-0.03051919327388588,-0.027374582554030972,-0.03169655487567931,-0.030627558853809616,-0.013296141828716789,-0.03682507705397984,-0.016567821943373404,-0.02182221366220254,-0.015673220327162805,-0.018233030106609316,-0.009879439744696836,-0.012996072877702491,-0.02621648288524639,-0.031002583751476687,-0.045084522858415244,-0.04659406817494598,-0.04680876493794728,-0.04769661736025453,-0.049375582621939314,-0.036190489542826734,-0.032713536910760635,-0.03603836428245781,-0.02752868203354065,-0.04835668269687825,-0.04587213699698389,-0.05091770577115777,-0.0626431736365334,-0.054049906481877755,-0.06257448578221843,-0.059335395270119703,-0.05753542019235763,-0.06249359245314036,-0.05292507679250801,-0.05593015427380171,-0.05587143199193459,-0.05479063064065058,-0.054299111470528044,-0.056833403886182396,-0.05017708509805771,-0.04713226472038144,-0.03803707786265214,-0.02366774550804186,-0.034805144884010694,-0.01796351935730177,-0.0316666153964618,-0.011624414408538194,-0.003778537464046947,-0.006367427831580287,-0.005857394665316913,0.0037666559606612075,-0.005679348540076441,-0.0009628961731812796,-0.0017541349514663372,-0.008826437128627915,0.003846726189839122,-0.003984891352941434,0.002442760306200088
20170201.Fly2.2,2119.0,0.05223285764043151,-0.14218091515127473,0.014377614385344892,0.02536225532251998,0.032035959574684275,0.026427959608407454,0.03669948122334049,0.029809267422596143,0.031211897722752353,0.037990347995276764,0.032075528371194546,0.04469063643600134,0.03758161349625363,0.031713850259252274,0.04963662914096507,0.04608026015062675,0.050817366902938574,0.048356270975801655,0.05403016456117308,0.048114916543043784,0.06574811412788265,0.06185011171875866,0.06512729864790798,0.06883308279812342,0.05911243290846098,0.07204119665438125,0.07471793488337569,0.06444354579247583,0.07990468325215143,0.06895297713478632,0.06963647514782542,0.06906798306198068,0.07593831914537535,0.06231187511321526,0.06024947216312294,0.05298224313815588,0.047803272947160046,0.03620398654704293,0.028637232089971303,0.02187899047160607,0.021236907392731645,0.02905578318821822,0.02493832304438416,0.03208017738059106,0.036192406067269055,0.044070334098420705,0.04640065901735138,0.049805628844967906,0.03793652332276613,0.04023901828055839,0.035384390135013155,0.03562464996805927,0.03375263440452865,0.032676644994296115,0.016715343220585665,0.026512701651274242,0.006128922573173767,0.022880257293917287,0.016039933800376827,0.022598131561712156,0.016414932725588083,0.03056623012669063,0.028991088587983233,0.02518488000290928,0.04498631015456603,0.03962062156688897,0.05061097691282083,0.03827974293621009,0.050776831558057386,0.051878636176005195,0.04584567267633327,0.02966277757555446,0.05219548531412302,0.014008513496892572,0.042601127355100396,0.023642787392876723,0.019368038210207255,0.022805375907560897,0.034031947677760216,0.014153740320709918,0.03783568074740543,0.02489552892232086
20170201.Fly2.3,1158.0,0.0879702474582027,-0.32554450180508065,0.052301910631057436,0.03794797357796868,0.06333749888452546,0.04869351261860365,0.05086745672806853,0.07887106700788285,0.06534650003736972,0.07392169481250743,0.07050313814446812,0.07574698585424196,0.08057673650993247,0.08198054952176162,0.08820634644765549,0.12087109163082721,0.1188219005163664,0.12385802336867618,0.1371087776009375,0.1379006171272001,0.15822245469108448,0.1394882436261442,0.14280224571334882,0.16533368314141003,0.1422347914569479,0.16393391423805626,0.13416139940344257,0.1436447972936061,0.13682944482103732,0.14545558187348995,0.13269830804540755,0.12292634097964678,0.11026887839604141,0.10387287049188249,0.08449131559607165,0.06367987537046597,0.07388193126255854,0.04559359867495602,0.01862066663343393,0.019552255713427107,0.006099950073532166,0.0035613732363865436,-0.00537658647396904,-0.004412869290837319,0.013198674560861335,-0.005796328643079416,-0.0032722242363476053,-0.015596121288423885,-0.033447242696558806,-0.011149772643576817,-0.028101847386995317,-0.001949823177824328,-0.01844689831939426,-0.026012315337386713,-0.015267184735076114,-0.03645817518651372,-0.03217695781541548,-0.018036345170273107,-0.02933750761468863,-0.008916774430798108,-0.02878897861740539,-0.013342040207183607,-0.012222170386630444,-0.024140217602650667,-0.015549349004356623,-0.02510246741080277,-0.006026780576124147,-0.02590112213277152,-0.011336207561109044,-0.02534343935089029,-0.019377908583202545,-0.031062458566893204,-0.01927203138169379,-0.025360333569169984,-0.011372062971289345,-0.02136154632343653,0.00396555579234165,-0.023396105861355054,-0.007361379931293769,0.00037481438165018477,0.0009949254555661965,-0.010492633033215945
20170201.Fly2.4,385.0,0.14839530171816095,-14.450542383113364,0.015837212794687257,0.013927210318783034,-0.04383227808745875,-0.0022153104768791246,-0.0036680209135003293,-0.02805259953680479,-0.015669899862557415,-0.046463430886102206,-0.046823746181717696,-0.09057962198361556,-0.050793337687288234,-0.0999807446476785,-0.10854257538528275,-0.07968299138772345,-0.06496625566495481,-0.10706874456544385,-0.08950856227945345,-0.09546717984752132,-0.13865942592130126,-0.09107167744432329,-0.10597808472550382,-0.13420648495196735,-0.08802648120920958,-0.12085392775840077,-0.16709365032408668,-0.13486421990949488,-0.14339165475368276,-0.08727988436425198,-0.08855832418467474,-0.08192762012989854,-0.09360726643769864,-0.06261522051019475,-0.11798811921548193,-0.05652480941236805,-0.0322073874761081,-0.03219626763361963,-0.012962340321904915,-0.04451300881562627,-0.09766646388795132,-0.1116483356647465,-0.06596333324208078,-0.08667748822251628,-0.06599998035641635,-0.08822778279933062,-0.05422243857464949,-0.09404381208604226,-0.1005596344545404,-0.08061906578839541,-0.11499865702072629,-0.12102373465865085,-0.11003308622003087,-0.1481037109401674,-0.1417771402673319,-0.12489455043087735,-0.1251454592953562,-0.1442765071152282,-0.08660482582322847,-0.11897716523334423,-0.11569730846422455,-0.06591675324544195,-0.12392122124786456,-0.0590531314702714,-0.07587520011412646,-0.04559389960544211,-0.039012149700701645,-0.0053081515265081085,0.030375443007673215,0.0078139719660612,0.045814186644003746,0.015371903390886156,0.04279748301054379,-0.00493507402616911,0.006843279276883326,-0.013759527124572936,0.03371314862845709,0.02087294200476641,0.002305186877127899,-0.021561675495381585,-0.007786820639111689,-0.048184837601064984
20170201.Fly4.1,1540.0,0.041365427426114265,-0.2520941356067079,-0.058779491975302744,-0.05841423309680903,-0.06225144707059599,-0.06501147796503656,-0.060098781963632844,-0.07112246336281594,-0.06573229750208584,-0.07564839442593262,-0.07501003180578557,-0.07395000217863257,-0.07284520822782076,-0.08236300820962873,-0.08080650076422814,-0.07910146648807234,-0.08118592741324043,-0.0721598483586255,-0.06841192238951749,-0.08000825066328761,-0.06867021126081438,-0.07250117942209267,-0.06611457267989451,-0.05563602526550314,-0.06074623918267043,-0.051922573864216934,-0.05471937467853019,-0.04570093597329682,-0.04628818161594414,-0.04011602197119696,-0.040678713235452746,-0.03080112120913713,-0.0416422963203918,-0.029378404748855304,-0.04576229704183377,-0.021090803178304474,-0.048105286368105016,-0.04575476659318957,-0.04956852092214329,-0.04818230770253126,-0.05573433314070991,-0.05715009289271605,-0.050893182270162506,-0.048862991249798614,-0.060368498033352175,-0.049490980102638485,-0.061355015376991645,-0.052025650806536525,-0.059133366218277104,-0.047879475913640425,-0.04692194236287813,-0.04503781341641844,-0.04221781162075169,-0.03886941866772929,-0.02969794136544962,-0.028317795809393212,-0.010751631773570228,-0.018584297040059865,-0.02458692234889147,-0.006303568952317262,-0.0040235601739976685,-0.011593657355387046,0.00668981052091748,0.0014646707157060096,0.004971335843859278,0.0050796815094702645,0.0035539980454351973,-0.0021618421790595387,0.002916987647004477,0.009289629659742053,-0.006732746110174067,-0.006406299016125494,-0.003415994596937054,-0.007169862097377409,-0.004224071763025087,-0.017122264934929847,-0.0034059025663493794,-0.02138250364828245,-0.01199776545562216,-0.008334752432270501,-0.023307178078153683,-0.01817795537972976
20170201.Fly4.2,1319.0,0.053918161002657894,-0.3027200191429369,-0.059479309204975,-0.056585893593250704,-0.05340516761852063,-0.07137807518892841,-0.042471953280694766,-0.07546523186063044,-0.05613915776724522,-0.0639919774594721,-0.04492057759640219,-0.05199845933724878,-0.04153301546967301,-0.043302320236850524,-0.04126337925160859,-0.026325342952384555,-0.032844412988880085,-0.0012173251048853235,-0.027371152603622505,-0.023696013939613774,-0.004763010201110553,-0.0060724041017846155,-0.004890777893102915,0.005663738433215607,0.00791462441743582,-0.017393809897347512,0.013303153055011775,0.024163036159069527,0.04146079331571378,0.0009367199128730193,0.04165001052288955,0.02552544169769206,0.047917028591164215,0.049894630044287694,0.030745199321813674,0.047931592382878745,0.05506641387519058,0.03319676832695703,0.0432700385837316,0.05761085101352832,0.0217672270530118,0.043028460885663714,0.04480069947737964,0.007439422859755602,0.040334802672698684,0.016225370186663205,0.01808351701480536,0.01848702201461456,0.012144691107949312,0.010363139042829034,0.02534129821319389,0.01037125530007536,0.00016308114444131636,0.008827267377303353,-0.010029357002640368,0.01444449741889528,-0.005818830470636423,0.010055407191989038,-0.0183974459687906,-0.006412783013233381,-0.02427615692262452,-0.029926525723095627,-0.03623476630080416,-0.03507405396139282,-0.032960620995028264,-0.03749800628089063,-0.02855224825276114,-0.059959850181681304,-0.04182663819773225,-0.06691795453282218,-0.03685324168980758,-0.05146439984646873,-0.01884931952235172,-0.03980951007192305,-0.027230729154709032,-0.023036656377506258,-0.03386596314430337,-0.029078988753241754,-0.0019355109558352014,-0.025269915832718426,-0.026675279052144243,-0.0009018236622633357
20170201.Fly4.3,1516.0,0.0696542091795237,-0.22107885045187547,0.05672273417779554,0.0518243429939506,0.08057300404064358,0.03439830208426138,0.062337271408818756,0.034400318599752774,0.053986150593490136,0.018902896744627667,0.0442232733849251,0.037509530573408265,0.025659162213000002,0.028507997962511633,0.03408919386896528,0.018749546987918107,0.037264655707354835,0.020825455451282598,0.02171829767756288,0.046728340052792375,0.0009843188455520065,0.029039609482531356,0.025061648566460776,0.014795164937605054,0.03223488241144498,0.013413679274041187,0.019802940845593336,0.026534376358957636,0.004822948102145394,-0.001010484472240494,-0.003506499424554864,-0.003447498952011593,-0.02196056810291625,-0.02278868649120443,-0.014856484786134107,-0.0724659841062483,-0.044153511474749496,-0.06377305961889589,-0.05160467090857145,-0.07155710039793323,-0.053280141140149395,-0.10012985915729827,-0.06286764999597344,-0.08878749678805611,-0.07378419328503558,-0.08472768195204543,-0.0941837372124598,-0.09065702733273359,-0.09488487303907918,-0.08939302928554768,-0.10161722666522087,-0.08366771038505852,-0.11434855880353642,-0.08168153812911043,-0.09884211644718265,-0.10443681498299784,-0.10260218508671837,-0.10805565630261332,-0.09374821212593001,-0.10714985936583399,-0.08732456271007182,-0.09632698616433447,-0.0916768464265007,-0.10848381018571752,-0.09266548091246582,-0.09025738977817119,-0.09229474665028144,-0.09353164667424685,-0.08702712076393723,-0.0988737404655638,-0.0809769647372666,-0.08181254800504081,-0.07015730127976606,-0.07515297069431243,-0.08713204320833559,-0.06432801811116337,-0.06727174883136017,-0.07522275406454118,-0.05771218145202514,-0.042950524146047914,-0.0562992946385449,-0.04437335760549726
20170308.Fly3.3,1963.0,0.028547210463988004,-0.19016636316513313,0.017013061317506375,0.024240453338756084,0.02481348068567084,0.025069604527864168,0.02666777324908219,0.02599969726451586,0.025434971036367545,0.01343181606376896,0.013319905359500062,0.01510073709084351,0.006649474881276607,0.006330571338742522,0.009276188106483653,0.005340702662296113,0.005765614129309683,0.009729781899231193,0.0001936066714606716,0.002029245404992522,0.006519913083039223,0.0031432939702043185,0.001251990796824234,0.005894133957594765,0.0002794984741667089,0.013445636094928855,0.00953703300802349,0.011073668237371877,0.018419918932000554,0.025406864767181892,0.02173340738574086,0.018408097576523764,0.01328570228932075,0.009509403760430317,0.005791174790957854,0.0025119198018704377,-0.01129885345230078,-0.014125400754896968,-0.03326909154499974,-0.0383791060170362,-0.03721684398368191,-0.03152274192569744,-0.038884806846116955,-0.03544227108552968,-0.0370545034051357,-0.033807272011128174,-0.027373310612924327,-0.03468061178379393,-0.029958034554721097,-0.02752448398745904,-0.0194701152685575,-0.022866252661763516,-0.017065605526203252,-0.0057163035466650785,-0.014488834468326444,-0.0035055023829648757,-0.0002638588365978488,0.0009692374356304618,-0.0009513380263583525,0.006347663351892022,0.017449936919061715,0.016316269798717205,0.01673597733139183,0.008748255977730575,0.010532046216411817,0.012222460048680734,0.011722112728756472,0.019161450489528928,0.0060712488099795466,0.010638719195405932,0.012693582024555606,0.022280093706002337,0.014712924792866556,0.017143607788445276,0.017650124991262606,0.018072474090023022,0.028382965778850983,0.022537061474892935,0.02953738493178851,0.027576035380051826,0.02300814442482648,0.016371910564448967
20170308.Fly3.6,2342.0,0.0409013505186131,-0.13365654321915188,0.006930935676949537,0.00859758079738551,0.008242420061219394,0.013047269956683162,0.014643371852192541,0.019510147105182306,0.02037401812754852,0.01881862162084759,0.020477438210763824,0.02676363169173935,0.03653134122578805,0.030570207604765042,0.03279717161629749,0.03289668978097409,0.04556357750139535,0.046309695910215234,0.057797572054827766,0.054035388865016874,0.054571384462174584,0.05608591651150915,0.05362954714824687,0.06747771775374346,0.06835580162327709,0.07262624528788754,0.06951270488291711,0.06799899912681007,0.07200177338296009,0.061371888729900834,0.05790843177669828,0.04561217961832403,0.037915907833380696,0.02294240889640927,0.024142697554293158,0.008924844764820191,-0.010544219492779582,-0.005970306338793106,-0.025310603083017236,-0.03590158606755911,-0.05241123827703846,-0.05042193628214599,-0.046377312991326,-0.05301211745000474,-0.039511978261442635,-0.04079547874607318,-0.040758537081407614,-0.041818519020337314,-0.035711523200257486,-0.04198778082272797,-0.0270870701083854,-0.03829937869085558,-0.03265730983379884,-0.03629290783821347,-0.035685817096674156,-0.020673680446212706,-0.033354451951713375,-0.019923366731135782,-0.025073509220862836,-0.022458818359970198,-0.022982851657451953,-0.019847487042754488,-0.015286029951354006,-0.01762532892313094,-0.027439990333302074,-0.009625229584478355,-0.020486405643121725,-0.016039523813223683,-0.007564083436032301,-0.014123156536325036,-0.012280154028803728,-0.0011770549866085321,-0.008633744376680592,-0.0041821666991438905,-0.0020186542227631265,0.0012159416514303622,-0.0034164859081894892,0.0008890113528297779,-0.002085474035605172,-0.0021358439022536174,0.00639612346238101,-0.004350949281985992
20170310.Fly2.1,1535.0,0.1401662255954088,-0.1241720825050634,0.01313323976043345,0.012579472042740486,-0.009148605718136943,0.0020872672886688634,-0.001160426677533903,-0.012426163599608651,0.024229996668317915,-0.010250118637154988,-0.008999057790266347,0.011257131222582813,-0.001736258686300788,-0.015530960840965601,0.02528691268537621,-0.008933176875423828,0.008134549973236618,-0.006265343491411154,-0.005862715021555841,-0.0008663940825112057,-0.004585393250611426,-0.010525961612582489,-0.007240492869360742,-0.016707755011225796,-0.00213255613298962,-0.011625679273002704,-0.016129792371784163,-0.024791865412122676,-0.017586182283162242,-0.06345204651572608,0.011926496818851873,-0.09597531412697471,-0.004933684864734181,-0.06614311933831417,-0.0031353692643219682,-0.07224495830066233,-0.020943950046055017,-0.04622796562404597,-0.0516109852106999,-0.08986424161023489,-0.032626196913669955,-0.0855322051802994,-0.054082508299487124,-0.0758407159389463,-0.054420774798876276,-0.06901401156875704,-0.08315245617336475,-0.06837032325007555,-0.07542639425775192,-0.09155071498186251,-0.07209582197990719,-0.09987327391135425,-0.080284787406457,-0.07719559137619604,-0.08813248537559168,-0.060114449318866954,-0.09667448502317372,-0.07010186174425115,-0.07538449578591218,-0.08596777150477487,-0.09023169876346113,-0.06943629404067087,-0.07227132795821033,-0.055550726535566475,-0.11128885063993578,-0.02914327179003113,-0.08233237615637318,-0.08196625680398961,-0.05341606900135,-0.07666825494662602,-0.08158909699439967,-0.05952054275655087,-0.07251799272010188,-0.06924419690353731,-0.07217436789235074,-0.05663810500796404,-0.07552401594154623,-0.051670423605284566,-0.059841318227368934,-0.053226264520378874,-0.06343670033637246,-0.036010913335286845
20170310.Fly2.2,1835.0,0.052384347436779555,-0.17952702912525953,0.010315739076038243,0.013892562115787994,0.01915622903882799,0.01634849250101466,0.020114461502729983,0.014495249929312426,0.014081426042140733,0.0217569949178172,0.013936982128965363,0.03207988730428235,0.014719547695980769,0.0365002845121735,0.021559390605935095,0.041462840067531495,0.029767286905173142,0.04330474720978046,0.0347155213861406,0.03337068100645016,0.04552111892412543,0.0324947111652309,0.03229570328588,0.029325745397948095,0.03356544954794691,0.029339879105004296,0.0389074572277976,0.026284937989911914,0.030524065973147205,0.03268123104197786,0.029032210115245538,0.029527343738657678,0.034932804137745035,0.02367616733016027,0.02636007409991499,0.01958905689545883,0.02031477481864228,0.007266980919152799,0.009471959939792577,0.0026372859877610818,-0.009131096990783504,-0.004956066980554657,-0.016693051584912175,-0.019040011211615304,-0.015220777745618915,-0.02072657274775615,-0.021342845861107077,-0.013067542464733206,-0.013759518903903041,-0.014960063660741396,-0.009512545166268562,-0.01733717511417601,-0.007891852174130378,-0.014970120704462724,-0.01224099406017922,-0.010812467695867708,-0.024467505331564825,-0.01091954395834311,-0.023903112332416123,-0.023869508472229843,-0.0195497461023872,-0.02400243002855121,-0.021608640417333642,-0.017279760749424763,-0.019816147043675285,-0.018213025388031403,-0.011416456153753425,-0.02518593380697446,-0.018846885188640007,-0.014775679707070132,-0.017346980784488646,-0.01600564237842735,-0.016881774829206296,-0.01610168487781071,-0.020297332719812912,-0.010066682186848665,-0.020325393062726446,-0.01232167613983323,-0.019458290007742015,-0.01011627635330447,-0.01678889388084725,-0.008355913936055809
20170310.Fly2.6,1560.0,0.03202976199733221,-0.25933251700012616,0.012954415656296002,0.025045484089550887,0.008614175024012561,0.019758723027191002,0.01526023606777277,0.016007349562782193,0.02651420695641429,0.0064245793554853995,0.00983296040562826,0.016856303452547867,0.005031615094085135,0.015174147351684862,0.015605082212224168,0.005372758431719803,0.004644103179678014,0.015614428275339078,0.003936278218610327,0.008184275274448222,0.01426108774917455,0.003178523620845158,0.0022948186539767813,0.002529271020992781,0.01621900381062168,-0.007246131297297252,-0.012808103531291363,-0.009713165137236156,-0.00883636151394063,-0.028475376258169347,-0.020728730283028997,-0.02209107824682795,-0.034691534353329716,-0.03171573921484393,-0.045522615002795835,-0.043445247991744054,-0.05011489466772494,-0.04226991488245014,-0.04618334401525613,-0.054292061999804825,-0.06000391792551781,-0.06027135208931204,-0.04966107817355362,-0.04909449167018568,-0.03899553762694884,-0.04463424489121743,-0.056164095033896855,-0.03698191139089639,-0.03878805745383151,-0.04049846809123453,-0.03148508639632261,-0.0318141061723383,-0.02582691194245497,-0.03269832000774825,-0.01584202405171122,-0.03209411760126263,-0.022772951748634928,-0.015236621144512642,-0.0010472045469370468,-0.023605890564635655,-0.015930564654017758,-0.0032420894259749655,-0.006109468903977021,-0.0003224086154870751,-0.012389494001601152,-0.003411090433414296,-0.0040523537925688715,-0.008121939089370242,0.004478149141507235,-0.0030368991612166173,-0.013561801353902406,-0.00792339771301581,-0.0037088738816040585,0.00718745134163286,-0.00168409541989205,0.0007328048114735863,0.018256198982320372,0.012443193343809956,0.016549914736970178,0.014129653110895106,0.02049394704809411,0.02179285710026256
20170310.Fly3.1,1224.0,0.08446654541474895,-0.29878001696977474,-0.005881070982061868,-0.011430778454007685,-0.045739360833018695,0.0025661535649475695,-0.028556453182277047,-0.048086761526287936,-0.02621015177566599,-0.04575431855962927,-0.01889780805815902,-0.029068399899966714,-0.023867978702491265,0.002754315790517832,-0.04165259174418432,-0.02344414888539784,0.0028559477495379527,-0.003349849483049655,-0.004512431605030259,-0.0358800884590318,-0.017430630834301374,0.0007712729695122612,0.04435982638001184,-0.004110347620946261,-0.007801890652233473,0.00880166465657218,0.03993240284892505,0.006633356935330322,0.050915859481394474,-0.0020751796919256313,0.06709738650581781,-0.00990982210309107,0.03857171257365905,-0.008493002340624601,0.03932684513919257,-0.024536297362683573,0.027058070770067884,0.00759716139916528,-0.018724841827831514,0.05686274600843471,0.028349934044793718,0.006324217403809623,0.022809731691776275,-0.01105076932495647,0.02580486755259523,-0.011685328535807001,-0.010834445451763973,-0.03237665241830333,-0.019215642292870858,-0.016504191747750543,-0.03307002572560543,-0.0015986625955479363,-0.0445802498363607,-0.009189882050375775,-0.01889192699053235,-0.04086514900960521,-0.04696577420517842,0.0012024545854380387,-0.04527674032012042,-0.033224337626192944,-0.030636670227699947,0.01395032328293528,-0.05408290897460005,-0.0007073817467277347,-0.021760303507799214,-0.029392966187688385,0.005048477244539644,-0.02455680574650338,-0.0463532525980562,0.006069716646171744,-0.04336038029304754,-0.015766271953200482,-0.03048857903550412,-0.007453829262571323,-0.03196880288396518,-0.009730312607559367,-0.024182104028894938,0.018744721782455537,-0.029839576537008528,0.01411405900975642,-0.022847001260847145,0.013678645514079083
20170310.Fly3.2,1308.0,0.09172468744304063,-0.25465149107444374,0.016147082337234518,-0.07515176449645312,0.02763880674265238,-0.02908450602744417,-0.04952374724576983,0.0021431535624200915,-0.0678135634349333,0.019236841114996232,-0.030158797204624006,-0.0271000069869458,-0.02289067372683954,-0.028455212401771575,-0.00857031360833015,0.0010846869763701632,-0.015481273341591693,0.01062878121352074,-0.03586828678076269,0.04054227004691017,-0.013654237116233682,0.03490182757208274,-0.0665524166351928,0.037993326052357446,-0.01332310184989638,-0.01741934297538076,0.028807969628827777,-0.009506103984826207,-0.00823489022867377,-0.011160692961460205,0.014471414445433088,-0.011306535404365933,-0.06909681862849676,0.027108462087071506,-0.04045518708987486,-0.050653122663286504,-0.0004217660390766001,-0.011825643834245647,-0.04981761234339334,-0.04663822985507815,-0.016671538071501207,-0.04140749538879882,-0.0958260384234476,-0.07593463586190495,-0.07787933468665555,-0.07752403660163742,-0.08583512956689295,-0.08690443428644157,-0.10244307616657666,-0.0839576425716134,-0.11101260398517483,-0.0510351423402275,-0.11756844316730986,-0.09878696333434628,-0.08739690884319773,-0.11658318934382268,-0.06451218705757601,-0.06407807388918665,-0.10439533525714965,-0.08431512154168455,-0.0794838759332172,-0.08565940966627406,-0.08103094034875861,-0.12693415061247432,-0.04190367074064653,-0.13437564919514458,-0.05493544671464605,-0.0998440394212396,-0.07055341792247524,-0.08706080358744758,-0.05227653193738524,-0.0629370755786715,-0.08666214096727953,-0.05802060483700347,-0.05516530115533114,-0.055578598171016146,-0.05625979385852049,-0.05912837931395987,-0.07242858658363126,-0.02258077698800883,-0.012450232903859392,-0.067852115617745
20170313.Fly1.2,545.0,0.07286135951031658,-1.771171295607286,0.06725508647945472,-0.09889545653210596,0.04363645773055303,0.005863516105434254,-0.004398575629426823,-0.028182749137595955,0.029994864777762843,0.03508519119426737,0.014524597380821383,-0.00024298047688351213,0.003999861146039575,0.033816735183419565,0.03565276852796698,-0.026983690825262866,0.02357395120061469,0.030580740032432958,0.02711345439011176,-0.04604678221041021,0.026813672023635472,0.004847592072909095,0.011462862852941073,-0.035406847154736756,0.02323488520334651,-0.018893557544168424,0.02070852073300131,-0.036907434566743724,0.017204816285637158,0.013129774907778013,-0.022786978013872132,-0.006657289382483044,-0.0035954738975664206,0.007728711176930816,-0.045583708305494304,-0.02140477884817614,0.059670334750092625,-0.003402955903757353,0.012221513327797813,-0.007443862803599679,0.029455520121321015,0.00861643146501412,0.013515049376038871,0.00112401903781853,-0.04075699059223535,0.013244516019910469,-0.012820819986161532,-0.01463573750961819,0.03459566741131597,-0.06833332654969501,0.04514342999194695,-0.051243057833163116,-0.014911182254187066,0.010845606736516114,-0.038155668670057555,-0.0049934374442771705,-0.057374550644965355,0.010012404459932317,-0.07539013245110499,0.01720896144732475,-0.042393546537899715,-0.018499514341741508,-0.015302271524197778,-0.016111573828529242,0.03542477957936936,-0.047464370720672895,0.002101467358628051,0.004715084871172063,0.04305194371729695,0.033262589617095766,0.0014998402518188111,0.042483425852235975,0.017008715344313908,0.10048425574252356,0.01568960306058166,-0.0015480943045532124,0.020193346849329406,0.047190155085373296,0.013545316835627316,0.048621367348506445,-0.010332934235908225,0.032800608308842426
20170313.Fly1.3,538.0,0.09682531324041721,-1.7718119697104435,-0.0542137783270194,0.029726092619267407,-0.07342101990089019,-0.043768015402826946,-0.010771484285338698,-0.04825378416084976,-0.07359398484300804,0.008838517445419965,-0.06266716535075895,-0.08454229236406065,0.009195713950987124,-0.07184277739256582,-0.018174352524121678,-0.043453405761523,0.021880999666221524,-0.052413591902915876,-0.040391338979268956,0.03058435048920231,-0.02873053587895183,0.04060785080407285,-0.09410856422937905,0.07449369604290589,0.010880134768264538,0.014065445887198722,0.03711434781653966,0.053950480581247254,0.048254022297552414,0.012672151624656056,0.0615705073917426,0.12455412158110214,0.004920411839360313,0.18650698534715104,0.007373997744408445,0.12645026921436456,0.027580578471600788,0.18882652242678177,0.058041916507418745,0.05093725576307319,0.0638962091098911,0.07769128644274174,0.051090846844868885,0.05675501357819264,-0.012406667002586844,0.046457827027471234,0.05056807861693294,-0.031488569185264416,0.05927259711577011,-0.07873035291152226,0.07819875640064394,-0.07450763682732191,0.06364953017896079,-0.08140601658687455,-0.0030590289954990665,-0.01676872133460882,-0.0502258539822026,-0.010815193895702912,-0.05879334205126034,0.01645258490301699,-0.05662643855108939,-0.004682765729117372,-0.11024905937499592,-0.03743625490066892,-0.10432694530327652,-0.0038704201758560167,-0.13983594808122207,-0.034230643031939706,-0.13667567868705396,-0.013466632537924458,-0.14770754451413784,-0.08905686199115884,-0.05093522316557274,-0.10637673797562498,-0.07995865331897979,-0.11701917583666364,-0.062383574945501064,-0.09747536465547063,-0.13213837219139526,-0.00800014730507293,-0.09989952591342714,-0.04767213870952973
20170313.Fly1.4,521.0,0.15284314913288066,-1.789682114001915,-0.08689578538217073,-0.03057001109421141,0.06585259823102586,-0.1046418624713247,-0.011320800671135667,0.023497907263988076,-0.1021071665786826,0.0714008848269466,-0.0659753995065721,-0.029872573037437802,0.004709197891549714,-0.08451108582440212,0.02519046067166963,-0.021674347239760743,-0.08017358367179757,0.038825765937263265,-0.05155040021230186,0.004711997934662463,-0.09106195057368131,0.03886234881987035,-0.055250582252886135,0.03549355218921778,0.00930441448367648,-0.05364714308940327,0.034285144353432495,0.11277175295712452,0.008341469199474425,0.08308518112931274,0.042902590471144614,0.07585550831656018,0.11660604856462714,0.07429178822980169,0.06304471984932522,0.14439087152205687,0.09661483804962466,-0.12077390602740895,0.1491110067930848,0.12867492895038352,-0.03850706727811525,0.037171358492922246,0.008031317929960875,-0.06431520621713871,0.06806374053612685,-0.06552659829832917,-0.049676329055159806,-0.0621052699462947,0.08610500729157065,-0.11419556245868409,-0.014146311568064575,0.1071972999930445,-0.12132980449899826,0.03842259237921173,0.05225868006604067,-0.15201810894287382,0.1398941590043633,-0.05291216049133301,-0.04573625795897344,0.0774441069965596,-0.0876809290427235,0.09103007436894386,0.04254996041358906,-0.03294123902205004,-0.06090402886535203,0.09511379011514935,0.030338094064754562,-0.08827143145810609,0.08063613967058889,-0.16279317063607215,0.12849571001354126,-0.014547704515820692,-0.11398481518614118,0.10055418244878042,-0.09319502528785326,-0.01695214264606687,-0.10589133972117629,0.07181935026371838,-0.11212564795620295,0.026829952547720082,-0.03834992353692383,-0.06147532724116154
20170313.Fly1.8,613.0,0.27867712671273304,-0.764199316594159,0.0368007051469028,-0.009747590765585387,-0.018818829760394423,0.060582418509120106,-0.004479033199786887,-0.010250636436510365,0.0980963037878871,-0.02617117957032842,0.07343760941653177,-0.0179056490238489,0.050156433135931044,-0.0025371983653490176,0.09448873024827639,0.03243943280998713,-0.0045403295444141414,0.14851148192830477,-0.06530624676340595,0.1031575217262753,0.07556895394572236,0.08212257410756746,0.18907574758916684,-0.04361820872672015,0.24231279492811633,0.03261160191856502,0.07390950283757929,0.1456350546951681,0.12161656485814881,0.06544716483142224,0.22705500169840734,0.05575190183645,0.09477242604206097,0.1292973185205571,0.09988281058659851,0.07218510214513393,0.14102749764671063,0.026062771603800477,0.12359269794100652,0.027908785832869737,0.11653415449000502,-0.12410349477381197,0.26526042544720574,-0.07668273074695767,0.039265608897867135,0.009319702952415729,0.02033335951569586,-0.0176825994608456,0.048676751962848576,-0.05963994460787629,0.029817448847856032,-0.014573161535373406,-0.018430678852298415,0.0017668840210263905,-0.05159626784337447,-0.03127348113478533,0.040826172767124726,-0.024900396759642073,-0.089585646887111,0.051524719963500026,-0.07187312986460245,0.027925282154674567,-0.10655327750815682,0.07727362262936416,-0.16726887394243928,0.029335336703066393,0.0025675136179592597,-0.12640679724091888,0.03220704675742023,-0.09100008036644244,-0.0008021421781194416,-0.0724819695071225,-0.020691717667347332,-0.025748532802360106,-0.13519593429382745,0.021165161713758932,0.039187226006851344,-0.10920528795621148,0.1616570493719614,-0.15677528925376355,0.025848569520470488,0.004999913565210193
20170313.Fly2.1,481.0,0.2047105359317154,-2.242333968893776,0.0820049766719228,0.010368150176799554,0.021191934518834506,0.09264962449006747,0.02922566625943052,0.06822066451518453,0.04091161930972506,0.1003951032848904,0.044699601339446254,0.011763449115101798,0.10897005410337945,0.015250061811658285,0.08009962437413501,0.021986329275311255,0.11095625440678004,0.034680009592576264,0.09478220777862384,-0.022279876232257204,0.05051514631869787,0.01697525257072788,0.053324586310246516,0.02802424217544323,0.0425514684012329,0.04424484584382872,-0.0041267771576476535,0.0222240066287054,-0.009461559795716357,0.01998255475119931,0.008843936876945294,0.05350444790119758,-0.010803185797629723,0.07801404053347452,-0.0652360916529667,0.05127955857069234,-0.018430681751776954,0.041983205310268966,-0.02287539464651906,0.03303972169422187,-0.01217823539656155,0.04167226151081094,0.03240551946672851,0.003988981592577235,0.013298045483730744,-0.034159820038326634,0.07589118173973822,0.009561333052242278,-0.01204155389873187,-0.01073391179800938,0.014598064402095158,0.01508478514085488,0.02817304578540812,0.026083464819443142,0.025822065999786228,-0.013319454209269893,0.03668777627890847,-0.03358937061501807,0.029311833708566683,-0.012391090447327963,-0.04948270112570384,0.08078474003796772,-0.055045300243544114,0.03916934599501089,-0.05071610471172022,0.02646463419684604,-0.02968154339923671,0.002727854853035727,-0.04116586494612147,0.020786829049289576,-0.012560596715919012,-0.01828487453954719,0.026934387439085484,-0.012726365689155276,0.00019471177314414612,-0.00976393215792181,0.02227465403558613,0.03599310923822913,0.017458210765091815,0.021292085586192545,0.020510637416084963,0.011210299202798557
20170313.Fly3.1,137.0,0.8761015321772797,NaN,-0.09295323544982365,-0.13235696039490596,-0.122546282961665,-0.14858884715593096,-0.17399126679378063,-0.1372065054229,-0.17474398927560256,-0.15088640683236917,-0.14754666177894973,-0.2482214882237997,-0.2259734586078226,-0.16437757592016486,-0.15756712594545147,-0.1079489702527332,-0.14542533557765125,-0.20245906919224066,-0.22274035937714146,-0.1806644194649852,-0.1528900960514362,-0.18180741693801014,-0.1869232562308761,-0.2616129942731513,-0.27489457676360035,-0.16958620133739746,-0.27757174545810764,-0.20358591154460037,-0.25753155723338894,-0.280666637021855,-0.21905906969724098,-0.24429828568170647,-0.15256929485021312,-0.2128511291545378,-0.10200545313615277,-0.13008418375359523,-0.18457916701056248,-0.07505214371910503,-0.023077648121973264,-0.08198892587482869,-0.05601560468048709,-0.04585352049791523,0.008268368216721299,0.08647516569359909,0.03501979880636599,0.05998017464988599,0.02433967053466792,0.1130278304801689,0.1459438559555096,0.09411529449926354,0.06199204397097635,0.16281626983654687,0.039073275813241264,0.08223463001676097,0.14885289390483095,0.03426433537639622,0.1926142150909622,0.016542988967998634,0.01682627870454704,0.10834742265291897,0.060940516799731545,0.005584923709816947,0.013412963194150893,0.06365659236264415,0.025912302597557838,0.0015678930756641684,-0.03167549659336309,-0.03708074250046293,-0.014086470470304771,-0.10469752264878043,-0.011409581421481761,-0.1432089063716204,-0.08709956404137911,-0.0890617259509601,-0.022279225889478595,-0.1067319361637358,-0.11398604992410627,-0.09263773315515625,-0.07559697399894293,0.007520436439369213,-0.013625350103549996,0.014316454672855354
20170313.Fly3.2,1099.0,0.20558179338799,-0.18352100168728036,0.03085386547113996,0.04977224108605708,0.04011590919835998,0.06521078786895221,0.057231573706367445,0.044705431862878425,0.04392843392766764,0.08728568508587779,0.04614356170719337,0.08440062249540495,0.06635430770992774,0.10027685752297986,0.0954123758606579,0.11062324689872151,0.11424223701665093,0.11488896787872142,0.16008586336771974,0.1426433466248992,0.15993520757413132,0.16944282951554832,0.17134452548447415,0.19446721383692916,0.17561526124251892,0.16969242456550884,0.20145880064922247,0.20045539205234125,0.18205044652356187,0.20580367037680317,0.1646151784444742,0.20241301470049622,0.14917474931341856,0.17672363872893307,0.15386717422875595,0.13683725889991966,0.1391846900011005,0.09668438686251998,0.08304692075271522,0.06845689680694325,0.055188235177149006,0.033635444127415745,0.026696557952796598,0.009202237613754792,0.0031411979286525282,-0.008439518677959765,-0.00499851199928684,-0.008955361631340728,-0.053266204435137625,-0.009763445604371226,-0.046774618702592245,-0.03003961954140894,-0.05666136420137401,-0.03441539510546934,-0.0846411403025818,-0.0569086164084375,-0.09699814007660207,-0.07930803629318123,-0.08518582058219279,-0.10718114496761925,-0.10822619338869116,-0.10166007092006918,-0.10040611797376607,-0.08319959686253292,-0.11203611190778313,-0.06785884562997828,-0.09941639173947679,-0.07996958148490181,-0.05473194053241452,-0.06673686028553236,-0.05309458289792432,-0.040778524893795194,-0.04875185041527738,-0.043721493641985826,-0.03703245776531612,-0.027867716078100867,-0.018546145168229455,-0.03346111676381413,-0.03966940300007689,-0.010945149575144874,-0.02072180613205221,-0.019612752078431352
20170313.Fly3.3,1509.0,0.09606215520616945,-0.18814537678141052,0.041814550361107664,0.047888339445818245,0.05732505538939674,0.07086556635289062,0.05637327976912281,0.08244960559635668,0.051687088829395746,0.07035716963045295,0.057610125766437224,0.06233948938598438,0.07101037660464828,0.06903195392414643,0.062233329018939076,0.07691285731338235,0.07121459521993283,0.09358284056339013,0.06662629635095829,0.06886038122441925,0.07296781567596745,0.09303323189271254,0.08785345360826535,0.08776057521082789,0.08097299825440192,0.10574434912792521,0.09498925691335992,0.08975413146470197,0.10380358255751529,0.10161678770965098,0.10768391396437471,0.12365791872994847,0.11241187778113708,0.12658383255459058,0.12086699042189039,0.11267656956755802,0.11009586269515226,0.08460690475883625,0.08413765339746038,0.052594851201341254,0.03062026189404805,0.040669637302093914,0.007035522298417961,0.007305012410420961,-0.023289302834506944,-0.010807332654145012,-0.02027739662027453,-0.023119548886984424,-0.030128201795356302,-0.050090592749295865,-0.012621451037153647,-0.0517348590234603,-0.01154958306988774,-0.03267016571240981,-0.026759363054202866,-0.023929362931011736,-0.025758954519091923,-0.014287874217375955,-0.019994722890929996,-0.009543239292111887,-0.010080948197053729,-0.003453272534436627,-0.0039216298735069086,-0.010396240613974244,0.0073074410862363805,0.008247308111435479,-0.008050294808400912,-0.0001000238210225185,-0.003975747352424376,-0.01619696764811731,-0.007065727764161265,-0.00896062501813616,-0.02040010701000011,-0.01924895053808465,-0.014743670814718224,-0.012027875124314054,-0.013835779036212926,-0.02201483424076622,-0.01952903959759339,-0.014440377748137119,-0.003906464721416026,-0.01183185587896352
20170330.Fly1.1,1871.0,0.08341758842100677,-0.13554038647510303,0.12385870225386535,0.06767076491120488,0.0826800773952513,0.13539878708369185,0.09816236261035481,0.1499909498275158,0.10039894124789288,0.12395864188711614,0.0634485395756165,0.12475779575982011,0.08558071862518597,0.10465742523447633,0.07393430505123767,0.11132065561001506,0.06888789565195629,0.10759444297557105,0.03540862069142285,0.09571669943957237,0.04763776723845224,0.05432514692303087,0.05016688862361922,0.02442744341238071,0.03103702930684355,0.020728594949130336,-0.0014066996341005958,-0.01100595097691676,-0.005220037062406764,-0.08755092409957022,0.01823491551753512,-0.11126236795242363,-0.004214959176254071,-0.14995678739805293,-0.07342698711540349,-0.1432911619652216,-0.14749471286439958,-0.11337918820374748,-0.21865187453732354,-0.18164610815543536,-0.24724399993313523,-0.2064678276148278,-0.23049507146675816,-0.21894635861726378,-0.24721569148158978,-0.25114484321745556,-0.262643030084711,-0.28583915653068126,-0.21822234607597443,-0.30701554903552025,-0.23080414501632157,-0.26761443496011517,-0.21428518507543043,-0.3041991172850352,-0.22698318362147085,-0.24937851334288555,-0.2380424994791311,-0.23358123995814242,-0.25175641886109756,-0.22032349485695776,-0.23399058698447436,-0.2394869020172589,-0.20436913930990966,-0.21621116094846976,-0.21471180455809885,-0.16670956457280955,-0.2237970992224571,-0.19617756307466622,-0.1818667691865181,-0.1865617167646618,-0.17261911061553542,-0.20083912350460748,-0.13311470684107196,-0.1749664648660426,-0.16278131764905482,-0.12846306950969735,-0.16464540751150533,-0.1420417095108432,-0.13421811369500639,-0.11629070110840072,-0.12012613666803629,-0.09930285378260384
20170330.Fly1.2,1757.0,0.04838859599601464,-0.19754112793897072,0.04305346294240093,0.032243987752185836,0.04936058966345519,0.08655121586809837,0.06318886113256524,0.06934876892180986,0.0633886191737087,0.07032319304587703,0.09172159911284569,0.053814801518854455,0.07682696459775509,0.077122823202131,0.0776512296576588,0.0884345790843768,0.0974119104418482,0.07864771392572692,0.08794878834336559,0.09528471883026542,0.09578664433714104,0.08209576091814788,0.09177635086196474,0.06862499153879502,0.07333562114841197,0.07843934460416162,0.05586134607517257,0.0915969735386433,0.050119010698450255,0.05076051000409344,0.06837612775735984,0.02593402870673292,0.02686593923688237,0.029805379587335572,0.01794394926663678,0.016438311466217846,0.033121190062436565,-0.013654729093561356,-0.005702607968411412,0.005297589370684082,-0.02429105138341643,-0.004724206714091225,0.03739587303266365,-0.019073489844083347,0.0076738086992265845,-0.0205228765478686,0.010375681738133032,0.022312791431959335,-0.053493257907545284,0.032320025579005485,-0.03132240522563852,0.01904600297911891,-0.009937094535793719,0.0278845359778938,-0.03271132452864295,0.025725576851938967,-0.010435322652191385,-0.002568959507135765,0.0180884286404486,-0.00742722215164357,-0.023429976055716367,-0.009853445372960757,-0.00022164931574052572,0.02171286734221371,-0.006377082843654832,0.011600823282958035,-0.015068866850651737,-0.006972862319757862,0.030003845054792817,0.0062826552400566775,-0.015163369589638223,0.016543325343203987,-0.011361371498894735,0.028055989024530388,-0.011156100860022703,0.013295059452958623,0.03992132736513769,-0.030703654154614086,0.013279318843584399,0.001911383439045719,-0.00421028667431053,-0.01353886988681191
20170331.Fly1.1,0.0,NaN,NaN,NaN,NaN,NaN,NaN,NaN,NaN,NaN,NaN,NaN,NaN,NaN,NaN,NaN,NaN,NaN,NaN,NaN,NaN,NaN,NaN,NaN,NaN,NaN,NaN,NaN,NaN,NaN,NaN,NaN,NaN,NaN,NaN,NaN,NaN,NaN,NaN,NaN,NaN,NaN,NaN,NaN,NaN,NaN,NaN,NaN,NaN,NaN,NaN,NaN,NaN,NaN,NaN,NaN,NaN,NaN,NaN,NaN,NaN,NaN,NaN,NaN,NaN,NaN,NaN,NaN,NaN,NaN,NaN,NaN,NaN,NaN,NaN,NaN,NaN,NaN,NaN,NaN,NaN,NaN,NaN
20170331.Fly1.2,0.0,NaN,NaN,NaN,NaN,NaN,NaN,NaN,NaN,NaN,NaN,NaN,NaN,NaN,NaN,NaN,NaN,NaN,NaN,NaN,NaN,NaN,NaN,NaN,NaN,NaN,NaN,NaN,NaN,NaN,NaN,NaN,NaN,NaN,NaN,NaN,NaN,NaN,NaN,NaN,NaN,NaN,NaN,NaN,NaN,NaN,NaN,NaN,NaN,NaN,NaN,NaN,NaN,NaN,NaN,NaN,NaN,NaN,NaN,NaN,NaN,NaN,NaN,NaN,NaN,NaN,NaN,NaN,NaN,NaN,NaN,NaN,NaN,NaN,NaN,NaN,NaN,NaN,NaN,NaN,NaN,NaN,NaN
20170331.Fly2.4,713.0,0.28504208378998386,-0.452450322615763,-0.06391347309923488,-0.09030418329308705,-0.08700681994975637,-0.0944304035410861,-0.11532674506692778,-0.10122547911526485,-0.11068192151916703,-0.13093775967603605,-0.14116854609100124,-0.16048149397511696,-0.14523322807323352,-0.13303134447355594,-0.15362317265200168,-0.12631418855566057,-0.17918254945577458,-0.13529191962879622,-0.1805422487073458,-0.14566352481677886,-0.1376589939886759,-0.187253922749941,-0.15486993546954578,-0.1628309903380857,-0.10916537989223793,-0.15881253815182556,-0.12880673389915523,-0.1451268388178099,-0.07796405905357479,-0.12195566777899126,-0.09368685748949038,-0.10276267183242727,-0.10238416744559052,-0.08008956362185321,-0.03742016510351504,-0.06947312417168232,-0.05295442128398242,-0.08249941613136141,-0.041807011278627175,-0.02127547637336672,-0.09703435997724567,-0.08014246588137525,-0.08426929997141594,-0.019846196649815462,-0.06034656812895731,-0.045279677615232106,-0.09208937598623859,-0.06371147029172715,-0.09465734910830037,-0.05703070671271539,-0.06983963737215522,-0.0738289223035361,-0.10002481141518897,-0.059694006883343885,-0.07284086146231585,-0.07552827024687227,-0.13034613021179237,-0.019454799111296203,-0.11251618761154615,-0.018161000819900342,-0.11670999856205128,-0.03534456793234041,-0.011176538414837109,-0.08636155653365615,0.006188658690331677,-0.03430336490468032,-0.011755301225768192,-0.012498126086436766,0.03572691970862617,0.05462838758974554,0.06585173361063097,0.06052022001840327,0.08607552847748098,0.07206399922022295,0.11325058939458373,0.08880552681202389,0.13702132305555484,0.11973536117711628,0.10665280163350117,0.06038735333637834,0.11774723628175984,0.09378566523156226
20170331.Fly3.2,235.0,0.21478760123577834,NaN,-0.06139871940801212,-0.06587019009856074,-0.019446024416490616,-0.037147682835362086,-0.05703256443378639,-0.012970174663878845,-0.0250770116540733,-0.03269900991369035,-0.0010324233317078498,-0.05704699077644721,-0.03185257752204502,-0.01816082696952142,-0.006062071839745041,-0.06633536479215224,-0.025192844586241277,-0.013131873189616096,-0.030828452408245322,-0.031051389532773983,-0.019831696776384234,0.0014217631858072753,-0.045798187880824986,-0.01371672642940848,-0.050693966319856426,0.006946750566663634,-0.023453300869068706,-0.008762366821909728,-0.04369447205122287,-0.0483067777700326,-0.0642241317852781,-0.009497401474801916,-0.03177056441052621,-0.051264560971595215,-0.015323870385869184,-0.0015233907512493833,-0.034131027409252286,-0.01557874047238003,-0.03938740235788914,-0.040804419273244186,-0.022684255049340712,0.010488885802022608,0.006607062868156101,-0.004147892717127599,-0.01687288229992543,0.019708196097034773,-0.002668560205952672,0.019466216653840483,0.009785747373831987,-0.006858525839901923,0.011796249309450047,-0.00872740409862815,0.024803065204852773,0.01657913631028429,0.01233749837238014,0.008706492432360512,0.03453904019173292,0.012898589475804408,-0.013763521194114036,0.04049945892415436,0.016753268755777363,0.013628370364158574,-0.015920156659145854,0.044801471078904656,0.009899391004452803,-0.011634451529481884,0.0014443065500579525,0.018433159571334165,0.021232501760470927,0.017568877899447152,0.038557847597154554,0.019513306311406513,0.009438569343099522,0.039200652224697694,0.037797340555749015,0.013911526451337052,-0.0037125380309482488,0.02459070641185218,0.013479131102080114,0.009378115297285695,-0.01544632455333383,0.0441236675214774
20170428.Fly1.1,431.0,0.14573078844453746,-4.44437243782362,-0.029836494023998683,-0.03164223396453092,-0.08507253599261183,0.005583369308850283,-0.05802179327925521,-0.06934733073787648,-0.04216288846490046,-0.0020937458479342724,-0.04756327133633641,-0.02946733534286043,-0.06817232208037732,-0.045736121524290144,-0.09368091314830736,-0.0754509900389131,-0.12773432797042616,-0.10956440357123946,-0.1671343513210478,-0.09673428770809095,-0.09640551787911217,-0.07381905151821955,-0.14019732067736315,-0.151348414528831,0.026230871054669064,-0.0707139575747282,-0.12829299854953335,-0.03193266911399206,-0.05950311789127605,-0.016403610427256646,-0.08502788979252786,-0.07887698224825973,-0.05893050179391754,-0.061166208673912585,-0.06400438999350402,-0.1178667982005969,-0.05424557531442205,-0.07102690475221698,-0.07693355713800995,-0.06129199359942298,-0.012126528390136325,-0.06092553753967188,-0.015257430344590307,-0.03033069604216265,-0.02432026691498604,-0.016169503643691477,-0.04195017543963084,-0.014223986708106321,-0.004388414287388308,-0.07574837782573127,0.014231572752087845,-0.06272458492655018,-0.09250912240080397,-0.037663236511571885,-0.07215696886079792,-0.1123962560422247,-0.06348116611484125,-0.0911182545301101,-0.09129335971493509,-0.13693419617260116,-0.1142825145506415,-0.15567659429636455,-0.1281477187566732,-0.14747212242969351,-0.16129467686087523,-0.1059984297079492,-0.11531215009781118,-0.1017349642074627,-0.10684824231612441,-0.09673530806655257,-0.07448647924112696,-0.09890148552772073,-0.051780463822819006,-0.10672999673361791,-0.11104589930545172,-0.07889516352523437,-0.09919814199561862,-0.05001931414126789,-0.0992234426268463,-0.0938008272102849,-0.03225029978509015,-0.08988106592516304
20170428.Fly1.2,1589.0,0.05627918324379266,-0.2210591792315011,-0.009860791152365933,0.0040393370255064585,-0.01447362739262549,0.011116162979010837,-0.00538015587447282,0.008128865770155057,0.006130856254608925,0.010781865404312016,0.00358874225472333,0.025337057745529842,0.015701804885196416,0.03550511857231866,0.0457544987545946,0.027879078096506776,0.029009746234332414,0.03736350050610336,0.04026044016362916,0.022867477331430127,0.04532512154994387,0.00883263223459435,0.022342012510046177,0.006373796094409349,0.024216356619097986,-0.01001308729085414,-0.002588819084519349,0.0009207228165838445,-0.019266210267111766,-0.028861753030912297,-0.039384161640104394,-0.048579384533474226,-0.05186769155738265,-0.07583004783720604,-0.07533357755177507,-0.08964119095536796,-0.08404192843628348,-0.1046309097626088,-0.08908470901713257,-0.08173303656543794,-0.07241871860841571,-0.059778979949681586,-0.08125463190615505,-0.07048625572407442,-0.0812967756665163,-0.07903532828373348,-0.05440993814139781,-0.07582616155627758,-0.06907470734599769,-0.07165184732702432,-0.07097711343419431,-0.05993139424207431,-0.05313093997428895,-0.053990246065526805,-0.04582958767631035,-0.03782495312663922,-0.027549396507497027,-0.03845875272963984,-0.01062590780874879,-0.039380991729618994,-0.019442057922864662,-0.03764493992004367,-0.018050015777541464,-0.04923973424233955,-0.028861286704578958,-0.0195080090386232,-0.056039254399115515,-0.05222435518456283,-0.044883270403851094,-0.06340517285013023,-0.05160431709630696,-0.051389987291824625,-0.04273133965606138,-0.06423661184864032,-0.03721681793584351,-0.035695804320474964,-0.014778067345714652,-0.04867559856518105,-0.015323785986179348,-0.014139299422698088,-0.023923669283870023,-0.009286311849257076
20170428.Fly1.7,129.0,0.7230447986742061,NaN,0.02901448109026683,-0.5423445648862601,-0.32434462746091125,-0.24343001469386463,-0.06560548870148789,-0.19891558229385248,-0.3845286596359403,-0.21349125244622896,-0.3860577964438411,-0.14797066419863455,-0.1314211183496471,-0.055478003117320124,-0.14643772957315956,-0.4046009829879242,0.06815303886282459,0.03575024191384321,-0.11568874925269187,0.0740898838678269,-0.1370575728644534,0.11118968139424815,0.07571597837705599,-0.17404150757974857,0.1040262325421986,0.10224272031621817,0.3909094919205729,0.2512656241940088,0.19189846802403032,0.08044371204216902,0.47275002939631167,0.3901727998930754,0.2943287088452123,0.20553437486183115,0.23072601998911824,0.05507991630829412,0.1586961680687019,0.15874013424936906,0.22777035288836095,0.18455843719392362,0.09440980452366038,0.041657457854883534,0.19082910453425217,0.2004765422232534,0.1893217956417828,-0.03320463480751422,0.11067130972387856,0.060321870625235946,0.0912069234630993,-0.1644735391798829,-0.08431132003403807,-0.15570661647823592,-0.31147979001854936,-0.19393034475068519,-0.2356238780662832,0.010235146167906245,0.05916293838699449,-0.24459717445789822,-0.18284873122473752,-0.12312011516583732,-0.052492636655579045,-0.01707611062370909,0.00845771824407654,-0.11884762793560594,-0.10728905697975313,-0.09834471598682688,-0.17121137280703275,-0.17883996984151007,-0.016075938134070482,-0.2206995739885773,-0.0998420018393637,0.029082213971538443,0.008725238986251771,0.09816498743293117,0.023601142264681865,0.02681351781710091,0.13461550852499773,0.22205362121067757,-0.03048524954172071,0.136557063479772,0.21223934069747535,0.3311817090669584
20170428.Fly2.1,1309.0,0.13007801140142905,-0.20132084139802675,-0.03715385686863415,-0.019948738824264962,-0.0372668095523859,-0.030985830101939726,-0.03324748683674685,-0.03338223050056154,-0.0403617241849598,-0.03541136337919708,-0.04963667967949394,-0.027677837922197183,-0.03795285008710461,-0.03792809208779684,-0.0385204174705363,-0.0351497856839475,-0.03226479225547335,-0.024293198607603685,-0.016912878404253907,-0.029205205416230152,-0.02516875745040386,-0.024459389776794297,-0.019170989084003758,-0.00735000356384289,-0.02463309674358264,-0.018982230330861057,-0.013797067062266657,-0.0181313345249684,-0.019557192078543187,-0.01841334843365873,-0.002037517780686223,-0.029621805359935277,-0.010599318966006868,-0.02585170468054249,-0.009817673742975465,-0.014261756562631813,-0.018796728551463363,-0.03358969014476372,-0.014290763099793897,-0.020697332802902237,-0.03203042616794223,-0.03369617577069851,-0.035467055470633,-0.017895693964708914,-0.04250252351479161,-0.026883722268291225,-0.030931143089309644,-0.03206192374662144,-0.023419061441926712,-0.016262438518271992,-0.032726247851763035,-0.0336393151445657,-0.038170275327056406,-0.047248838756718564,-0.04384898174241662,-0.026406810405433297,-0.04137190626735818,-0.032792490304774984,-0.04083234026475221,-0.04003583814988855,-0.03724232684026867,-0.035198513314366395,-0.03837603484969265,-0.03982608794400752,-0.044990283108830235,-0.03514040722556278,-0.022651941332461234,-0.04317360200821946,-0.01708798551715626,-0.04383932249946405,-0.019276865912246827,-0.06131699260511216,-0.03353473815162452,-0.04336906299263045,-0.053065441391170934,-0.041228370739973375,-0.028790182876817824,-0.05806931373763247,-0.011073332266768744,-0.05843671605592994,-0.034394252427047065,-0.035267151612123876
20170428.Fly2.2,1689.0,0.22191561000273585,0.010511549324234037,-0.05720125516100816,-0.02220847514742541,-0.036586317174578296,-0.04189391099075297,-0.05187405665736408,-0.04447042648600731,-0.05323550932658842,-0.03473533660763264,-0.026759552671355713,-0.043484651987868154,-0.004701213305126016,-0.010801648113275233,-0.022471926423082426,-0.021127360725593416,-0.013049572784003543,-0.03100868523775412,-0.02327356788885787,-0.024622719278927632,-0.03951607306888885,-0.004889550399192793,-0.038020281824504176,-0.014502481981479794,-0.03276273346188531,-0.030772250364423333,-0.015132204291227946,-0.03171382010697228,-0.03669620783699104,-0.03316416482449497,-0.033428841284699716,-0.026752331007657663,-0.051222301904070545,-0.03421906325151117,-0.04691887718875393,-0.035505032383102195,-0.034730051738412794,-0.059611986567731576,-0.027700083473906324,-0.025732775382753495,-0.054175454081095434,-0.03474998431933539,-0.04713668089159313,-0.032539235435656066,-0.0597730389554807,-0.03946737421633091,-0.059209688945272676,-0.041428294480918476,-0.04293759926442238,-0.04128917580277287,-0.0482866079104092,-0.029537166570236268,-0.05827278186488055,-0.042803410286348084,-0.05756766421027584,-0.04258502628626705,-0.03388525888160818,-0.045364058951681295,-0.04096377888701916,-0.04929240106951754,-0.03183520983820334,-0.04665096195031306,-0.026441030309767036,-0.042794256423832194,-0.03028724367722923,-0.02335179878078978,0.0014983089439696935,-0.02629730806117621,-0.006507366905696987,-0.01711088868442804,-0.00033437008868356707,-0.011464967666074154,-0.0023427639821124464,-0.010491272228072545,-0.0019086131496843396,-0.011524532465837015,-0.002333313198891303,-0.019289060815572058,-0.011474318478777848,-0.016300756717517576,-0.02033482847949048,-0.02477404265183989
20170428.Fly2.6,1363.0,0.0597333981672582,-0.2791014133040002,-0.0023335506492644037,0.02049957197173194,0.0009052161891475279,0.012139225944063485,0.0013503545872873889,0.002035984615662588,-0.005051007476634669,0.004148810198835285,0.007255511657685112,0.008480837280449984,-0.004828704145089093,-0.0007704854790775923,0.012418614028792251,0.005352154986756388,0.015298932190465126,0.010755327061462478,0.007369318608059727,0.01840366939715351,0.006396635731101986,0.0073728752506209295,0.011274825406829725,0.029687002293349987,0.020820975113233796,0.01757216161592104,0.03119310661588868,0.023562252419322256,0.0292778628767881,0.020147346425320824,0.020564643578877356,0.007043606238336629,0.016845154492544034,0.0009679607152254014,-0.0013938497273591364,-0.009057836022517102,-0.01222011976667252,-0.008426417275034542,0.0037279178012570714,0.0023598614795374163,-0.004006466455867479,-0.01941494310417794,-0.006890349584747565,-0.03013885299278238,-0.017599711010525206,-0.03152304682730548,-0.025989189632855653,-0.03626419041504795,-0.033038650763464156,-0.021329864618834023,-0.029895449582249208,-0.025595268853066948,-0.024060005068776223,-0.013203172913285963,-0.01802859560393235,-0.02008207633402095,-0.017059635595420914,-0.011787847102813737,-0.003563318570451086,-0.008990922938316584,0.0011311502537616445,-0.017664460102237725,-0.00358014173575088,-0.008196376778516075,-0.012734492441980466,-0.013376654885626307,-0.02054218270012688,-0.014360445684326735,-0.016048370458831028,-0.011127687002844418,-0.023887614364020066,-0.02336286493830581,-0.011128970421059911,-0.03134198852035351,-0.02069729223747961,-0.03985676857865532,-0.030077644370886905,-0.027062808730088667,-0.03218696409213776,-0.02359972571757621,-0.03332732071008434,-0.02984819300812295
20170428.Fly3.1,1409.0,0.11255694562442342,-0.1931650635384543,-0.0025376204206270236,0.0075239968527811875,-0.004714030605835518,0.0029215639452779317,-0.02600097726835753,-0.012258929090329392,0.00042674534006793656,-0.00692483205566145,-0.0038069063320155462,-0.022980424015997453,0.012069663264534736,-0.03700188628002881,-0.014557037314969793,-0.0017007102408486009,-0.015765528607994267,0.006476091281854696,-0.006410725482178439,0.011428985530085591,0.01061615841887714,0.0025752126043593546,-0.019033845996825782,0.0005832532966361026,-0.011326037417432676,0.004829776161696036,-0.020723641723686667,-0.008532999995768871,-0.015534531669564113,-0.015019596620080105,0.012601593796284435,-0.022817210665663532,-0.017709981348945518,-0.04174200118692842,0.0002892596458918435,-0.0045738633419289305,-0.01994452285788557,-0.007311420043919989,-0.002923481325334293,-0.007844749111331602,0.03374365553634938,0.013262752768615209,-0.013103102906580129,0.007441923105382714,0.007802589830032767,0.006474038675562862,0.0025712268297181564,0.00539403910818218,0.025661036183620686,-0.027388190630861786,-0.00483795965481058,-0.010987058600717366,-0.007339638299009405,-0.00836100107237484,-0.0036183544497759915,-0.005345353313374166,0.007308326822785337,-0.023830663877449147,0.00459723023157811,-0.01818528672077136,-0.009856050712305695,-0.019425773666116287,-0.03405698370394201,0.007840763442644708,-0.0375370150375101,-0.012007894627418574,-0.034520919869921875,-0.014329763609892134,-0.02981940219799628,-0.0022260424179328976,-0.028608920267339653,-0.0445007098294232,-0.02203155528651663,-0.02369663313635475,-0.018692334462806683,-0.014279520994733706,-0.016846523888923964,-0.01845982425595281,-0.015207514853760123,-0.0135893050636913,-0.029842691737909113,-0.010894956748734115
20170428.Fly3.2,1504.0,0.17121512303768738,-0.09050641705567442,-0.004802431580841579,0.04079534238277133,0.019344816810281096,0.012024310621702146,-0.018428606795710956,0.02559029188089513,0.0015455429860530539,0.003790733935359264,0.02552174644691934,-0.006473324363043764,0.023939616018411998,-0.009968206209298364,0.027275038148864346,-0.012280922778822643,0.023835619251981584,0.00015074648409262037,0.0040217415858668,-0.026146180801315772,0.010962987460551986,0.011449592650056661,-0.0034948951352805485,-0.013097999581968146,0.004402476201640219,0.011767984528048945,0.0014748227061028834,0.019997854832925627,0.02828373362297336,-0.006551923450230828,-0.004213645201192183,0.039016976617153594,-0.009266060412109353,0.02764315654764896,0.02338394963202276,0.017114230280397744,-0.004468462793790946,0.050477237406565775,0.0007595971500084578,0.017813051129165265,0.01767220731800273,-0.008040764326902343,0.016280337497458053,0.02988816073164194,0.03973439402301094,-0.009024686757064158,0.043461539509596206,-0.026440905163292984,0.010703025159292247,0.017710012090700177,0.016742741112050076,0.022723893524448962,-0.006998672456950312,0.030409813321757906,0.006602948200926658,-0.0007846786271432232,0.027140217791577118,0.008251300511586714,0.02868711447420086,-0.012541943768141177,0.03369427757060345,0.021720859392445953,0.04395016049220868,0.021368541654951896,0.03053431754411534,0.0318608575630457,0.03398944375306052,0.02688635283485513,0.031243743835817052,0.0556363700565286,0.03867403262645473,0.05108719956180728,0.01076684858884074,0.05239807965440916,0.018277259860028223,0.03946769138800334,0.02432615162945647,0.014914225646891403,-0.005768400324840526,3.521780214466724e-05,-0.000453932166086482,0.03385686171177535
20170428.Fly5.1,0.0,NaN,NaN,NaN,NaN,NaN,NaN,NaN,NaN,NaN,NaN,NaN,NaN,NaN,NaN,NaN,NaN,NaN,NaN,NaN,NaN,NaN,NaN,NaN,NaN,NaN,NaN,NaN,NaN,NaN,NaN,NaN,NaN,NaN,NaN,NaN,NaN,NaN,NaN,NaN,NaN,NaN,NaN,NaN,NaN,NaN,NaN,NaN,NaN,NaN,NaN,NaN,NaN,NaN,NaN,NaN,NaN,NaN,NaN,NaN,NaN,NaN,NaN,NaN,NaN,NaN,NaN,NaN,NaN,NaN,NaN,NaN,NaN,NaN,NaN,NaN,NaN,NaN,NaN,NaN,NaN,NaN,NaN
20170428.Fly5.2,0.0,NaN,NaN,NaN,NaN,NaN,NaN,NaN,NaN,NaN,NaN,NaN,NaN,NaN,NaN,NaN,NaN,NaN,NaN,NaN,NaN,NaN,NaN,NaN,NaN,NaN,NaN,NaN,NaN,NaN,NaN,NaN,NaN,NaN,NaN,NaN,NaN,NaN,NaN,NaN,NaN,NaN,NaN,NaN,NaN,NaN,NaN,NaN,NaN,NaN,NaN,NaN,NaN,NaN,NaN,NaN,NaN,NaN,NaN,NaN,NaN,NaN,NaN,NaN,NaN,NaN,NaN,NaN,NaN,NaN,NaN,NaN,NaN,NaN,NaN,NaN,NaN,NaN,NaN,NaN,NaN,NaN,NaN
20170428.Fly5.7,333.0,0.36170325279319837,NaN,-0.13481719624994382,-0.17851569270730988,-0.23782304320724584,-0.19746903369149113,-0.2252805063165143,-0.30690388134123114,-0.270306704094738,-0.41236836165140556,-0.3099763981830762,-0.420606759932752,-0.38694064617195706,-0.48926334994622583,-0.4287777430164228,-0.5001272656599907,-0.34825606150159105,-0.6162368439688439,-0.3316748200800519,-0.6026724818354253,-0.40197970164168556,-0.5220607480103132,-0.4552172469152473,-0.4704570267458943,-0.4081208948513879,-0.5106424116674243,-0.4024845192769485,-0.4597665690454846,-0.45380033444233414,-0.4365521080781302,-0.4409393755157136,-0.40028860089195234,-0.47483370576296874,-0.4155985680998191,-0.4499038796969946,-0.3911510621365415,-0.40108454866169296,-0.4138477636625092,-0.48699831905469987,-0.43681178987620906,-0.4222065031872924,-0.42738259578904214,-0.48976131772572445,-0.47441775437572503,-0.5156390270310788,-0.41868061374905957,-0.5880543669423415,-0.44057306920248945,-0.6172781223336261,-0.39601000781639767,-0.5580427895577513,-0.37943671854638145,-0.480506118876848,-0.2813734606275045,-0.46519000743391425,-0.28984154120465616,-0.2884204870029367,-0.22265615462866564,-0.32813548915520246,-0.22558420850164795,-0.1511100007125681,-0.2542731693834359,-0.15983167214353153,-0.2146526467582303,-0.13215326327442184,-0.16436969929937612,-0.15628884791221262,-0.1440465423425544,-0.11875263351732494,-0.10654603160818527,-0.14043309417929478,-0.07051428217447406,-0.0785594718648922,-0.07721994415744848,-0.11037792841190032,-0.054658217935255195,-0.07143735253542965,-0.09949068852273357,-0.047553187945093764,-0.08665482972588864,-0.035278639286944184,-0.06702126073151209
